4050.14
4048.59
4046.4
4043.58
4040.12
4036.02
4031.26
4025.85
4019.78
4013.04
4005.62
3997.52
3988.72
3979.22
3969.01
3958.07
3946.39
3933.97
3920.78
3906.82
3892.08
3876.53
3860.17
3842.99
3824.96
3806.07
3786.31
3765.67
3744.13
3721.67
3698.29
3673.98
3648.71
3622.49
3595.29
3567.13
3537.98
3507.84
3476.72
3444.62
3411.53
3377.47
3342.45
3306.48
3269.59
3231.79
3193.11
3153.6
3113.28
3072.2
3030.42
2987.98
2944.95
2901.4
2857.39
2813
2768.32
2723.43
2678.41
2633.37
2588.38
2543.56
2498.99
2454.77
2411
2367.77
2325.19
2283.33
2242.3
2202.18
2163.04
2124.98
2088.06
2052.36
2017.93
1984.84
1953.13
1922.86
1894.06
1866.77
1841.02
1816.81
1794.17
1773.1
1753.61
1735.68
1719.31
1704.47
1691.15
1679.32
1668.93
1659.97
1652.39
1646.14
1641.18
1637.46
1634.93
1633.53
1633.22
1633.94
1635.64
1638.25
1641.73
1646.02
1651.06
1656.8
1663.18
1670.16
1677.68
1685.7
1694.16
1703.02
1712.23
1721.75
1731.54
1741.55
1751.76
1762.11
1772.59
1783.15
1793.76
1804.4
1815.03
1825.63
1836.18
1846.64
1857.01
1867.25
1877.35
1887.29
1897.06
1906.63
1915.99
1925.12
1934.02
1942.66
1951.04
1959.14
1966.96
1974.48
1981.69
1988.58
1995.14
2001.37
2007.26
2012.81
2018
2022.83
2027.31
2031.43
2035.18
2038.57
2041.6
2044.27
2046.59
2048.56
2050.19
2051.48
2052.44
2053.08
2053.42
2053.46
2053.22
2052.7
2051.93
2050.91
2049.67
2048.21
2046.56
2044.73
2042.74
2040.59
2038.32
2035.93
2033.45
2030.89
2028.26
2025.59
2022.88
2020.15
2017.42
2014.7
2012
2009.34
2006.73
2004.17
2001.68
1999.27
1996.94
1994.7
1992.56
1990.52
1988.58
1986.75
1985.03
1983.43
1981.93
1980.54
1979.26
1978.08
1977
1976.02
1975.14
1974.33
1973.61
1972.96
1972.38
1971.86
1971.4
1970.98
1970.59
1970.25
1969.93
1969.62
1969.34
1969.06
1968.79
1968.52
1968.25
1967.97
1967.68
1967.39
1967.09
1966.77
1966.45
1966.12
1965.79
1965.45
1965.12
1964.79
1964.46
1964.15
1963.86
1963.59
1963.34
1963.13
1962.95
1962.81
1962.72
1962.68
1962.69
1962.75
1962.87
1963.06
1963.3
1963.61
1963.99
1964.43
1964.94
1965.52
1966.16
1966.86
1967.63
1968.45
1969.34
1970.29
1971.29
1972.34
1973.45
1974.61
1975.81
1977.06
1978.35
1979.68
1981.04
1982.45
1983.89
1985.37
1986.87
1988.41
1989.98
1991.57
1993.19
1994.84
1996.51
1998.2
1999.92
2001.65
2003.4
2005.17
2006.95
2008.74
2010.54
2012.34
2014.14
2015.95
2017.74
2019.52
2021.29
2023.04
2024.76
2026.44
2028.09
2029.69
2031.24
2032.74
2034.16
2035.52
2036.79
2037.98
2039.08
2040.07
2040.96
2041.74
2042.4
2042.94
2043.34
2043.61
2043.74
2043.73
2043.57
2043.26
2042.8
2042.18
2041.41
2040.48
2039.39
2038.15
2036.74
2035.19
2033.47
2031.61
2029.59
2027.43
2025.13
2022.69
2020.12
2017.43
2014.61
2011.68
2008.64
2005.51
2002.29
1998.99
1995.62
1992.18
1988.7
1985.18
1981.63
1978.06
1974.49
1970.93
1967.39
1963.87
1960.4
1956.99
1953.64
1950.37
1947.19
1944.11
1941.14
1938.28
1935.55
1932.96
1930.51
1928.21
1926.06
1924.07
1922.25
1920.59
1919.09
1917.76
1916.61
1915.62
1914.79
1914.14
1913.64
1913.3
1913.12
1913.09
1913.2
1913.46
1913.85
1914.38
1915.03
1915.8
1916.68
1917.67
1918.76
1919.95
1921.23
1922.6
1924.05
1925.58
1927.18
1928.84
1930.58
1932.37
1934.23
1936.14
1938.1
1940.12
1942.19
1944.3
1946.47
1948.68
1950.95
1953.26
1955.61
1958.02
1960.47
1962.96
1965.51
1968.1
1970.74
1973.43
1976.16
1978.94
1981.76
1984.63
1987.54
1990.49
1993.48
1996.5
1999.56
2002.65
2005.77
2008.91
2012.07
2015.24
2018.43
2021.62
2024.81
2027.99
2031.17
2034.32
2037.45
2040.56
2043.63
2046.65
2049.63
2052.56
2055.43
2058.23
2060.97
2063.63
2066.21
2068.7
2071.11
2073.43
2075.65
2077.77
2079.79
2081.71
2083.52
2085.23
2086.82
2088.3
2089.67
2090.93
2092.07
2093.1
2094.02
2094.82
2095.51
2096.09
2096.56
2096.92
2097.17
2097.31
2097.35
2097.28
2097.11
2096.85
2096.49
2096.03
2095.49
2094.86
2094.15
2093.35
2092.48
2091.53
2090.52
2089.44
2088.3
2087.1
2085.85
2084.55
2083.2
2081.82
2080.39
2078.94
2077.45
2075.95
2074.43
2072.89
2071.35
2069.8
2068.25
2066.71
2065.19
2063.67
2062.18
2060.71
2059.28
2057.87
2056.51
2055.18
2053.91
2052.68
2051.5
2050.38
2049.31
2048.3
2047.36
2046.47
2045.65
2044.88
2044.18
2043.54
2042.96
2042.44
2041.98
2041.57
2041.21
2040.91
2040.66
2040.45
2040.29
2040.18
2040.11
2040.08
2040.09
2040.14
2040.22
2040.35
2040.51
2040.71
2040.94
2041.21
2041.52
2041.86
2042.24
2042.65
2043.1
2043.59
2044.11
2044.66
2045.24
2045.86
2046.51
2047.19
2047.9
2048.63
2049.39
2050.17
2050.98
2051.8
2052.64
2053.5
2054.37
2055.25
2056.14
2057.03
2057.93
2058.84
2059.74
2060.65
2061.55
2062.46
2063.36
2064.27
2065.17
2066.07
2066.97
2067.87
2068.77
2069.68
2070.59
2071.51
2072.44
2073.38
2074.33
2075.31
2076.3
2077.31
2078.35
2079.42
2080.52
2081.65
2082.82
2084.02
2085.27
2086.55
2087.89
2089.27
2090.7
2092.18
2093.72
2095.31
2096.95
2098.65
2100.41
2102.23
2104.11
2106.04
2108.04
2110.09
2112.2
2114.37
2116.6
2118.87
2121.2
2123.58
2126
2128.47
2130.97
2133.5
2136.06
2138.64
2141.24
2143.85
2146.45
2149.05
2151.63
2154.19
2156.72
2159.2
2161.63
2164
2166.3
2168.52
2170.65
2172.68
2174.6
2176.41
2178.09
2179.64
2181.06
2182.34
2183.46
2184.44
2185.26
2185.93
2186.43
2186.78
2186.97
2186.99
2186.87
2186.58
2186.14
2185.55
2184.81
2183.93
2182.9
2181.74
2180.44
2179.01
2177.46
2175.78
2173.99
2172.08
2170.06
2167.94
2165.72
2163.41
2161.01
2158.53
2155.98
2153.37
2150.69
2147.96
2145.19
2142.39
2139.57
2136.72
2133.87
2131.03
2128.19
2125.38
2122.59
2119.84
2117.14
2114.48
2111.88
2109.35
2106.88
2104.49
2102.17
2099.93
2097.77
2095.7
2093.71
2091.81
2089.99
2088.27
2086.62
2085.06
2083.59
2082.2
2080.89
2079.66
2078.52
2077.45
2076.45
2075.54
2074.7
2073.93
2073.24
2072.63
2072.08
2071.62
2071.23
2070.91
2070.68
2070.52
2070.45
2070.46
2070.56
2070.75
2071.03
2071.41
2071.88
2072.45
2073.13
2073.91
2074.8
2075.79
2076.9
2078.11
2079.44
2080.87
2082.41
2084.06
2085.82
2087.67
2089.63
2091.68
2093.82
2096.05
2098.35
2100.73
2103.18
2105.69
2108.25
2110.85
2113.5
2116.17
2118.86
2121.57
2124.28
2126.98
2129.67
2132.34
2134.97
2137.55
2140.09
2142.56
2144.96
2147.28
2149.51
2151.64
2153.66
2155.57
2157.36
2159.01
2160.53
2161.89
2163.11
2164.16
2165.05
2165.76
2166.29
2166.65
2166.81
2166.78
2166.56
2166.15
2165.53
2164.71
2163.69
2162.47
2161.05
2159.42
2157.61
2155.6
2153.39
2151.01
2148.45
2145.71
2142.82
2139.77
2136.58
2133.25
2129.8
2126.25
2122.6
2118.87
2115.07
2111.22
2107.34
2103.44
2099.53
2095.64
2091.78
2087.96
2084.2
2080.51
2076.91
2073.41
2070.03
2066.76
2063.63
2060.64
2057.8
2055.12
2052.59
2050.23
2048.03
2045.99
2044.13
2042.43
2040.89
2039.52
2038.31
2037.25
2036.34
2035.58
2034.97
2034.49
2034.14
2033.92
2033.83
2033.85
2033.98
2034.21
2034.54
2034.97
2035.48
2036.07
2036.74
2037.47
2038.26
2039.11
2040
2040.92
2041.88
2042.86
2043.86
2044.87
2045.87
2046.87
2047.86
2048.83
2049.77
2050.68
2051.55
2052.38
2053.16
2053.89
2054.58
2055.21
2055.78
2056.31
2056.78
2057.2
2057.57
2057.9
2058.18
2058.43
2058.64
2058.83
2058.99
2059.13
2059.26
2059.39
2059.51
2059.63
2059.76
2059.9
2060.05
2060.21
2060.4
2060.61
2060.84
2061.09
2061.37
2061.68
2062.02
2062.38
2062.78
2063.2
2063.66
2064.15
2064.67
2065.22
2065.82
2066.45
2067.12
2067.83
2068.59
2069.4
2070.25
2071.16
2072.13
2073.15
2074.23
2075.37
2076.58
2077.85
2079.18
2080.58
2082.03
2083.55
2085.12
2086.74
2088.41
2090.12
2091.87
2093.64
2095.42
2097.22
2099.01
2100.79
2102.54
2104.27
2105.95
2107.57
2109.13
2110.61
2112.01
2113.31
2114.52
2115.62
2116.6
2117.47
2118.21
2118.83
2119.32
2119.69
2119.93
2120.05
2120.05
2119.93
2119.7
2119.36
2118.91
2118.37
2117.74
2117.03
2116.24
2115.38
2114.46
2113.48
2112.45
2111.38
2110.27
2109.13
2107.97
2106.79
2105.59
2104.39
2103.17
2101.96
2100.76
2099.56
2098.37
2097.2
2096.05
2094.92
2093.82
2092.76
2091.73
2090.74
2089.8
2088.91
2088.07
2087.28
2086.56
2085.91
2085.32
2084.8
2084.36
2083.99
2083.71
2083.5
2083.38
2083.34
2083.38
2083.51
2083.71
2084
2084.37
2084.82
2085.34
2085.93
2086.6
2087.33
2088.13
2088.99
2089.92
2090.9
2091.94
2093.03
2094.18
2095.37
2096.62
2097.91
2099.25
2100.64
2102.07
2103.55
2105.08
2106.66
2108.28
2109.95
2111.68
2113.45
2115.27
2117.15
2119.07
2121.05
2123.07
2125.15
2127.27
2129.45
2131.67
2133.93
2136.23
2138.57
2140.95
2143.36
2145.8
2148.25
2150.73
2153.22
2155.72
2158.22
2160.73
2163.22
2165.7
2168.16
2170.6
2173.02
2175.4
2177.74
2180.04
2182.29
2184.5
2186.65
2188.75
2190.78
2192.75
2194.66
2196.5
2198.27
2199.96
2201.58
2203.13
2204.59
2205.98
2207.28
2208.5
2209.63
2210.67
2211.63
2212.49
2213.26
2213.93
2214.51
2214.98
2215.35
2215.62
2215.78
2215.82
2215.76
2215.58
2215.28
2214.86
2214.31
2213.64
2212.84
2211.91
2210.85
2209.65
2208.31
2206.83
2205.21
2203.45
2201.56
2199.51
2197.33
2195.01
2192.55
2189.96
2187.23
2184.38
2181.39
2178.29
2175.07
2171.74
2168.31
2164.78
2161.17
2157.47
2153.7
2149.87
2145.98
2142.05
2138.09
2134.1
2130.1
2126.1
2122.11
2118.13
2114.19
2110.28
2106.43
2102.64
2098.92
2095.27
2091.72
2088.27
2084.91
2081.68
2078.56
2075.56
2072.7
2069.97
2067.38
2064.93
2062.62
2060.45
2058.43
2056.55
2054.82
2053.23
2051.77
2050.45
2049.26
2048.19
2047.25
2046.42
2045.7
2045.09
2044.57
2044.14
2043.8
2043.54
2043.35
2043.23
2043.17
2043.17
2043.22
2043.31
2043.45
2043.63
2043.85
2044.1
2044.38
2044.69
2045.02
2045.38
2045.76
2046.17
2046.59
2047.03
2047.48
2047.95
2048.44
2048.93
2049.44
2049.95
2050.47
2050.99
2051.52
2052.04
2052.57
2053.09
2053.61
2054.12
2054.63
2055.12
2055.61
2056.08
2056.55
2057
2057.44
2057.88
2058.31
2058.73
2059.14
2059.56
2059.97
2060.39
2060.8
2061.23
2061.66
2062.09
2062.53
2062.98
2063.43
2063.88
2064.34
2064.79
2065.23
2065.66
2066.07
2066.46
2066.83
2067.16
2067.46
2067.72
2067.94
2068.11
2068.23
2068.31
2068.33
2068.31
2068.24
2068.12
2067.96
2067.77
2067.54
2067.29
2067.01
2066.73
2066.43
2066.14
2065.86
2065.59
2065.35
2065.15
2064.99
2064.87
2064.82
2064.83
2064.91
2065.07
2065.32
2065.65
2066.08
2066.61
2067.24
2067.97
2068.81
2069.75
2070.8
2071.96
2073.21
2074.57
2076.02
2077.56
2079.2
2080.91
2082.69
2084.55
2086.46
2088.43
2090.44
2092.5
2094.58
2096.68
2098.8
2100.93
2103.05
2105.17
2107.27
2109.35
2111.4
2113.42
2115.4
2117.33
2119.22
2121.06
2122.85
2124.58
2126.25
2127.87
2129.43
2130.92
2132.37
2133.75
2135.08
2136.37
2137.6
2138.8
2139.96
2141.08
2142.18
2143.26
2144.32
2145.37
2146.42
2147.47
2148.53
2149.61
2150.7
2151.82
2152.96
2154.13
2155.33
2156.56
2157.83
2159.12
2160.45
2161.8
2163.19
2164.59
2166.02
2167.46
2168.91
2170.37
2171.84
2173.3
2174.76
2176.2
2177.63
2179.05
2180.44
2181.8
2183.13
2184.42
2185.68
2186.89
2188.05
2189.17
2190.24
2191.25
2192.19
2193.08
2193.9
2194.66
2195.34
2195.95
2196.48
2196.93
2197.29
2197.58
2197.77
2197.87
2197.88
2197.79
2197.61
2197.33
2196.95
2196.46
2195.87
2195.18
2194.38
2193.48
2192.46
2191.34
2190.11
2188.77
2187.32
2185.77
2184.1
2182.33
2180.45
2178.46
2176.37
2174.18
2171.9
2169.51
2167.03
2164.47
2161.82
2159.09
2156.29
2153.42
2150.49
2147.5
2144.48
2141.41
2138.31
2135.2
2132.07
2128.94
2125.82
2122.72
2119.65
2116.61
2113.62
2110.68
2107.8
2105
2102.29
2099.66
2097.12
2094.69
2092.37
2090.16
2088.07
2086.1
2084.26
2082.55
2080.97
2079.52
2078.19
2077
2075.94
2075.01
2074.21
2073.52
2072.96
2072.5
2072.17
2071.93
2071.8
2071.77
2071.82
2071.96
2072.19
2072.48
2072.85
2073.27
2073.76
2074.3
2074.88
2075.51
2076.17
2076.86
2077.58
2078.32
2079.07
2079.84
2080.61
2081.39
2082.17
2082.94
2083.7
2084.45
2085.18
2085.9
2086.59
2087.25
2087.88
2088.48
2089.05
2089.57
2090.06
2090.51
2090.91
2091.27
2091.58
2091.85
2092.07
2092.25
2092.38
2092.46
2092.5
2092.49
2092.45
2092.36
2092.24
2092.09
2091.9
2091.68
2091.44
2091.18
2090.9
2090.6
2090.29
2089.97
2089.64
2089.32
2088.99
2088.67
2088.36
2088.05
2087.76
2087.49
2087.23
2086.99
2086.78
2086.59
2086.43
2086.29
2086.19
2086.12
2086.09
2086.09
2086.13
2086.2
2086.32
2086.49
2086.69
2086.94
2087.23
2087.56
2087.94
2088.36
2088.82
2089.31
2089.84
2090.39
2090.98
2091.58
2092.2
2092.83
2093.46
2094.09
2094.71
2095.32
2095.92
2096.49
2097.03
2097.53
2098
2098.43
2098.82
2099.16
2099.46
2099.7
2099.91
2100.06
2100.17
2100.24
2100.27
2100.27
2100.23
2100.16
2100.07
2099.96
2099.84
2099.71
2099.58
2099.45
2099.33
2099.22
2099.14
2099.07
2099.04
2099.04
2099.07
2099.15
2099.26
2099.42
2099.62
2099.87
2100.16
2100.5
2100.88
2101.3
2101.75
2102.24
2102.76
2103.3
2103.86
2104.44
2105.04
2105.64
2106.24
2106.84
2107.43
2108.02
2108.59
2109.15
2109.69
2110.21
2110.71
2111.19
2111.65
2112.1
2112.52
2112.94
2113.34
2113.74
2114.13
2114.51
2114.9
2115.3
2115.7
2116.11
2116.54
2116.98
2117.43
2117.9
2118.38
2118.88
2119.38
2119.9
2120.42
2120.95
2121.48
2122.01
2122.53
2123.04
2123.53
2124.01
2124.46
2124.89
2125.29
2125.65
2125.99
2126.28
2126.54
2126.76
2126.94
2127.07
2127.17
2127.22
2127.23
2127.21
2127.15
2127.05
2126.92
2126.76
2126.58
2126.38
2126.15
2125.91
2125.66
2125.41
2125.15
2124.89
2124.63
2124.39
2124.16
2123.95
2123.75
2123.58
2123.43
2123.31
2123.22
2123.16
2123.13
2123.13
2123.17
2123.24
2123.34
2123.47
2123.63
2123.82
2124.03
2124.27
2124.52
2124.79
2125.07
2125.36
2125.65
2125.94
2126.22
2126.49
2126.74
2126.96
2127.16
2127.33
2127.45
2127.53
2127.56
2127.53
2127.44
2127.29
2127.07
2126.78
2126.41
2125.97
2125.45
2124.86
2124.19
2123.45
2122.65
2121.78
2120.86
2119.89
2118.88
2117.84
2116.79
2115.72
2114.66
2113.62
2112.6
2111.63
2110.72
2109.87
2109.1
2108.42
2107.84
2107.36
2107
2106.75
2106.61
2106.59
2106.69
2106.91
2107.22
2107.64
2108.16
2108.75
2109.42
2110.15
2110.93
2111.75
2112.59
2113.45
2114.3
2115.15
2115.97
2116.77
2117.52
2118.22
2118.87
2119.45
2119.96
2120.39
2120.75
2121.02
2121.21
2121.31
2121.33
2121.27
2121.12
2120.89
2120.58
2120.2
2119.75
2119.23
2118.65
2118.01
2117.32
2116.58
2115.8
2114.98
2114.14
2113.27
2112.39
2111.49
2110.59
2109.68
2108.78
2107.9
2107.02
2106.17
2105.35
2104.56
2103.81
2103.09
2102.43
2101.81
2101.26
2100.76
2100.32
2099.96
2099.66
2099.45
2099.3
2099.24
2099.27
2099.38
2099.57
2099.86
2100.23
2100.69
2101.25
2101.89
2102.63
2103.45
2104.35
2105.34
2106.41
2107.56
2108.78
2110.07
2111.42
2112.83
2114.3
2115.81
2117.37
2118.96
2120.57
2122.21
2123.87
2125.53
2127.19
2128.84
2130.48
2132.09
2133.68
2135.23
2136.74
2138.2
2139.61
2140.95
2142.23
2143.44
2144.56
2145.6
2146.55
2147.41
2148.17
2148.83
2149.37
2149.81
2150.12
2150.31
2150.38
2150.31
2150.11
2149.77
2149.29
2148.66
2147.87
2146.93
2145.82
2144.56
2143.12
2141.52
2139.74
2137.78
2135.65
2133.34
2130.85
2128.18
2125.34
2122.31
2119.11
2115.74
2112.2
2108.49
2104.63
2100.61
2096.45
2092.15
2087.73
2083.2
2078.56
2073.83
2069.02
2064.14
2059.22
2054.27
2049.29
2044.32
2039.37
2034.46
2029.59
2024.81
2020.11
2015.52
2011.06
2006.75
2002.6
1998.63
1994.85
1991.28
1987.93
1984.82
1981.94
1979.32
1976.97
1974.87
1973.05
1971.5
1970.23
1969.23
1968.5
1968.04
1967.85
1967.92
1968.24
1968.81
1969.62
1970.67
1971.93
1973.42
1975.1
1976.98
1979.05
1981.3
1983.71
1986.28
1989
1991.86
1994.86
1997.98
2001.21
2004.55
2008
2011.53
2015.16
2018.86
2022.64
2026.48
2030.38
2034.33
2038.33
2042.37
2046.45
2050.54
2054.66
2058.78
2062.91
2067.03
2071.14
2075.23
2079.29
2083.31
2087.28
2091.19
2095.03
2098.79
2102.47
2106.04
2109.51
2112.87
2116.09
2119.18
2122.13
2124.92
2127.56
2130.02
2132.32
2134.43
2136.36
2138.11
2139.66
2141.02
2142.19
2143.16
2143.94
2144.52
2144.92
2145.13
2145.15
2144.99
2144.66
2144.16
2143.49
2142.67
2141.69
2140.57
2139.31
2137.92
2136.4
2134.76
2133.01
2131.15
2129.19
2127.13
2124.99
2122.76
2120.45
2118.07
2115.61
2113.09
2110.52
2107.88
2105.2
2102.47
2099.7
2096.89
2094.06
2091.2
2088.33
2085.45
2082.56
2079.68
2076.82
2073.98
2071.17
2068.4
2065.69
2063.04
2060.46
2057.96
2055.56
2053.26
2051.08
2049.03
2047.11
2045.34
2043.72
2042.26
2040.98
2039.87
2038.95
2038.21
2037.67
2037.33
2037.19
2037.25
2037.52
2037.99
2038.65
2039.52
2040.59
2041.84
2043.29
2044.91
2046.71
2048.68
2050.81
2053.09
2055.51
2058.07
2060.76
2063.56
2066.46
2069.47
2072.55
2075.72
2078.95
2082.23
2085.55
2088.91
2092.3
2095.69
2099.1
2102.49
2105.87
2109.23
2112.56
2115.84
2119.08
2122.26
2125.38
2128.43
2131.4
2134.29
2137.1
2139.82
2142.45
2144.98
2147.41
2149.74
2151.97
2154.09
2156.11
2158.02
2159.84
2161.55
2163.16
2164.67
2166.09
2167.41
2168.64
2169.79
2170.86
2171.85
2172.76
2173.61
2174.39
2175.11
2175.77
2176.38
2176.95
2177.47
2177.96
2178.42
2178.85
2179.26
2179.64
2180.02
2180.38
2180.74
2181.1
2181.45
2181.82
2182.19
2182.57
2182.98
2183.4
2183.84
2184.31
2184.81
2185.34
2185.9
2186.5
2187.13
2187.8
2188.51
2189.26
2190.05
2190.88
2191.74
2192.65
2193.59
2194.56
2195.57
2196.6
2197.66
2198.74
2199.83
2200.93
2202.04
2203.15
2204.25
2205.34
2206.42
2207.48
2208.5
2209.5
2210.47
2211.39
2212.27
2213.11
2213.89
2214.63
2215.32
2215.95
2216.54
2217.07
2217.55
2217.99
2218.38
2218.73
2219.04
2219.32
2219.56
2219.78
2219.97
2220.15
2220.3
2220.44
2220.58
2220.7
2220.82
2220.94
2221.06
2221.17
2221.28
2221.39
2221.5
2221.6
2221.68
2221.76
2221.82
2221.85
2221.87
2221.84
2221.79
2221.69
2221.55
2221.35
2221.1
2220.79
2220.41
2219.96
2219.44
2218.85
2218.18
2217.43
2216.61
2215.7
2214.71
2213.64
2212.49
2211.26
2209.96
2208.58
2207.12
2205.6
2204.01
2202.36
2200.65
2198.88
2197.06
2195.18
2193.27
2191.31
2189.32
2187.3
2185.24
2183.17
2181.08
2178.97
2176.85
2174.72
2172.59
2170.45
2168.32
2166.2
2164.08
2161.97
2159.87
2157.78
2155.71
2153.64
2151.59
2149.56
2147.53
2145.52
2143.51
2141.51
2139.52
2137.53
2135.55
2133.57
2131.59
2129.61
2127.63
2125.64
2123.66
2121.68
2119.7
2117.72
2115.75
2113.79
2111.85
2109.92
2108.02
2106.15
2104.31
2102.52
2100.78
2099.1
2097.49
2095.95
2094.5
2093.15
2091.89
2090.75
2089.72
2088.82
2088.05
2087.41
2086.93
2086.58
2086.39
2086.36
2086.48
2086.75
2087.18
2087.76
2088.49
2089.37
2090.39
2091.55
2092.83
2094.24
2095.76
2097.38
2099.1
2100.91
2102.78
2104.73
2106.73
2108.77
2110.85
2112.95
2115.07
2117.19
2119.32
2121.44
2123.54
2125.62
2127.68
2129.71
2131.7
2133.66
2135.58
2137.45
2139.28
2141.06
2142.79
2144.47
2146.1
2147.66
2149.16
2150.6
2151.96
2153.23
2154.42
2155.52
2156.51
2157.39
2158.15
2158.78
2159.27
2159.61
2159.8
2159.83
2159.69
2159.38
2158.89
2158.22
2157.37
2156.34
2155.13
2153.74
2152.17
2150.44
2148.55
2146.5
2144.3
2141.97
2139.51
2136.94
2134.27
2131.51
2128.68
2125.79
2122.85
2119.87
2116.88
2113.88
2110.89
2107.92
2104.97
2102.07
2099.21
2096.42
2093.69
2091.03
2088.45
2085.96
2083.55
2081.24
2079.01
2076.89
2074.85
2072.91
2071.07
2069.32
2067.66
2066.09
2064.61
2063.21
2061.9
2060.66
2059.5
2058.42
2057.41
2056.46
2055.58
2054.76
2054
2053.3
2052.66
2052.07
2051.53
2051.05
2050.61
2050.23
2049.9
2049.62
2049.39
2049.21
2049.08
2049.01
2049
2049.04
2049.14
2049.3
2049.52
2049.8
2050.15
2050.57
2051.06
2051.62
2052.25
2052.95
2053.73
2054.58
2055.51
2056.52
2057.6
2058.76
2059.99
2061.3
2062.68
2064.13
2065.65
2067.24
2068.89
2070.59
2072.36
2074.17
2076.03
2077.93
2079.87
2081.84
2083.84
2085.87
2087.91
2089.97
2092.03
2094.1
2096.17
2098.24
2100.31
2102.36
2104.41
2106.44
2108.46
2110.46
2112.44
2114.41
2116.36
2118.29
2120.21
2122.11
2123.99
2125.85
2127.69
2129.52
2131.34
2133.13
2134.91
2136.68
2138.42
2140.14
2141.84
2143.52
2145.17
2146.8
2148.39
2149.94
2151.46
2152.93
2154.36
2155.74
2157.06
2158.33
2159.54
2160.69
2161.76
2162.77
2163.71
2164.58
2165.37
2166.09
2166.74
2167.31
2167.8
2168.23
2168.58
2168.87
2169.09
2169.24
2169.34
2169.38
2169.38
2169.32
2169.22
2169.07
2168.9
2168.69
2168.45
2168.19
2167.9
2167.6
2167.28
2166.94
2166.6
2166.24
2165.88
2165.51
2165.13
2164.75
2164.37
2163.98
2163.58
2163.19
2162.8
2162.4
2162.01
2161.62
2161.23
2160.86
2160.49
2160.13
2159.79
2159.46
2159.15
2158.87
2158.61
2158.37
2158.16
2157.99
2157.84
2157.73
2157.65
2157.61
2157.6
2157.62
2157.66
2157.74
2157.85
2157.97
2158.12
2158.28
2158.46
2158.65
2158.84
2159.03
2159.22
2159.41
2159.58
2159.74
2159.89
2160.02
2160.12
2160.19
2160.24
2160.26
2160.25
2160.2
2160.12
2160.01
2159.86
2159.67
2159.44
2159.18
2158.89
2158.56
2158.2
2157.8
2157.38
2156.93
2156.44
2155.94
2155.41
2154.85
2154.28
2153.69
2153.08
2152.46
2151.82
2151.17
2150.52
2149.85
2149.18
2148.5
2147.82
2147.14
2146.45
2145.77
2145.09
2144.41
2143.74
2143.07
2142.42
2141.78
2141.15
2140.53
2139.94
2139.36
2138.81
2138.29
2137.8
2137.34
2136.92
2136.53
2136.19
2135.89
2135.64
2135.44
2135.29
2135.2
2135.16
2135.18
2135.25
2135.39
2135.58
2135.82
2136.13
2136.49
2136.9
2137.36
2137.87
2138.43
2139.02
2139.66
2140.33
2141.03
2141.75
2142.5
2143.26
2144.03
2144.8
2145.58
2146.35
2147.12
2147.86
2148.59
2149.3
2149.97
2150.61
2151.22
2151.79
2152.31
2152.78
2153.21
2153.58
2153.91
2154.17
2154.38
2154.54
2154.64
2154.69
2154.68
2154.62
2154.51
2154.36
2154.15
2153.91
2153.63
2153.32
2152.97
2152.6
2152.21
2151.8
2151.38
2150.96
2150.52
2150.09
2149.66
2149.23
2148.82
2148.41
2148.02
2147.65
2147.28
2146.94
2146.6
2146.28
2145.97
2145.67
2145.37
2145.07
2144.77
2144.47
2144.15
2143.82
2143.46
2143.08
2142.66
2142.21
2141.72
2141.18
2140.59
2139.95
2139.24
2138.48
2137.64
2136.75
2135.78
2134.75
2133.64
2132.46
2131.21
2129.9
2128.51
2127.06
2125.55
2123.97
2122.34
2120.65
2118.9
2117.11
2115.28
2113.4
2111.48
2109.53
2107.56
2105.55
2103.53
2101.49
2099.44
2097.38
2095.32
2093.27
2091.22
2089.2
2087.19
2085.21
2083.27
2081.38
2079.53
2077.75
2076.04
2074.41
2072.87
2071.42
2070.08
2068.86
2067.76
2066.8
2065.97
2065.29
2064.77
2064.4
2064.19
2064.15
2064.27
2064.56
2065
2065.61
2066.37
2067.27
2068.31
2069.48
2070.77
2072.17
2073.65
2075.22
2076.85
2078.53
2080.24
2081.98
2083.71
2085.43
2087.12
2088.77
2090.36
2091.88
2093.32
2094.66
2095.89
2097
2097.99
2098.85
2099.56
2100.13
2100.55
2100.82
2100.93
2100.89
2100.69
2100.34
2099.84
2099.19
2098.39
2097.46
2096.38
2095.17
2093.84
2092.38
2090.8
2089.12
2087.33
2085.44
2083.47
2081.41
2079.27
2077.06
2074.79
2072.47
2070.1
2067.7
2065.27
2062.82
2060.37
2057.91
2055.47
2053.06
2050.67
2048.33
2046.05
2043.82
2041.68
2039.61
2037.64
2035.77
2034.01
2032.37
2030.86
2029.48
2028.24
2027.15
2026.2
2025.42
2024.79
2024.32
2024.02
2023.89
2023.92
2024.12
2024.49
2025.03
2025.73
2026.59
2027.62
2028.8
2030.14
2031.63
2033.27
2035.05
2036.97
2039.02
2041.2
2043.5
2045.92
2048.45
2051.07
2053.79
2056.6
2059.49
2062.44
2065.46
2068.53
2071.65
2074.79
2077.97
2081.16
2084.35
2087.54
2090.72
2093.87
2096.99
2100.06
2103.09
2106.05
2108.93
2111.74
2114.47
2117.09
2119.62
2122.03
2124.33
2126.51
2128.56
2130.48
2132.27
2133.92
2135.42
2136.79
2138
2139.07
2140
2140.77
2141.4
2141.89
2142.23
2142.43
2142.49
2142.41
2142.2
2141.86
2141.39
2140.81
2140.1
2139.29
2138.38
2137.37
2136.26
2135.08
2133.81
2132.48
2131.08
2129.64
2128.14
2126.61
2125.05
2123.47
2121.88
2120.28
2118.69
2117.1
2115.53
2113.99
2112.47
2110.99
2109.55
2108.15
2106.8
2105.5
2104.26
2103.08
2101.95
2100.89
2099.89
2098.95
2098.07
2097.26
2096.52
2095.84
2095.22
2094.66
2094.16
2093.72
2093.34
2093.01
2092.72
2092.49
2092.29
2092.13
2092
2091.89
2091.81
2091.74
2091.68
2091.61
2091.54
2091.46
2091.36
2091.23
2091.07
2090.87
2090.62
2090.32
2089.96
2089.55
2089.06
2088.51
2087.89
2087.2
2086.43
2085.59
2084.68
2083.7
2082.67
2081.57
2080.42
2079.23
2078.01
2076.76
2075.5
2074.24
2072.99
2071.77
2070.58
2069.44
2068.37
2067.38
2066.49
2065.7
2065.03
2064.49
2064.09
2063.85
2063.77
2063.85
2064.12
2064.56
2065.18
2065.99
2066.99
2068.18
2069.55
2071.1
2072.83
2074.74
2076.81
2079.04
2081.43
2083.96
2086.62
2089.42
2092.33
2095.35
2098.47
2101.68
2104.96
2108.32
2111.73
2115.19
2118.7
2122.23
2125.79
2129.36
2132.94
2136.51
2140.07
2143.62
2147.14
2150.63
2154.08
2157.48
2160.83
2164.12
2167.35
2170.5
2173.57
2176.56
2179.45
2182.25
2184.94
2187.52
2189.98
2192.32
2194.52
2196.6
2198.54
2200.33
2201.98
2203.47
2204.82
2206
2207.03
2207.91
2208.62
2209.17
2209.57
2209.81
2209.89
2209.82
2209.6
2209.24
2208.73
2208.09
2207.31
2206.41
2205.38
2204.24
2202.99
2201.63
2200.17
2198.62
2196.99
2195.27
2193.49
2191.64
2189.73
2187.76
2185.76
2183.71
2181.63
2179.52
2177.4
2175.25
2173.1
2170.95
2168.79
2166.64
2164.5
2162.37
2160.26
2158.17
2156.1
2154.06
2152.04
2150.04
2148.07
2146.13
2144.22
2142.34
2140.48
2138.65
2136.84
2135.05
2133.29
2131.54
2129.81
2128.1
2126.4
2124.71
2123.03
2121.36
2119.69
2118.02
2116.35
2114.69
2113.01
2111.34
2109.66
2107.98
2106.28
2104.59
2102.89
2101.18
2099.47
2097.77
2096.07
2094.37
2092.69
2091.02
2089.37
2087.75
2086.17
2084.62
2083.12
2081.67
2080.28
2078.96
2077.71
2076.54
2075.45
2074.46
2073.56
2072.75
2072.05
2071.45
2070.96
2070.58
2070.3
2070.14
2070.07
2070.12
2070.26
2070.5
2070.84
2071.27
2071.79
2072.39
2073.07
2073.82
2074.63
2075.51
2076.45
2077.43
2078.47
2079.53
2080.64
2081.77
2082.92
2084.09
2085.27
2086.45
2087.64
2088.82
2090
2091.16
2092.3
2093.43
2094.53
2095.61
2096.65
2097.67
2098.66
2099.62
2100.54
2101.44
2102.3
2103.14
2103.95
2104.73
2105.49
2106.23
2106.96
2107.67
2108.38
2109.08
2109.78
2110.48
2111.19
2111.91
2112.65
2113.41
2114.2
2115.01
2115.85
2116.73
2117.64
2118.59
2119.59
2120.62
2121.7
2122.83
2124
2125.22
2126.48
2127.78
2129.13
2130.51
2131.94
2133.39
2134.87
2136.37
2137.88
2139.4
2140.93
2142.45
2143.95
2145.43
2146.88
2148.28
2149.64
2150.93
2152.16
2153.31
2154.37
2155.34
2156.2
2156.96
2157.6
2158.12
2158.52
2158.79
2158.92
2158.92
2158.79
2158.52
2158.11
2157.56
2156.88
2156.07
2155.12
2154.06
2152.87
2151.57
2150.15
2148.64
2147.04
2145.35
2143.59
2141.77
2139.89
2137.98
2136.04
2134.1
2132.16
2130.24
2128.36
2126.53
2124.78
2123.11
2121.55
2120.1
2118.8
2117.64
2116.65
2115.83
2115.2
2114.77
2114.53
2114.49
2114.67
2115.05
2115.64
2116.42
2117.4
2118.57
2119.92
2121.44
2123.11
2124.92
2126.87
2128.92
2131.08
2133.32
2135.63
2137.99
2140.39
2142.82
2145.25
2147.69
2150.11
2152.51
2154.87
2157.19
2159.46
2161.67
2163.81
2165.88
2167.87
2169.79
2171.63
2173.38
2175.05
2176.63
2178.14
2179.56
2180.89
2182.15
2183.33
2184.44
2185.48
2186.44
2187.34
2188.17
2188.94
2189.65
2190.31
2190.9
2191.44
2191.92
2192.34
2192.72
2193.04
2193.3
2193.51
2193.66
2193.76
2193.8
2193.78
2193.7
2193.56
2193.36
2193.1
2192.77
2192.39
2191.94
2191.43
2190.86
2190.22
2189.53
2188.77
2187.95
2187.08
2186.15
2185.17
2184.14
2183.05
2181.92
2180.75
2179.53
2178.27
2176.98
2175.65
2174.29
2172.91
2171.49
2170.05
2168.59
2167.11
2165.61
2164.09
2162.55
2161
2159.44
2157.86
2156.27
2154.67
2153.06
2151.43
2149.79
2148.13
2146.46
2144.78
2143.08
2141.36
2139.63
2137.87
2136.09
2134.29
2132.46
2130.6
2128.71
2126.8
2124.85
2122.86
2120.85
2118.79
2116.7
2114.58
2112.42
2110.22
2107.99
2105.73
2103.44
2101.13
2098.8
2096.45
2094.09
2091.73
2089.38
2087.04
2084.72
2082.44
2080.2
2078.01
2075.89
2073.85
2071.89
2070.04
2068.31
2066.7
2065.24
2063.92
2062.77
2061.78
2060.98
2060.36
2059.94
2059.72
2059.7
2059.88
2060.27
2060.87
2061.68
2062.68
2063.88
2065.28
2066.85
2068.61
2070.53
2072.6
2074.83
2077.19
2079.68
2082.28
2084.99
2087.78
2090.64
2093.57
2096.55
2099.57
2102.61
2105.67
2108.72
2111.77
2114.79
2117.78
2120.73
2123.62
2126.46
2129.22
2131.91
2134.51
2137.02
2139.43
2141.75
2143.95
2146.04
2148.02
2149.89
2151.64
2153.26
2154.77
2156.16
2157.43
2158.58
2159.61
2160.52
2161.32
2162.01
2162.59
2163.06
2163.43
2163.7
2163.87
2163.95
2163.94
2163.85
2163.67
2163.42
2163.1
2162.71
2162.25
2161.74
2161.17
2160.55
2159.89
2159.18
2158.44
2157.67
2156.87
2156.04
2155.2
2154.34
2153.46
2152.58
2151.69
2150.8
2149.91
2149.02
2148.14
2147.27
2146.4
2145.55
2144.71
2143.89
2143.08
2142.3
2141.53
2140.79
2140.07
2139.37
2138.71
2138.07
2137.46
2136.88
2136.33
2135.82
2135.34
2134.9
2134.49
2134.12
2133.78
2133.48
2133.21
2132.98
2132.79
2132.62
2132.49
2132.38
2132.3
2132.24
2132.2
2132.18
2132.17
2132.18
2132.19
2132.2
2132.21
2132.22
2132.22
2132.21
2132.19
2132.15
2132.09
2132
2131.9
2131.77
2131.61
2131.42
2131.19
2130.94
2130.65
2130.33
2129.98
2129.59
2129.17
2128.71
2128.22
2127.69
2127.14
2126.55
2125.93
2125.28
2124.6
2123.89
2123.16
2122.41
2121.63
2120.83
2120.02
2119.19
2118.34
2117.48
2116.62
2115.75
2114.88
2114.01
2113.15
2112.29
2111.45
2110.62
2109.81
2109.03
2108.29
2107.57
2106.9
2106.27
2105.69
2105.17
2104.71
2104.32
2103.99
2103.74
2103.57
2103.48
2103.48
2103.57
2103.74
2104.01
2104.38
2104.84
2105.39
2106.04
2106.79
2107.62
2108.55
2109.57
2110.67
2111.86
2113.12
2114.47
2115.89
2117.38
2118.93
2120.55
2122.24
2123.98
2125.77
2127.61
2129.51
2131.44
2133.42
2135.43
2137.48
2139.56
2141.66
2143.78
2145.91
2148.06
2150.2
2152.34
2154.47
2156.58
2158.67
2160.71
2162.71
2164.66
2166.54
2168.34
2170.06
2171.68
2173.2
2174.6
2175.87
2177.01
2178
2178.85
2179.53
2180.05
2180.39
2180.56
2180.55
2180.36
2179.98
2179.42
2178.68
2177.76
2176.66
2175.39
2173.95
2172.35
2170.6
2168.7
2166.67
2164.51
2162.24
2159.87
2157.4
2154.85
2152.25
2149.58
2146.89
2144.17
2141.44
2138.71
2136.01
2133.35
2130.73
2128.18
2125.72
2123.34
2121.08
2118.93
2116.92
2115.06
2113.35
2111.81
2110.44
2109.27
2108.28
2107.49
2106.9
2106.52
2106.34
2106.37
2106.61
2107.05
2107.69
2108.52
2109.53
2110.72
2112.08
2113.6
2115.27
2117.07
2118.98
2121.01
2123.13
2125.34
2127.6
2129.92
2132.28
2134.67
2137.06
2139.45
2141.84
2144.19
2146.51
2148.79
2151.01
2153.16
2155.25
2157.25
2159.17
2160.99
2162.72
2164.34
2165.86
2167.27
2168.56
2169.74
2170.81
2171.75
2172.57
2173.27
2173.86
2174.32
2174.66
2174.88
2174.98
2174.97
2174.84
2174.6
2174.25
2173.78
2173.21
2172.54
2171.76
2170.88
2169.91
2168.84
2167.68
2166.43
2165.09
2163.67
2162.17
2160.59
2158.94
2157.22
2155.42
2153.57
2151.65
2149.67
2147.64
2145.57
2143.45
2141.29
2139.11
2136.89
2134.66
2132.42
2130.18
2127.94
2125.71
2123.5
2121.32
2119.17
2117.07
2115.02
2113.03
2111.1
2109.25
2107.48
2105.79
2104.2
2102.69
2101.28
2099.97
2098.76
2097.66
2096.65
2095.74
2094.93
2094.22
2093.59
2093.05
2092.59
2092.2
2091.88
2091.62
2091.4
2091.22
2091.07
2090.95
2090.83
2090.71
2090.59
2090.45
2090.28
2090.07
2089.81
2089.51
2089.15
2088.72
2088.23
2087.66
2087.02
2086.31
2085.52
2084.65
2083.71
2082.71
2081.64
2080.52
2079.34
2078.11
2076.85
2075.56
2074.25
2072.93
2071.6
2070.28
2068.98
2067.7
2066.45
2065.24
2064.09
2062.98
2061.94
2060.97
2060.06
2059.24
2058.49
2057.82
2057.24
2056.75
2056.34
2056.02
2055.79
2055.64
2055.58
2055.6
2055.7
2055.89
2056.16
2056.5
2056.92
2057.42
2057.99
2058.63
2059.34
2060.12
2060.96
2061.87
2062.83
2063.86
2064.95
2066.1
2067.3
2068.55
2069.86
2071.21
2072.62
2074.07
2075.57
2077.11
2078.69
2080.32
2081.98
2083.68
2085.41
2087.18
2088.98
2090.81
2092.66
2094.54
2096.44
2098.35
2100.28
2102.23
2104.18
2106.13
2108.08
2110.03
2111.96
2113.88
2115.78
2117.65
2119.48
2121.27
2123.01
2124.7
2126.32
2127.87
2129.35
2130.74
2132.03
2133.23
2134.31
2135.29
2136.14
2136.86
2137.45
2137.9
2138.2
2138.36
2138.36
2138.2
2137.88
2137.4
2136.75
2135.93
2134.95
2133.8
2132.47
2130.98
2129.33
2127.5
2125.52
2123.37
2121.07
2118.62
2116.02
2113.27
2110.39
2107.38
2104.23
2100.97
2097.59
2094.1
2090.51
2086.83
2083.06
2079.22
2075.3
2071.32
2067.29
2063.21
2059.09
2054.94
2050.77
2046.59
2042.41
2038.24
2034.08
2029.95
2025.86
2021.81
2017.82
2013.9
2010.06
2006.32
2002.67
1999.15
1995.76
1992.51
1989.41
1986.48
1983.74
1981.19
1978.84
1976.72
1974.81
1973.15
1971.73
1970.56
1969.65
1969
1968.62
1968.5
1968.64
1969.04
1969.7
1970.61
1971.77
1973.16
1974.77
1976.59
1978.61
1980.82
1983.21
1985.75
1988.43
1991.24
1994.16
1997.17
2000.27
2003.43
2006.65
2009.89
2013.17
2016.45
2019.72
2022.98
2026.22
2029.42
2032.57
2035.67
2038.71
2041.67
2044.56
2047.37
2050.09
2052.72
2055.26
2057.69
2060.03
2062.26
2064.39
2066.4
2068.32
2070.12
2071.81
2073.4
2074.87
2076.24
2077.51
2078.67
2079.73
2080.69
2081.55
2082.32
2083
2083.6
2084.11
2084.54
2084.9
2085.2
2085.42
2085.59
2085.7
2085.76
2085.77
2085.75
2085.68
2085.58
2085.45
2085.29
2085.12
2084.92
2084.71
2084.5
2084.27
2084.04
2083.82
2083.6
2083.39
2083.19
2083
2082.84
2082.7
2082.58
2082.49
2082.44
2082.41
2082.43
2082.48
2082.57
2082.71
2082.89
2083.11
2083.38
2083.69
2084.05
2084.46
2084.91
2085.4
2085.94
2086.52
2087.14
2087.81
2088.51
2089.26
2090.03
2090.85
2091.69
2092.57
2093.47
2094.4
2095.35
2096.33
2097.32
2098.32
2099.34
2100.36
2101.39
2102.41
2103.44
2104.46
2105.47
2106.46
2107.43
2108.38
2109.31
2110.2
2111.06
2111.87
2112.65
2113.38
2114.06
2114.68
2115.25
2115.76
2116.21
2116.59
2116.91
2117.16
2117.34
2117.46
2117.5
2117.48
2117.38
2117.22
2116.99
2116.7
2116.34
2115.93
2115.46
2114.94
2114.37
2113.75
2113.11
2112.42
2111.72
2110.99
2110.26
2109.51
2108.77
2108.04
2107.33
2106.63
2105.97
2105.35
2104.77
2104.23
2103.75
2103.33
2102.97
2102.68
2102.45
2102.29
2102.21
2102.19
2102.24
2102.35
2102.53
2102.76
2103.05
2103.39
2103.78
2104.19
2104.64
2105.11
2105.6
2106.1
2106.59
2107.08
2107.54
2107.99
2108.41
2108.78
2109.12
2109.4
2109.62
2109.78
2109.87
2109.89
2109.83
2109.7
2109.48
2109.17
2108.79
2108.31
2107.75
2107.1
2106.37
2105.56
2104.67
2103.71
2102.67
2101.56
2100.4
2099.17
2097.9
2096.58
2095.23
2093.85
2092.44
2091.02
2089.59
2088.17
2086.75
2085.35
2083.97
2082.63
2081.33
2080.07
2078.86
2077.71
2076.63
2075.62
2074.68
2073.82
2073.04
2072.35
2071.74
2071.23
2070.8
2070.47
2070.22
2070.06
2069.99
2070.01
2070.11
2070.28
2070.53
2070.85
2071.24
2071.69
2072.19
2072.74
2073.34
2073.97
2074.63
2075.32
2076.03
2076.75
2077.48
2078.21
2078.94
2079.65
2080.35
2081.03
2081.69
2082.32
2082.91
2083.47
2083.99
2084.47
2084.9
2085.28
2085.62
2085.9
2086.14
2086.32
2086.46
2086.54
2086.57
2086.55
2086.49
2086.39
2086.24
2086.05
2085.83
2085.57
2085.29
2084.98
2084.65
2084.3
2083.94
2083.57
2083.2
2082.83
2082.47
2082.11
2081.77
2081.45
2081.15
2080.88
2080.64
2080.43
2080.26
2080.13
2080.04
2080
2080.01
2080.07
2080.18
2080.35
2080.57
2080.84
2081.16
2081.55
2081.98
2082.47
2083.01
2083.6
2084.25
2084.94
2085.68
2086.46
2087.3
2088.17
2089.08
2090.04
2091.03
2092.06
2093.13
2094.23
2095.37
2096.54
2097.73
2098.96
2100.22
2101.51
2102.82
2104.16
2105.53
2106.91
2108.32
2109.75
2111.19
2112.66
2114.13
2115.62
2117.12
2118.63
2120.14
2121.65
2123.17
2124.68
2126.18
2127.68
2129.17
2130.64
2132.09
2133.53
2134.94
2136.31
2137.66
2138.98
2140.25
2141.48
2142.67
2143.8
2144.88
2145.9
2146.87
2147.77
2148.6
2149.36
2150.05
2150.67
2151.21
2151.68
2152.07
2152.38
2152.61
2152.77
2152.85
2152.86
2152.81
2152.69
2152.5
2152.26
2151.97
2151.64
2151.26
2150.86
2150.42
2149.97
2149.51
2149.05
2148.6
2148.16
2147.74
2147.35
2147
2146.7
2146.46
2146.28
2146.16
2146.13
2146.18
2146.31
2146.55
2146.87
2147.3
2147.83
2148.46
2149.2
2150.04
2150.97
2152
2153.13
2154.33
2155.62
2156.97
2158.38
2159.85
2161.35
2162.88
2164.43
2165.98
2167.53
2169.05
2170.53
2171.97
2173.35
2174.66
2175.88
2177.01
2178.03
2178.93
2179.7
2180.34
2180.83
2181.17
2181.36
2181.37
2181.22
2180.89
2180.38
2179.69
2178.82
2177.76
2176.52
2175.1
2173.49
2171.69
2169.72
2167.57
2165.24
2162.75
2160.09
2157.27
2154.29
2151.16
2147.9
2144.49
2140.96
2137.31
2133.54
2129.67
2125.71
2121.65
2117.52
2113.31
2109.05
2104.73
2100.37
2095.99
2091.58
2087.15
2082.73
2078.32
2073.92
2069.55
2065.22
2060.94
2056.72
2052.56
2048.48
2044.47
2040.57
2036.75
2033.05
2029.45
2025.98
2022.62
2019.39
2016.29
2013.33
2010.5
2007.8
2005.25
2002.83
2000.55
1998.41
1996.41
1994.54
1992.81
1991.21
1989.74
1988.39
1987.18
1986.08
1985.11
1984.26
1983.53
1982.92
1982.42
1982.04
1981.77
1981.62
1981.58
1981.66
1981.86
1982.16
1982.59
1983.13
1983.79
1984.56
1985.44
1986.44
1987.55
1988.77
1990.1
1991.52
1993.05
1994.67
1996.38
1998.17
2000.03
2001.96
2003.95
2005.98
2008.06
2010.16
2012.29
2014.43
2016.56
2018.69
2020.8
2022.88
2024.92
2026.92
2028.86
2030.74
2032.54
2034.28
2035.93
2037.49
2038.95
2040.32
2041.59
2042.75
2043.8
2044.74
2045.56
2046.28
2046.87
2047.35
2047.72
2047.96
2048.1
2048.11
2048.01
2047.8
2047.49
2047.06
2046.53
2045.9
2045.16
2044.34
2043.42
2042.42
2041.33
2040.17
2038.93
2037.63
2036.26
2034.83
2033.35
2031.83
2030.26
2028.66
2027.03
2025.37
2023.69
2022
2020.3
2018.6
2016.9
2015.2
2013.52
2011.86
2010.21
2008.6
2007.01
2005.46
2003.94
2002.47
2001.05
1999.67
1998.35
1997.09
1995.89
1994.76
1993.7
1992.71
1991.8
1990.98
1990.25
1989.61
1989.08
1988.66
1988.35
1988.16
1988.1
1988.18
1988.4
1988.77
1989.3
1989.98
1990.83
1991.86
1993.06
1994.43
1995.99
1997.73
1999.64
2001.74
2004
2006.44
2009.04
2011.8
2014.71
2017.76
2020.94
2024.24
2027.64
2031.14
2034.72
2038.36
2042.06
2045.8
2049.56
2053.34
2057.11
2060.86
2064.59
2068.27
2071.9
2075.48
2078.97
2082.39
2085.72
2088.95
2092.08
2095.1
2098.01
2100.8
2103.48
2106.04
2108.47
2110.79
2112.99
2115.06
2117.02
2118.86
2120.58
2122.19
2123.68
2125.07
2126.35
2127.51
2128.58
2129.54
2130.4
2131.15
2131.81
2132.38
2132.84
2133.22
2133.5
2133.69
2133.79
2133.8
2133.73
2133.58
2133.34
2133.03
2132.64
2132.18
2131.65
2131.05
2130.38
2129.65
2128.85
2127.99
2127.08
2126.1
2125.07
2123.99
2122.86
2121.67
2120.43
2119.14
2117.81
2116.42
2114.99
2113.52
2112
2110.43
2108.83
2107.18
2105.5
2103.78
2102.03
2100.25
2098.43
2096.59
2094.72
2092.84
2090.93
2089.01
2087.08
2085.14
2083.19
2081.25
2079.3
2077.36
2075.42
2073.5
2071.59
2069.7
2067.82
2065.96
2064.13
2062.32
2060.53
2058.77
2057.04
2055.33
2053.65
2052
2050.38
2048.79
2047.22
2045.69
2044.18
2042.7
2041.25
2039.83
2038.44
2037.08
2035.75
2034.45
2033.18
2031.95
2030.76
2029.6
2028.49
2027.42
2026.39
2025.42
2024.49
2023.62
2022.81
2022.06
2021.38
2020.76
2020.22
2019.75
2019.37
2019.06
2018.84
2018.72
2018.68
2018.74
2018.89
2019.15
2019.5
2019.96
2020.52
2021.18
2021.95
2022.81
2023.79
2024.86
2026.03
2027.31
2028.67
2030.14
2031.69
2033.32
2035.04
2036.83
2038.7
2040.63
2042.63
2044.67
2046.77
2048.9
2051.07
2053.27
2055.48
2057.7
2059.93
2062.15
2064.35
2066.53
2068.68
2070.79
2072.85
2074.86
2076.8
2078.67
2080.47
2082.18
2083.79
2085.31
2086.73
2088.04
2089.24
2090.33
2091.29
2092.14
2092.86
2093.45
2093.92
2094.26
2094.47
2094.55
2094.51
2094.35
2094.06
2093.65
2093.12
2092.47
2091.71
2090.84
2089.86
2088.77
2087.59
2086.3
2084.93
2083.46
2081.91
2080.27
2078.56
2076.77
2074.9
2072.97
2070.97
2068.91
2066.79
2064.62
2062.39
2060.11
2057.78
2055.41
2053
2050.56
2048.07
2045.56
2043.02
2040.46
2037.88
2035.28
2032.68
2030.07
2027.46
2024.85
2022.26
2019.69
2017.14
2014.62
2012.14
2009.7
2007.31
2004.97
2002.68
2000.46
1998.3
1996.21
1994.19
1992.24
1990.36
1988.55
1986.81
1985.14
1983.53
1981.99
1980.51
1979.08
1977.71
1976.38
1975.1
1973.87
1972.67
1971.52
1970.4
1969.32
1968.27
1967.27
1966.3
1965.37
1964.5
1963.67
1962.9
1962.18
1961.54
1960.97
1960.48
1960.09
1959.79
1959.59
1959.51
1959.54
1959.71
1960.01
1960.45
1961.03
1961.77
1962.66
1963.71
1964.92
1966.29
1967.82
1969.51
1971.36
1973.36
1975.51
1977.81
1980.25
1982.82
1985.52
1988.34
1991.27
1994.31
1997.43
2000.64
2003.93
2007.28
2010.68
2014.14
2017.62
2021.14
2024.67
2028.22
2031.76
2035.3
2038.82
2042.32
2045.78
2049.21
2052.6
2055.94
2059.21
2062.43
2065.58
2068.66
2071.65
2074.57
2077.4
2080.14
2082.78
2085.33
2087.78
2090.13
2092.38
2094.53
2096.57
2098.52
2100.36
2102.1
2103.75
2105.31
2106.79
2108.18
2109.49
2110.73
2111.9
2113.01
2114.06
2115.06
2116.01
2116.92
2117.77
2118.59
2119.36
2120.08
2120.76
2121.39
2121.96
2122.48
2122.94
2123.33
2123.65
2123.9
2124.07
2124.16
2124.17
2124.1
2123.95
2123.72
2123.41
2123.03
2122.57
2122.04
2121.45
2120.81
2120.11
2119.36
2118.58
2117.76
2116.91
2116.04
2115.15
2114.24
2113.33
2112.4
2111.47
2110.53
2109.59
2108.65
2107.7
2106.75
2105.79
2104.82
2103.84
2102.84
2101.83
2100.79
2099.73
2098.64
2097.52
2096.36
2095.16
2093.92
2092.64
2091.32
2089.95
2088.54
2087.07
2085.57
2084.02
2082.42
2080.79
2079.11
2077.4
2075.65
2073.88
2072.07
2070.24
2068.39
2066.52
2064.64
2062.74
2060.83
2058.91
2056.99
2055.07
2053.14
2051.21
2049.29
2047.37
2045.45
2043.54
2041.63
2039.73
2037.84
2035.96
2034.09
2032.23
2030.39
2028.56
2026.74
2024.95
2023.17
2021.41
2019.67
2017.95
2016.26
2014.59
2012.95
2011.33
2009.73
2008.17
2006.62
2005.11
2003.62
2002.15
2000.71
1999.29
1997.89
1996.52
1995.16
1993.81
1992.49
1991.17
1989.87
1988.58
1987.29
1986.02
1984.74
1983.47
1982.2
1980.93
1979.65
1978.38
1977.1
1975.82
1974.54
1973.26
1971.97
1970.68
1969.4
1968.11
1966.83
1965.55
1964.28
1963.01
1961.75
1960.51
1959.28
1958.06
1956.87
1955.69
1954.53
1953.4
1952.29
1951.22
1950.17
1949.16
1948.18
1947.24
1946.34
1945.49
1944.69
1943.94
1943.24
1942.61
1942.05
1941.56
1941.15
1940.83
1940.6
1940.48
1940.46
1940.55
1940.77
1941.12
1941.6
1942.23
1943.01
1943.93
1945.02
1946.27
1947.68
1949.25
1950.98
1952.88
1954.93
1957.13
1959.48
1961.97
1964.59
1967.33
1970.19
1973.15
1976.2
1979.33
1982.53
1985.78
1989.08
1992.41
1995.77
1999.13
2002.48
2005.83
2009.14
2012.43
2015.67
2018.85
2021.98
2025.03
2028.01
2030.9
2033.7
2036.4
2038.99
2041.48
2043.84
2046.09
2048.21
2050.21
2052.06
2053.78
2055.35
2056.78
2058.05
2059.18
2060.14
2060.95
2061.6
2062.08
2062.41
2062.57
2062.56
2062.39
2062.07
2061.58
2060.93
2060.14
2059.19
2058.1
2056.88
2055.52
2054.04
2052.45
2050.75
2048.95
2047.07
2045.11
2043.09
2041.01
2038.9
2036.75
2034.58
2032.41
2030.25
2028.1
2025.98
2023.89
2021.86
2019.88
2017.97
2016.13
2014.38
2012.71
2011.14
2009.66
2008.29
2007.02
2005.87
2004.82
2003.89
2003.07
2002.37
2001.78
2001.31
2000.95
2000.71
2000.57
2000.55
2000.63
2000.83
2001.13
2001.53
2002.04
2002.65
2003.36
2004.16
2005.07
2006.07
2007.16
2008.35
2009.62
2010.99
2012.45
2013.99
2015.62
2017.34
2019.14
2021.01
2022.97
2024.99
2027.09
2029.26
2031.49
2033.78
2036.13
2038.52
2040.96
2043.44
2045.95
2048.48
2051.03
2053.59
2056.15
2058.71
2061.26
2063.79
2066.28
2068.74
2071.15
2073.51
2075.81
2078.04
2080.19
2082.25
2084.22
2086.1
2087.86
2089.52
2091.05
2092.46
2093.74
2094.88
2095.88
2096.73
2097.43
2097.98
2098.37
2098.6
2098.67
2098.57
2098.3
2097.87
2097.26
2096.49
2095.55
2094.45
2093.19
2091.77
2090.2
2088.48
2086.62
2084.64
2082.53
2080.31
2077.99
2075.59
2073.11
2070.57
2067.99
2065.37
2062.74
2060.11
2057.5
2054.91
2052.37
2049.9
2047.49
2045.17
2042.94
2040.82
2038.82
2036.94
2035.18
2033.55
2032.05
2030.69
2029.46
2028.36
2027.39
2026.54
2025.81
2025.19
2024.67
2024.25
2023.92
2023.67
2023.49
2023.37
2023.31
2023.3
2023.33
2023.39
2023.49
2023.6
2023.72
2023.86
2024.01
2024.15
2024.29
2024.43
2024.56
2024.68
2024.78
2024.87
2024.95
2025.01
2025.05
2025.07
2025.08
2025.06
2025.03
2024.97
2024.9
2024.81
2024.7
2024.58
2024.43
2024.28
2024.11
2023.92
2023.73
2023.52
2023.31
2023.09
2022.87
2022.64
2022.4
2022.17
2021.93
2021.7
2021.46
2021.22
2020.99
2020.76
2020.52
2020.29
2020.06
2019.83
2019.59
2019.36
2019.12
2018.89
2018.65
2018.41
2018.17
2017.93
2017.69
2017.45
2017.22
2017
2016.79
2016.59
2016.42
2016.26
2016.13
2016.04
2015.98
2015.98
2016.02
2016.12
2016.29
2016.53
2016.85
2017.26
2017.76
2018.37
2019.08
2019.91
2020.85
2021.92
2023.12
2024.44
2025.91
2027.5
2029.23
2031.1
2033.09
2035.22
2037.47
2039.83
2042.31
2044.89
2047.56
2050.32
2053.14
2056.02
2058.94
2061.9
2064.86
2067.83
2070.78
2073.71
2076.59
2079.42
2082.17
2084.84
2087.42
2089.9
2092.26
2094.5
2096.62
2098.6
2100.45
2102.17
2103.74
2105.18
2106.48
2107.64
2108.68
2109.59
2110.37
2111.05
2111.61
2112.07
2112.43
2112.71
2112.91
2113.03
2113.09
2113.09
2113.04
2112.95
2112.82
2112.67
2112.5
2112.31
2112.11
2111.91
2111.71
2111.52
2111.35
2111.19
2111.04
2110.93
2110.83
2110.76
2110.73
2110.72
2110.73
2110.78
2110.85
2110.95
2111.07
2111.21
2111.36
2111.53
2111.7
2111.87
2112.04
2112.2
2112.35
2112.48
2112.58
2112.65
2112.69
2112.68
2112.62
2112.51
2112.34
2112.12
2111.82
2111.46
2111.03
2110.53
2109.95
2109.3
2108.58
2107.79
2106.93
2106.01
2105.02
2103.98
2102.88
2101.74
2100.56
2099.35
2098.12
2096.86
2095.6
2094.34
2093.08
2091.85
2090.63
2089.45
2088.32
2087.23
2086.19
2085.22
2084.32
2083.5
2082.76
2082.11
2081.54
2081.08
2080.72
2080.46
2080.31
2080.27
2080.35
2080.54
2080.86
2081.29
2081.85
2082.54
2083.35
2084.29
2085.36
2086.55
2087.86
2089.3
2090.85
2092.52
2094.3
2096.19
2098.17
2100.24
2102.4
2104.62
2106.9
2109.24
2111.61
2114
2116.41
2118.82
2121.21
2123.57
2125.89
2128.16
2130.36
2132.47
2134.5
2136.42
2138.23
2139.92
2141.48
2142.9
2144.18
2145.3
2146.28
2147.1
2147.76
2148.27
2148.63
2148.83
2148.88
2148.78
2148.55
2148.18
2147.69
2147.07
2146.34
2145.51
2144.58
2143.56
2142.46
2141.28
2140.03
2138.73
2137.37
2135.96
2134.5
2133.01
2131.48
2129.91
2128.32
2126.7
2125.06
2123.39
2121.7
2120
2118.27
2116.54
2114.79
2113.03
2111.26
2109.49
2107.72
2105.94
2104.18
2102.42
2100.67
2098.94
2097.23
2095.55
2093.89
2092.26
2090.66
2089.11
2087.59
2086.12
2084.69
2083.31
2081.98
2080.7
2079.48
2078.31
2077.2
2076.14
2075.13
2074.19
2073.3
2072.46
2071.68
2070.95
2070.27
2069.64
2069.06
2068.53
2068.05
2067.6
2067.2
2066.84
2066.52
2066.23
2065.98
2065.75
2065.56
2065.39
2065.24
2065.11
2065.01
2064.92
2064.84
2064.77
2064.71
2064.65
2064.6
2064.54
2064.48
2064.41
2064.32
2064.23
2064.12
2063.99
2063.83
2063.66
2063.46
2063.23
2062.97
2062.68
2062.36
2062.02
2061.64
2061.23
2060.78
2060.31
2059.81
2059.28
2058.73
2058.15
2057.54
2056.91
2056.25
2055.58
2054.89
2054.18
2053.45
2052.71
2051.95
2051.18
2050.39
2049.6
2048.8
2047.99
2047.17
2046.34
2045.51
2044.68
2043.85
2043.01
2042.17
2041.34
2040.51
2039.68
2038.85
2038.03
2037.22
2036.41
2035.61
2034.81
2034.02
2033.23
2032.45
2031.66
2030.88
2030.1
2029.32
2028.53
2027.73
2026.92
2026.1
2025.26
2024.41
2023.54
2022.65
2021.74
2020.81
2019.85
2018.87
2017.87
2016.84
2015.8
2014.74
2013.66
2012.57
2011.47
2010.36
2009.25
2008.14
2007.03
2005.93
2004.85
2003.78
2002.74
2001.72
2000.73
1999.77
1998.86
1997.98
1997.15
1996.37
1995.63
1994.96
1994.33
1993.76
1993.25
1992.81
1992.42
1992.1
1991.84
1991.64
1991.51
1991.44
1991.44
1991.5
1991.62
1991.81
1992.06
1992.37
1992.73
1993.16
1993.64
1994.17
1994.75
1995.37
1996.03
1996.73
1997.47
1998.23
1999.01
1999.8
2000.61
2001.42
2002.23
2003.04
2003.83
2004.59
2005.34
2006.05
2006.72
2007.35
2007.94
2008.47
2008.96
2009.38
2009.74
2010.04
2010.27
2010.43
2010.53
2010.56
2010.52
2010.41
2010.24
2009.99
2009.68
2009.31
2008.87
2008.37
2007.81
2007.2
2006.53
2005.81
2005.04
2004.22
2003.36
2002.46
2001.51
2000.53
1999.52
1998.47
1997.4
1996.3
1995.17
1994.03
1992.86
1991.67
1990.47
1989.26
1988.04
1986.8
1985.57
1984.33
1983.08
1981.84
1980.61
1979.38
1978.17
1976.97
1975.8
1974.65
1973.52
1972.43
1971.38
1970.37
1969.41
1968.5
1967.65
1966.86
1966.14
1965.48
1964.91
1964.41
1963.99
1963.65
1963.4
1963.25
1963.18
1963.2
1963.32
1963.52
1963.82
1964.21
1964.69
1965.26
1965.91
1966.64
1967.46
1968.35
1969.31
1970.35
1971.45
1972.62
1973.85
1975.13
1976.47
1977.85
1979.28
1980.76
1982.27
1983.82
1985.41
1987.02
1988.67
1990.34
1992.03
1993.75
1995.48
1997.23
1999
2000.78
2002.58
2004.38
2006.2
2008.03
2009.86
2011.7
2013.55
2015.41
2017.27
2019.13
2021
2022.87
2024.74
2026.61
2028.49
2030.36
2032.23
2034.09
2035.95
2037.8
2039.63
2041.46
2043.26
2045.05
2046.81
2048.55
2050.25
2051.91
2053.53
2055.1
2056.62
2058.09
2059.49
2060.82
2062.07
2063.25
2064.34
2065.34
2066.24
2067.05
2067.75
2068.35
2068.85
2069.23
2069.5
2069.66
2069.7
2069.64
2069.47
2069.19
2068.81
2068.32
2067.74
2067.08
2066.32
2065.49
2064.59
2063.62
2062.59
2061.51
2060.39
2059.24
2058.06
2056.85
2055.63
2054.41
2053.18
2051.97
2050.76
2049.57
2048.4
2047.25
2046.14
2045.06
2044.01
2043.01
2042.04
2041.12
2040.24
2039.4
2038.61
2037.87
2037.18
2036.53
2035.94
2035.39
2034.9
2034.46
2034.07
2033.73
2033.44
2033.2
2033.02
2032.89
2032.81
2032.78
2032.8
2032.88
2033
2033.16
2033.37
2033.63
2033.92
2034.25
2034.62
2035.02
2035.45
2035.9
2036.37
2036.87
2037.38
2037.91
2038.44
2038.98
2039.53
2040.08
2040.62
2041.17
2041.72
2042.26
2042.79
2043.33
2043.86
2044.38
2044.91
2045.43
2045.95
2046.48
2047.01
2047.54
2048.08
2048.62
2049.16
2049.71
2050.25
2050.8
2051.34
2051.86
2052.38
2052.87
2053.34
2053.77
2054.16
2054.5
2054.79
2055.01
2055.16
2055.23
2055.21
2055.09
2054.88
2054.56
2054.12
2053.57
2052.89
2052.09
2051.16
2050.1
2048.9
2047.57
2046.1
2044.5
2042.77
2040.9
2038.91
2036.8
2034.57
2032.23
2029.78
2027.24
2024.6
2021.89
2019.1
2016.26
2013.36
2010.43
2007.47
2004.49
2001.5
1998.53
1995.57
1992.64
1989.75
1986.9
1984.12
1981.4
1978.75
1976.18
1973.7
1971.31
1969.02
1966.82
1964.72
1962.73
1960.85
1959.07
1957.39
1955.83
1954.37
1953.02
1951.79
1950.66
1949.64
1948.73
1947.93
1947.24
1946.66
1946.19
1945.82
1945.57
1945.43
1945.4
1945.47
1945.65
1945.93
1946.31
1946.79
1947.36
1948.02
1948.77
1949.59
1950.5
1951.47
1952.51
1953.6
1954.74
1955.93
1957.16
1958.41
1959.69
1960.99
1962.3
1963.61
1964.92
1966.22
1967.5
1968.76
1970
1971.2
1972.36
1973.47
1974.54
1975.55
1976.5
1977.39
1978.21
1978.96
1979.63
1980.21
1980.72
1981.13
1981.45
1981.67
1981.79
1981.8
1981.71
1981.51
1981.2
1980.77
1980.23
1979.56
1978.78
1977.88
1976.86
1975.72
1974.47
1973.1
1971.63
1970.04
1968.36
1966.59
1964.73
1962.79
1960.78
1958.71
1956.6
1954.45
1952.28
1950.1
1947.92
1945.77
1943.65
1941.58
1939.58
1937.66
1935.84
1934.13
1932.54
1931.1
1929.82
1928.7
1927.76
1927.01
1926.46
1926.12
1925.99
1926.07
1926.38
1926.9
1927.65
1928.61
1929.77
1931.14
1932.71
1934.45
1936.37
1938.44
1940.65
1942.99
1945.44
1947.98
1950.59
1953.26
1955.97
1958.7
1961.44
1964.17
1966.87
1969.55
1972.17
1974.73
1977.22
1979.64
1981.96
1984.2
1986.33
1988.37
1990.29
1992.11
1993.82
1995.42
1996.91
1998.3
1999.57
2000.74
2001.81
2002.78
2003.66
2004.45
2005.15
2005.77
2006.32
2006.79
2007.2
2007.56
2007.86
2008.12
2008.33
2008.51
2008.66
2008.79
2008.91
2009.01
2009.1
2009.2
2009.29
2009.4
2009.52
2009.67
2009.83
2010.02
2010.25
2010.51
2010.81
2011.15
2011.53
2011.97
2012.45
2012.99
2013.58
2014.24
2014.95
2015.72
2016.55
2017.45
2018.41
2019.44
2020.53
2021.68
2022.9
2024.18
2025.53
2026.93
2028.4
2029.92
2031.49
2033.12
2034.79
2036.52
2038.28
2040.08
2041.91
2043.77
2045.65
2047.54
2049.45
2051.36
2053.27
2055.16
2057.04
2058.9
2060.72
2062.5
2064.24
2065.93
2067.55
2069.1
2070.58
2071.98
2073.3
2074.51
2075.64
2076.65
2077.56
2078.36
2079.05
2079.62
2080.07
2080.4
2080.6
2080.69
2080.66
2080.5
2080.23
2079.84
2079.34
2078.73
2078.01
2077.19
2076.27
2075.26
2074.17
2072.99
2071.74
2070.43
2069.05
2067.62
2066.15
2064.64
2063.1
2061.54
2059.97
2058.39
2056.82
2055.26
2053.72
2052.2
2050.72
2049.28
2047.89
2046.55
2045.27
2044.05
2042.89
2041.81
2040.79
2039.85
2038.98
2038.18
2037.46
2036.8
2036.21
2035.67
2035.2
2034.78
2034.4
2034.06
2033.76
2033.48
2033.21
2032.95
2032.69
2032.42
2032.14
2031.83
2031.48
2031.09
2030.66
2030.16
2029.61
2028.98
2028.29
2027.52
2026.66
2025.73
2024.71
2023.61
2022.42
2021.15
2019.79
2018.36
2016.84
2015.26
2013.6
2011.88
2010.09
2008.26
2006.37
2004.44
2002.48
2000.48
1998.46
1996.43
1994.39
1992.34
1990.3
1988.27
1986.25
1984.26
1982.3
1980.37
1978.48
1976.63
1974.83
1973.08
1971.39
1969.75
1968.18
1966.67
1965.24
1963.87
1962.57
1961.36
1960.21
1959.15
1958.17
1957.28
1956.47
1955.75
1955.12
1954.59
1954.14
1953.8
1953.56
1953.41
1953.37
1953.44
1953.61
1953.88
1954.27
1954.76
1955.36
1956.06
1956.87
1957.78
1958.79
1959.89
1961.09
1962.37
1963.73
1965.16
1966.66
1968.22
1969.82
1971.46
1973.13
1974.82
1976.53
1978.23
1979.92
1981.59
1983.24
1984.85
1986.41
1987.91
1989.36
1990.74
1992.04
1993.27
1994.41
1995.47
1996.44
1997.31
1998.1
1998.78
1999.37
1999.86
2000.26
2000.55
2000.75
2000.86
2000.87
2000.78
2000.6
2000.33
1999.96
1999.52
1998.98
1998.37
1997.68
1996.91
1996.08
1995.18
1994.23
1993.22
1992.18
1991.09
1989.98
1988.85
1987.71
1986.56
1985.42
1984.3
1983.2
1982.13
1981.1
1980.12
1979.19
1978.33
1977.53
1976.81
1976.17
1975.61
1975.14
1974.76
1974.47
1974.27
1974.16
1974.15
1974.23
1974.39
1974.65
1974.98
1975.4
1975.88
1976.44
1977.06
1977.73
1978.45
1979.22
1980.01
1980.84
1981.68
1982.53
1983.39
1984.24
1985.07
1985.88
1986.65
1987.39
1988.08
1988.72
1989.29
1989.8
1990.23
1990.58
1990.84
1991.01
1991.09
1991.07
1990.95
1990.72
1990.39
1989.95
1989.41
1988.75
1987.99
1987.13
1986.15
1985.08
1983.91
1982.63
1981.27
1979.82
1978.29
1976.68
1974.99
1973.25
1971.45
1969.6
1967.72
1965.8
1963.87
1961.94
1960.01
1958.1
1956.22
1954.39
1952.63
1950.93
1949.32
1947.82
1946.42
1945.15
1944.02
1943.03
1942.18
1941.5
1940.97
1940.59
1940.38
1940.32
1940.41
1940.63
1940.99
1941.47
1942.06
1942.75
1943.52
1944.36
1945.25
1946.19
1947.15
1948.14
1949.12
1950.1
1951.07
1952
1952.9
1953.75
1954.55
1955.29
1955.96
1956.56
1957.09
1957.53
1957.88
1958.14
1958.31
1958.38
1958.36
1958.23
1958
1957.67
1957.23
1956.7
1956.07
1955.34
1954.52
1953.62
1952.64
1951.59
1950.48
1949.33
1948.14
1946.93
1945.72
1944.52
1943.35
1942.24
1941.2
1940.24
1939.4
1938.68
1938.11
1937.69
1937.44
1937.37
1937.49
1937.79
1938.29
1938.97
1939.84
1940.88
1942.09
1943.45
1944.96
1946.59
1948.35
1950.2
1952.15
1954.17
1956.24
1958.37
1960.53
1962.71
1964.91
1967.11
1969.3
1971.47
1973.62
1975.74
1977.82
1979.85
1981.83
1983.76
1985.62
1987.42
1989.15
1990.82
1992.41
1993.92
1995.36
1996.73
1998.02
1999.23
2000.36
2001.42
2002.41
2003.32
2004.17
2004.94
2005.65
2006.29
2006.87
2007.39
2007.85
2008.26
2008.61
2008.91
2009.16
2009.37
2009.53
2009.64
2009.71
2009.75
2009.74
2009.7
2009.62
2009.51
2009.37
2009.19
2008.98
2008.74
2008.48
2008.18
2007.85
2007.49
2007.11
2006.7
2006.25
2005.78
2005.28
2004.75
2004.19
2003.6
2002.97
2002.32
2001.63
2000.91
2000.15
1999.36
1998.54
1997.69
1996.8
1995.89
1994.94
1993.95
1992.94
1991.91
1990.84
1989.75
1988.64
1987.52
1986.37
1985.21
1984.04
1982.86
1981.68
1980.5
1979.33
1978.16
1977
1975.86
1974.74
1973.65
1972.58
1971.54
1970.54
1969.58
1968.66
1967.8
1966.98
1966.21
1965.51
1964.86
1964.28
1963.77
1963.32
1962.95
1962.64
1962.42
1962.26
1962.19
1962.19
1962.27
1962.43
1962.68
1963
1963.4
1963.87
1964.43
1965.06
1965.77
1966.56
1967.42
1968.35
1969.35
1970.41
1971.55
1972.75
1974.02
1975.34
1976.72
1978.16
1979.66
1981.21
1982.8
1984.45
1986.14
1987.87
1989.63
1991.44
1993.27
1995.13
1997.01
1998.91
2000.82
2002.74
2004.66
2006.57
2008.48
2010.37
2012.23
2014.07
2015.86
2017.62
2019.33
2020.98
2022.58
2024.11
2025.57
2026.95
2028.26
2029.48
2030.62
2031.67
2032.63
2033.49
2034.27
2034.94
2035.53
2036.01
2036.4
2036.69
2036.88
2036.98
2036.99
2036.9
2036.72
2036.45
2036.09
2035.64
2035.1
2034.48
2033.77
2032.99
2032.12
2031.18
2030.17
2029.09
2027.93
2026.72
2025.44
2024.1
2022.72
2021.28
2019.79
2018.26
2016.69
2015.1
2013.47
2011.82
2010.15
2008.46
2006.77
2005.07
2003.38
2001.69
2000.01
1998.35
1996.71
1995.09
1993.51
1991.96
1990.44
1988.97
1987.55
1986.18
1984.86
1983.6
1982.4
1981.26
1980.2
1979.2
1978.27
1977.42
1976.65
1975.95
1975.34
1974.81
1974.36
1974
1973.73
1973.55
1973.46
1973.45
1973.54
1973.72
1973.99
1974.35
1974.8
1975.35
1975.98
1976.71
1977.52
1978.43
1979.42
1980.51
1981.68
1982.94
1984.29
1985.72
1987.25
1988.85
1990.55
1992.33
1994.19
1996.13
1998.15
2000.25
2002.42
2004.66
2006.98
2009.35
2011.79
2014.29
2016.83
2019.42
2022.05
2024.71
2027.4
2030.11
2032.83
2035.55
2038.27
2040.98
2043.67
2046.34
2048.97
2051.56
2054.11
2056.59
2059.01
2061.35
2063.62
2065.8
2067.88
2069.86
2071.73
2073.48
2075.11
2076.62
2077.99
2079.22
2080.3
2081.24
2082.02
2082.65
2083.11
2083.41
2083.55
2083.52
2083.33
2082.97
2082.45
2081.76
2080.91
2079.9
2078.74
2077.43
2075.97
2074.37
2072.64
2070.78
2068.79
2066.69
2064.49
2062.18
2059.78
2057.29
2054.73
2052.1
2049.41
2046.66
2043.87
2041.04
2038.18
2035.3
2032.41
2029.51
2026.6
2023.7
2020.81
2017.94
2015.09
2012.26
2009.47
2006.71
2003.98
2001.3
1998.66
1996.08
1993.54
1991.05
1988.63
1986.26
1983.95
1981.71
1979.54
1977.45
1975.43
1973.49
1971.63
1969.86
1968.19
1966.62
1965.15
1963.79
1962.53
1961.4
1960.38
1959.48
1958.7
1958.04
1957.51
1957.11
1956.82
1956.65
1956.6
1956.65
1956.82
1957.07
1957.43
1957.86
1958.37
1958.94
1959.56
1960.23
1960.94
1961.67
1962.41
1963.15
1963.88
1964.6
1965.28
1965.93
1966.54
1967.09
1967.57
1967.99
1968.34
1968.6
1968.79
1968.88
1968.88
1968.79
1968.61
1968.33
1967.95
1967.48
1966.92
1966.26
1965.52
1964.69
1963.78
1962.79
1961.73
1960.6
1959.4
1958.15
1956.84
1955.49
1954.1
1952.68
1951.23
1949.76
1948.27
1946.79
1945.3
1943.83
1942.37
1940.93
1939.53
1938.17
1936.85
1935.59
1934.38
1933.25
1932.18
1931.2
1930.29
1929.48
1928.77
1928.15
1927.63
1927.22
1926.92
1926.72
1926.63
1926.66
1926.79
1927.03
1927.37
1927.82
1928.36
1928.99
1929.71
1930.52
1931.39
1932.33
1933.32
1934.37
1935.45
1936.57
1937.7
1938.85
1940
1941.14
1942.27
1943.38
1944.45
1945.48
1946.47
1947.41
1948.28
1949.09
1949.84
1950.51
1951.1
1951.62
1952.05
1952.41
1952.67
1952.86
1952.95
1952.96
1952.89
1952.73
1952.49
1952.17
1951.77
1951.29
1950.74
1950.12
1949.44
1948.69
1947.9
1947.05
1946.17
1945.25
1944.31
1943.35
1942.38
1941.42
1940.46
1939.53
1938.64
1937.79
1936.99
1936.25
1935.59
1935.02
1934.54
1934.15
1933.88
1933.73
1933.7
1933.79
1934.02
1934.38
1934.88
1935.52
1936.29
1937.2
1938.25
1939.42
1940.73
1942.15
1943.69
1945.34
1947.1
1948.94
1950.88
1952.89
1954.97
1957.11
1959.3
1961.52
1963.78
1966.05
1968.33
1970.61
1972.87
1975.12
1977.33
1979.49
1981.6
1983.66
1985.64
1987.54
1989.36
1991.09
1992.72
1994.25
1995.67
1996.98
1998.18
1999.27
2000.24
2001.1
2001.85
2002.5
2003.03
2003.47
2003.81
2004.06
2004.22
2004.31
2004.32
2004.27
2004.17
2004.02
2003.82
2003.6
2003.34
2003.07
2002.79
2002.5
2002.2
2001.92
2001.64
2001.38
2001.14
2000.92
2000.72
2000.55
2000.41
2000.3
2000.22
2000.17
2000.15
2000.17
2000.21
2000.28
2000.37
2000.49
2000.63
2000.79
2000.96
2001.15
2001.34
2001.53
2001.73
2001.92
2002.09
2002.26
2002.41
2002.53
2002.63
2002.69
2002.72
2002.71
2002.65
2002.55
2002.4
2002.2
2001.94
2001.63
2001.27
2000.84
2000.37
1999.83
1999.25
1998.61
1997.92
1997.19
1996.42
1995.6
1994.76
1993.88
1992.98
1992.06
1991.13
1990.18
1989.23
1988.29
1987.34
1986.41
1985.49
1984.59
1983.71
1982.86
1982.03
1981.22
1980.45
1979.7
1978.99
1978.3
1977.64
1977
1976.39
1975.8
1975.23
1974.68
1974.13
1973.6
1973.07
1972.54
1972.01
1971.48
1970.93
1970.38
1969.8
1969.21
1968.6
1967.96
1967.3
1966.61
1965.89
1965.14
1964.36
1963.54
1962.69
1961.81
1960.89
1959.95
1958.97
1957.96
1956.92
1955.85
1954.77
1953.65
1952.52
1951.38
1950.22
1949.05
1947.88
1946.71
1945.54
1944.39
1943.25
1942.13
1941.04
1939.99
1938.97
1938
1937.08
1936.22
1935.43
1934.7
1934.05
1933.47
1932.98
1932.58
1932.26
1932.04
1931.91
1931.87
1931.92
1932.07
1932.31
1932.64
1933.06
1933.56
1934.15
1934.81
1935.54
1936.35
1937.22
1938.15
1939.14
1940.19
1941.29
1942.44
1943.64
1944.88
1946.16
1947.49
1948.87
1950.28
1951.74
1953.24
1954.79
1956.37
1958.01
1959.69
1961.42
1963.19
1965.01
1966.88
1968.79
1970.75
1972.76
1974.81
1976.9
1979.03
1981.19
1983.39
1985.62
1987.88
1990.16
1992.46
1994.77
1997.09
1999.42
2001.75
2004.07
2006.38
2008.68
2010.96
2013.21
2015.43
2017.61
2019.76
2021.86
2023.9
2025.9
2027.83
2029.7
2031.5
2033.23
2034.88
2036.45
2037.94
2039.34
2040.65
2041.88
2043.01
2044.05
2044.99
2045.84
2046.6
2047.27
2047.84
2048.33
2048.73
2049.04
2049.28
2049.44
2049.53
2049.55
2049.51
2049.42
2049.27
2049.09
2048.86
2048.61
2048.32
2048.02
2047.71
2047.39
2047.07
2046.76
2046.45
2046.16
2045.89
2045.65
2045.43
2045.24
2045.09
2044.97
2044.89
2044.85
2044.86
2044.9
2044.98
2045.11
2045.28
2045.48
2045.73
2046.01
2046.33
2046.68
2047.06
2047.47
2047.9
2048.35
2048.82
2049.31
2049.81
2050.32
2050.83
2051.34
2051.84
2052.34
2052.83
2053.3
2053.74
2054.17
2054.56
2054.92
2055.24
2055.52
2055.75
2055.93
2056.05
2056.11
2056.11
2056.04
2055.89
2055.67
2055.37
2054.98
2054.5
2053.92
2053.25
2052.48
2051.61
2050.63
2049.55
2048.35
2047.05
2045.63
2044.09
2042.45
2040.69
2038.83
2036.85
2034.77
2032.59
2030.3
2027.92
2025.45
2022.9
2020.27
2017.57
2014.8
2011.97
2009.1
2006.19
2003.24
2000.28
1997.29
1994.31
1991.33
1988.36
1985.42
1982.52
1979.65
1976.84
1974.09
1971.42
1968.82
1966.31
1963.9
1961.6
1959.41
1957.34
1955.4
1953.6
1951.94
1950.42
1949.05
1947.84
1946.79
1945.89
1945.15
1944.57
1944.15
1943.88
1943.76
1943.78
1943.95
1944.24
1944.66
1945.19
1945.82
1946.55
1947.36
1948.23
1949.17
1950.15
1951.17
1952.21
1953.26
1954.3
1955.34
1956.36
1957.34
1958.28
1959.17
1960
1960.77
1961.46
1962.07
1962.59
1963.03
1963.36
1963.59
1963.72
1963.74
1963.65
1963.44
1963.12
1962.69
1962.14
1961.47
1960.69
1959.8
1958.79
1957.68
1956.46
1955.14
1953.72
1952.21
1950.61
1948.93
1947.17
1945.34
1943.45
1941.5
1939.5
1937.46
1935.39
1933.29
1931.18
1929.06
1926.94
1924.82
1922.72
1920.65
1918.61
1916.61
1914.66
1912.76
1910.94
1909.19
1907.52
1905.94
1904.46
1903.08
1901.83
1900.69
1899.69
1898.82
1898.1
1897.54
1897.14
1896.9
1896.84
1896.96
1897.27
1897.76
1898.45
1899.33
1900.41
1901.68
1903.15
1904.81
1906.65
1908.68
1910.89
1913.27
1915.82
1918.51
1921.35
1924.33
1927.42
1930.63
1933.93
1937.32
1940.77
1944.28
1947.84
1951.42
1955.02
1958.61
1962.19
1965.74
1969.25
1972.7
1976.09
1979.39
1982.6
1985.71
1988.71
1991.59
1994.34
1996.95
1999.42
2001.75
2003.93
2005.96
2007.85
2009.58
2011.17
2012.62
2013.94
2015.12
2016.19
2017.14
2017.99
2018.74
2019.41
2020.01
2020.55
2021.04
2021.49
2021.92
2022.33
2022.74
2023.15
2023.58
2024.04
2024.53
2025.06
2025.64
2026.28
2026.98
2027.74
2028.57
2029.47
2030.45
2031.51
2032.64
2033.85
2035.14
2036.5
2037.94
2039.45
2041.04
2042.69
2044.41
2046.19
2048.02
2049.91
2051.84
2053.81
2055.81
2057.84
2059.89
2061.96
2064.02
2066.09
2068.14
2070.17
2072.18
2074.14
2076.06
2077.92
2079.71
2081.43
2083.07
2084.61
2086.06
2087.39
2088.61
2089.71
2090.67
2091.5
2092.19
2092.73
2093.12
2093.36
2093.44
2093.36
2093.12
2092.73
2092.17
2091.47
2090.61
2089.6
2088.44
2087.15
2085.72
2084.16
2082.49
2080.7
2078.8
2076.81
2074.73
2072.57
2070.34
2068.04
2065.7
2063.3
2060.87
2058.41
2055.92
2053.42
2050.91
2048.39
2045.89
2043.39
2040.9
2038.43
2035.99
2033.58
2031.21
2028.87
2026.57
2024.33
2022.14
2020
2017.93
2015.93
2014.01
2012.16
2010.39
2008.72
2007.14
2005.67
2004.3
2003.05
2001.91
2000.9
2000.02
1999.28
1998.68
1998.22
1997.92
1997.77
1997.78
1997.95
1998.28
1998.78
1999.44
2000.26
2001.25
2002.4
2003.7
2005.16
2006.76
2008.5
2010.36
2012.35
2014.45
2016.64
2018.92
2021.28
2023.71
2026.18
2028.7
2031.25
2033.81
2036.39
2038.96
2041.52
2044.06
2046.58
2049.06
2051.5
2053.9
2056.25
2058.54
2060.78
2062.96
2065.08
2067.13
2069.13
2071.06
2072.93
2074.73
2076.47
2078.15
2079.76
2081.32
2082.81
2084.25
2085.62
2086.94
2088.19
2089.39
2090.53
2091.61
2092.64
2093.6
2094.5
2095.35
2096.13
2096.85
2097.51
2098.1
2098.63
2099.1
2099.5
2099.84
2100.11
2100.32
2100.46
2100.54
2100.56
2100.52
2100.43
2100.28
2100.08
2099.83
2099.54
2099.21
2098.84
2098.45
2098.02
2097.58
2097.12
2096.64
2096.16
2095.68
2095.19
2094.71
2094.24
2093.78
2093.33
2092.89
2092.47
2092.06
2091.67
2091.3
2090.94
2090.59
2090.25
2089.92
2089.59
2089.27
2088.94
2088.61
2088.27
2087.91
2087.54
2087.15
2086.74
2086.31
2085.85
2085.37
2084.86
2084.32
2083.76
2083.18
2082.58
2081.97
2081.35
2080.72
2080.09
2079.47
2078.87
2078.28
2077.71
2077.18
2076.69
2076.24
2075.83
2075.48
2075.18
2074.93
2074.74
2074.61
2074.54
2074.51
2074.54
2074.62
2074.73
2074.89
2075.07
2075.29
2075.52
2075.77
2076.03
2076.29
2076.54
2076.79
2077.01
2077.22
2077.4
2077.54
2077.65
2077.71
2077.73
2077.7
2077.61
2077.46
2077.24
2076.96
2076.61
2076.19
2075.68
2075.1
2074.43
2073.67
2072.82
2071.88
2070.85
2069.72
2068.49
2067.16
2065.73
2064.2
2062.57
2060.83
2059
2057.07
2055.04
2052.92
2050.7
2048.4
2046.01
2043.55
2041.01
2038.4
2035.74
2033.02
2030.26
2027.46
2024.63
2021.78
2018.93
2016.07
2013.23
2010.4
2007.61
2004.86
2002.16
1999.52
1996.96
1994.49
1992.1
1989.83
1987.66
1985.62
1983.71
1981.94
1980.32
1978.85
1977.54
1976.4
1975.42
1974.61
1973.98
1973.52
1973.24
1973.12
1973.18
1973.41
1973.8
1974.35
1975.05
1975.9
1976.89
1978
1979.24
1980.58
1982.03
1983.57
1985.19
1986.89
1988.64
1990.45
1992.31
1994.2
1996.12
1998.06
2000.02
2001.98
2003.95
2005.92
2007.89
2009.85
2011.81
2013.75
2015.67
2017.59
2019.48
2021.36
2023.22
2025.06
2026.88
2028.68
2030.45
2032.2
2033.92
2035.61
2037.26
2038.88
2040.47
2042.01
2043.5
2044.95
2046.34
2047.68
2048.96
2050.18
2051.32
2052.39
2053.39
2054.31
2055.13
2055.87
2056.52
2057.06
2057.5
2057.83
2058.05
2058.15
2058.12
2057.97
2057.69
2057.27
2056.72
2056.02
2055.17
2054.17
2053.02
2051.72
2050.26
2048.64
2046.86
2044.93
2042.84
2040.59
2038.19
2035.63
2032.93
2030.09
2027.11
2023.99
2020.75
2017.39
2013.92
2010.35
2006.69
2002.94
1999.11
1995.23
1991.29
1987.31
1983.3
1979.28
1975.25
1971.23
1967.23
1963.27
1959.35
1955.48
1951.69
1947.98
1944.36
1940.84
1937.45
1934.17
1931.03
1928.04
1925.2
1922.52
1920.01
1917.68
1915.52
1913.55
1911.77
1910.19
1908.79
1907.59
1906.59
1905.78
1905.17
1904.74
1904.51
1904.45
1904.57
1904.87
1905.33
1905.95
1906.73
1907.64
1908.69
1909.87
1911.17
1912.58
1914.08
1915.68
1917.36
1919.11
1920.92
1922.79
1924.7
1926.65
1928.63
1930.63
1932.64
1934.65
1936.66
1938.66
1940.64
1942.59
1944.52
1946.41
1948.25
1950.06
1951.81
1953.5
1955.14
1956.72
1958.24
1959.69
1961.08
1962.4
1963.65
1964.84
1965.96
1967.02
1968.01
1968.94
1969.81
1970.62
1971.37
1972.07
1972.72
1973.31
1973.86
1974.36
1974.82
1975.24
1975.62
1975.97
1976.28
1976.56
1976.81
1977.03
1977.22
1977.39
1977.53
1977.65
1977.74
1977.82
1977.87
1977.9
1977.91
1977.9
1977.87
1977.82
1977.75
1977.66
1977.54
1977.41
1977.25
1977.06
1976.86
1976.63
1976.38
1976.1
1975.81
1975.49
1975.15
1974.79
1974.42
1974.03
1973.62
1973.2
1972.78
1972.34
1971.91
1971.48
1971.05
1970.63
1970.23
1969.84
1969.48
1969.14
1968.83
1968.56
1968.33
1968.14
1968
1967.91
1967.87
1967.89
1967.97
1968.11
1968.31
1968.58
1968.91
1969.3
1969.76
1970.27
1970.85
1971.49
1972.18
1972.92
1973.72
1974.55
1975.44
1976.35
1977.3
1978.28
1979.28
1980.3
1981.34
1982.38
1983.42
1984.46
1985.5
1986.52
1987.53
1988.51
1989.47
1990.4
1991.3
1992.15
1992.97
1993.75
1994.48
1995.16
1995.8
1996.39
1996.92
1997.41
1997.85
1998.25
1998.6
1998.9
1999.16
1999.38
1999.57
1999.72
1999.85
1999.95
2000.02
2000.08
2000.12
2000.15
2000.17
2000.18
2000.19
2000.2
2000.21
2000.22
2000.24
2000.25
2000.28
2000.3
2000.33
2000.35
2000.38
2000.4
2000.41
2000.42
2000.4
2000.37
2000.31
2000.22
2000.1
1999.93
1999.72
1999.46
1999.13
1998.75
1998.29
1997.76
1997.16
1996.47
1995.69
1994.83
1993.87
1992.82
1991.68
1990.44
1989.12
1987.7
1986.19
1984.6
1982.93
1981.19
1979.38
1977.51
1975.59
1973.62
1971.62
1969.6
1967.56
1965.52
1963.48
1961.47
1959.48
1957.54
1955.64
1953.81
1952.05
1950.37
1948.78
1947.3
1945.92
1944.67
1943.53
1942.53
1941.67
1940.95
1940.37
1939.94
1939.66
1939.54
1939.57
1939.75
1940.09
1940.57
1941.2
1941.97
1942.89
1943.93
1945.11
1946.4
1947.81
1949.32
1950.94
1952.64
1954.42
1956.28
1958.19
1960.16
1962.17
1964.21
1966.28
1968.36
1970.44
1972.52
1974.59
1976.63
1978.64
1980.62
1982.55
1984.43
1986.25
1988.01
1989.71
1991.34
1992.89
1994.37
1995.78
1997.11
1998.36
1999.54
2000.65
2001.69
2002.66
2003.58
2004.44
2005.25
2006.02
2006.75
2007.46
2008.14
2008.82
2009.5
2010.18
2010.89
2011.62
2012.38
2013.2
2014.06
2014.99
2016
2017.07
2018.24
2019.49
2020.84
2022.3
2023.85
2025.51
2027.27
2029.14
2031.12
2033.2
2035.37
2037.64
2039.99
2042.43
2044.94
2047.5
2050.12
2052.78
2055.47
2058.18
2060.88
2063.58
2066.25
2068.88
2071.46
2073.97
2076.4
2078.73
2080.96
2083.06
2085.03
2086.85
2088.51
2090
2091.31
2092.43
2093.36
2094.08
2094.6
2094.89
2094.97
2094.82
2094.45
2093.85
2093.03
2091.97
2090.7
2089.2
2087.49
2085.56
2083.43
2081.1
2078.57
2075.87
2072.99
2069.94
2066.75
2063.41
2059.95
2056.37
2052.68
2048.91
2045.07
2041.16
2037.2
2033.22
2029.21
2025.2
2021.19
2017.21
2013.26
2009.36
2005.51
2001.73
1998.02
1994.4
1990.87
1987.44
1984.12
1980.9
1977.8
1974.82
1971.96
1969.21
1966.59
1964.09
1961.7
1959.44
1957.29
1955.25
1953.33
1951.51
1949.81
1948.2
1946.7
1945.29
1943.99
1942.77
1941.65
1940.61
1939.67
1938.81
1938.04
1937.35
1936.74
1936.22
1935.78
1935.42
1935.14
1934.93
1934.8
1934.75
1934.77
1934.86
1935.02
1935.25
1935.54
1935.88
1936.29
1936.75
1937.26
1937.81
1938.41
1939.04
1939.7
1940.4
1941.12
1941.85
1942.61
1943.38
1944.15
1944.94
1945.72
1946.51
1947.29
1948.07
1948.84
1949.61
1950.37
1951.12
1951.86
1952.6
1953.32
1954.04
1954.76
1955.47
1956.18
1956.89
1957.6
1958.32
1959.04
1959.78
1960.52
1961.27
1962.04
1962.83
1963.63
1964.45
1965.3
1966.16
1967.05
1967.95
1968.88
1969.83
1970.8
1971.79
1972.8
1973.82
1974.86
1975.9
1976.96
1978.02
1979.08
1980.15
1981.21
1982.26
1983.3
1984.33
1985.34
1986.33
1987.3
1988.24
1989.15
1990.03
1990.88
1991.69
1992.47
1993.2
1993.9
1994.55
1995.16
1995.73
1996.26
1996.75
1997.2
1997.61
1997.98
1998.31
1998.61
1998.88
1999.12
1999.33
1999.52
1999.68
1999.82
1999.95
2000.06
2000.16
2000.26
2000.34
2000.43
2000.51
2000.59
2000.67
2000.76
2000.85
2000.95
2001.05
2001.17
2001.28
2001.41
2001.54
2001.68
2001.83
2001.97
2002.12
2002.26
2002.4
2002.54
2002.66
2002.77
2002.86
2002.93
2002.98
2003
2002.98
2002.93
2002.83
2002.68
2002.49
2002.24
2001.92
2001.55
2001.1
2000.58
1999.99
1999.31
1998.55
1997.71
1996.78
1995.76
1994.65
1993.45
1992.16
1990.78
1989.31
1987.74
1986.09
1984.36
1982.55
1980.66
1978.69
1976.66
1974.56
1972.41
1970.21
1967.96
1965.67
1963.35
1961
1958.64
1956.26
1953.87
1951.49
1949.11
1946.74
1944.38
1942.04
1939.73
1937.44
1935.17
1932.94
1930.73
1928.56
1926.41
1924.3
1922.22
1920.17
1918.15
1916.15
1914.18
1912.24
1910.32
1908.42
1906.54
1904.68
1902.85
1901.03
1899.23
1897.45
1895.68
1893.94
1892.23
1890.53
1888.87
1887.23
1885.62
1884.05
1882.52
1881.04
1879.6
1878.22
1876.89
1875.63
1874.43
1873.31
1872.27
1871.32
1870.45
1869.68
1869.02
1868.45
1867.99
1867.65
1867.42
1867.31
1867.32
1867.46
1867.71
1868.09
1868.6
1869.23
1869.99
1870.86
1871.86
1872.97
1874.2
1875.54
1876.99
1878.53
1880.18
1881.91
1883.73
1885.63
1887.6
1889.64
1891.73
1893.88
1896.06
1898.28
1900.52
1902.77
1905.03
1907.28
1909.52
1911.74
1913.92
1916.06
1918.14
1920.17
1922.13
1924.01
1925.81
1927.52
1929.13
1930.64
1932.04
1933.34
1934.52
1935.59
1936.54
1937.38
1938.1
1938.71
1939.21
1939.6
1939.89
1940.08
1940.18
1940.2
1940.14
1940
1939.81
1939.56
1939.26
1938.93
1938.57
1938.2
1937.82
1937.44
1937.06
1936.71
1936.38
1936.08
1935.82
1935.6
1935.43
1935.31
1935.25
1935.24
1935.29
1935.39
1935.56
1935.77
1936.04
1936.36
1936.72
1937.13
1937.57
1938.04
1938.53
1939.05
1939.58
1940.12
1940.67
1941.22
1941.77
1942.31
1942.84
1943.37
1943.88
1944.38
1944.86
1945.34
1945.81
1946.27
1946.73
1947.19
1947.66
1948.14
1948.63
1949.15
1949.7
1950.28
1950.91
1951.58
1952.31
1953.09
1953.94
1954.86
1955.85
1956.92
1958.06
1959.29
1960.59
1961.97
1963.43
1964.97
1966.58
1968.26
1970.01
1971.82
1973.69
1975.61
1977.58
1979.59
1981.64
1983.71
1985.8
1987.91
1990.02
1992.13
1994.24
1996.33
1998.41
2000.45
2002.46
2004.43
2006.36
2008.23
2010.04
2011.78
2013.46
2015.05
2016.56
2017.98
2019.31
2020.53
2021.65
2022.65
2023.53
2024.29
2024.92
2025.42
2025.78
2025.99
2026.06
2025.97
2025.73
2025.32
2024.76
2024.03
2023.13
2022.06
2020.83
2019.42
2017.85
2016.11
2014.2
2012.13
2009.91
2007.52
2004.99
2002.32
1999.51
1996.57
1993.51
1990.34
1987.07
1983.7
1980.25
1976.73
1973.15
1969.53
1965.87
1962.18
1958.49
1954.8
1951.12
1947.47
1943.86
1940.31
1936.81
1933.39
1930.05
1926.81
1923.67
1920.65
1917.74
1914.97
1912.33
1909.83
1907.47
1905.27
1903.21
1901.31
1899.57
1897.97
1896.54
1895.25
1894.11
1893.11
1892.26
1891.54
1890.95
1890.48
1890.13
1889.89
1889.75
1889.71
1889.75
1889.87
1890.05
1890.3
1890.6
1890.95
1891.34
1891.76
1892.2
1892.67
1893.15
1893.63
1894.13
1894.62
1895.11
1895.61
1896.09
1896.57
1897.04
1897.51
1897.97
1898.42
1898.88
1899.33
1899.79
1900.25
1900.73
1901.21
1901.72
1902.24
1902.79
1903.37
1903.97
1904.62
1905.29
1906.01
1906.77
1907.57
1908.41
1909.3
1910.23
1911.2
1912.21
1913.25
1914.33
1915.45
1916.59
1917.75
1918.94
1920.14
1921.35
1922.57
1923.8
1925.01
1926.23
1927.43
1928.61
1929.77
1930.91
1932.02
1933.09
1934.13
1935.13
1936.09
1937.01
1937.87
1938.69
1939.45
1940.17
1940.82
1941.43
1941.98
1942.48
1942.92
1943.31
1943.64
1943.93
1944.17
1944.36
1944.5
1944.6
1944.66
1944.69
1944.67
1944.63
1944.55
1944.45
1944.32
1944.17
1944
1943.81
1943.6
1943.39
1943.16
1942.93
1942.69
1942.45
1942.2
1941.96
1941.72
1941.49
1941.27
1941.06
1940.86
1940.68
1940.53
1940.4
1940.3
1940.24
1940.21
1940.22
1940.28
1940.39
1940.56
1940.79
1941.08
1941.44
1941.87
1942.38
1942.97
1943.64
1944.4
1945.25
1946.18
1947.21
1948.32
1949.52
1950.8
1952.17
1953.62
1955.14
1956.73
1958.39
1960.1
1961.86
1963.65
1965.48
1967.33
1969.2
1971.06
1972.92
1974.76
1976.58
1978.37
1980.12
1981.83
1983.48
1985.09
1986.64
1988.13
1989.57
1990.96
1992.3
1993.6
1994.87
1996.11
1997.33
1998.55
1999.76
2000.99
2002.22
2003.49
2004.77
2006.09
2007.43
2008.8
2010.19
2011.59
2012.99
2014.4
2015.78
2017.13
2018.44
2019.69
2020.87
2021.97
2022.96
2023.85
2024.63
2025.28
2025.79
2026.18
2026.42
2026.52
2026.47
2026.29
2025.96
2025.49
2024.9
2024.17
2023.32
2022.35
2021.26
2020.08
2018.79
2017.41
2015.95
2014.41
2012.81
2011.14
2009.42
2007.66
2005.86
2004.02
2002.16
2000.28
1998.4
1996.5
1994.61
1992.73
1990.85
1988.99
1987.16
1985.34
1983.56
1981.81
1980.09
1978.4
1976.75
1975.15
1973.58
1972.05
1970.55
1969.1
1967.69
1966.31
1964.97
1963.66
1962.38
1961.14
1959.92
1958.72
1957.55
1956.4
1955.26
1954.14
1953.04
1951.94
1950.85
1949.78
1948.7
1947.64
1946.58
1945.52
1944.47
1943.43
1942.38
1941.35
1940.32
1939.3
1938.29
1937.3
1936.31
1935.34
1934.39
1933.46
1932.54
1931.66
1930.8
1929.97
1929.16
1928.4
1927.67
1926.98
1926.33
1925.72
1925.16
1924.65
1924.2
1923.8
1923.46
1923.18
1922.97
1922.82
1922.75
1922.75
1922.83
1922.99
1923.24
1923.57
1923.99
1924.5
1925.11
1925.81
1926.6
1927.49
1928.47
1929.54
1930.7
1931.94
1933.27
1934.68
1936.16
1937.7
1939.31
1940.97
1942.68
1944.43
1946.21
1948.01
1949.83
1951.65
1953.47
1955.28
1957.06
1958.81
1960.53
1962.2
1963.81
1965.36
1966.83
1968.23
1969.53
1970.75
1971.86
1972.86
1973.75
1974.52
1975.16
1975.68
1976.07
1976.32
1976.43
1976.4
1976.23
1975.92
1975.46
1974.87
1974.13
1973.25
1972.24
1971.1
1969.83
1968.44
1966.92
1965.3
1963.57
1961.74
1959.81
1957.81
1955.73
1953.57
1951.36
1949.1
1946.8
1944.46
1942.1
1939.71
1937.32
1934.93
1932.55
1930.18
1927.83
1925.51
1923.22
1920.96
1918.75
1916.59
1914.47
1912.41
1910.41
1908.46
1906.56
1904.73
1902.95
1901.23
1899.57
1897.97
1896.41
1894.91
1893.46
1892.05
1890.69
1889.37
1888.08
1886.84
1885.62
1884.43
1883.27
1882.14
1881.03
1879.93
1878.86
1877.81
1876.78
1875.76
1874.77
1873.79
1872.84
1871.9
1870.99
1870.11
1869.26
1868.44
1867.66
1866.92
1866.22
1865.58
1864.98
1864.44
1863.96
1863.54
1863.19
1862.91
1862.71
1862.58
1862.54
1862.57
1862.69
1862.9
1863.19
1863.57
1864.05
1864.61
1865.26
1866
1866.83
1867.75
1868.75
1869.85
1871.02
1872.28
1873.63
1875.05
1876.55
1878.12
1879.76
1881.47
1883.24
1885.08
1886.97
1888.91
1890.9
1892.93
1895
1897.11
1899.24
1901.4
1903.57
1905.76
1907.95
1910.15
1912.34
1914.52
1916.69
1918.84
1920.97
1923.07
1925.14
1927.17
1929.16
1931.11
1933.01
1934.86
1936.66
1938.4
1940.09
1941.71
1943.28
1944.78
1946.22
1947.59
1948.9
1950.15
1951.32
1952.43
1953.48
1954.46
1955.37
1956.22
1957
1957.72
1958.38
1958.97
1959.5
1959.98
1960.39
1960.75
1961.06
1961.31
1961.51
1961.66
1961.77
1961.83
1961.85
1961.82
1961.77
1961.67
1961.55
1961.39
1961.21
1961.01
1960.78
1960.54
1960.28
1960.01
1959.72
1959.44
1959.14
1958.85
1958.55
1958.26
1957.97
1957.68
1957.4
1957.13
1956.87
1956.62
1956.39
1956.16
1955.94
1955.74
1955.55
1955.37
1955.19
1955.03
1954.88
1954.73
1954.58
1954.44
1954.3
1954.16
1954.01
1953.85
1953.69
1953.51
1953.31
1953.09
1952.85
1952.58
1952.28
1951.95
1951.58
1951.17
1950.71
1950.21
1949.66
1949.05
1948.39
1947.67
1946.9
1946.06
1945.16
1944.2
1943.18
1942.11
1940.97
1939.77
1938.52
1937.22
1935.86
1934.46
1933.02
1931.54
1930.04
1928.5
1926.95
1925.38
1923.8
1922.23
1920.66
1919.11
1917.58
1916.08
1914.61
1913.2
1911.83
1910.52
1909.28
1908.12
1907.03
1906.04
1905.14
1904.34
1903.64
1903.06
1902.6
1902.27
1902.06
1902
1902.07
1902.29
1902.65
1903.18
1903.85
1904.69
1905.69
1906.86
1908.19
1909.68
1911.33
1913.14
1915.1
1917.21
1919.47
1921.85
1924.37
1927
1929.74
1932.56
1935.47
1938.45
1941.48
1944.55
1947.65
1950.76
1953.87
1956.96
1960.02
1963.04
1966.01
1968.91
1971.74
1974.48
1977.13
1979.68
1982.12
1984.45
1986.65
1988.74
1990.7
1992.53
1994.23
1995.8
1997.23
1998.53
1999.69
2000.72
2001.61
2002.37
2002.98
2003.47
2003.81
2004.01
2004.07
2004
2003.78
2003.42
2002.91
2002.26
2001.47
2000.53
1999.45
1998.22
1996.84
1995.32
1993.67
1991.87
1989.94
1987.88
1985.7
1983.4
1980.98
1978.46
1975.84
1973.13
1970.34
1967.49
1964.56
1961.59
1958.58
1955.54
1952.47
1949.4
1946.32
1943.25
1940.2
1937.18
1934.19
1931.24
1928.34
1925.5
1922.72
1920.01
1917.38
1914.81
1912.33
1909.93
1907.62
1905.4
1903.27
1901.22
1899.28
1897.43
1895.67
1894.02
1892.47
1891.03
1889.69
1888.46
1887.34
1886.34
1885.46
1884.7
1884.07
1883.56
1883.18
1882.94
1882.84
1882.87
1883.03
1883.34
1883.78
1884.35
1885.06
1885.9
1886.86
1887.95
1889.14
1890.45
1891.86
1893.35
1894.94
1896.59
1898.31
1900.09
1901.91
1903.77
1905.65
1907.54
1909.44
1911.34
1913.22
1915.09
1916.92
1918.71
1920.46
1922.17
1923.81
1925.4
1926.92
1928.38
1929.76
1931.08
1932.32
1933.49
1934.59
1935.61
1936.57
1937.45
1938.27
1939.02
1939.7
1940.33
1940.89
1941.4
1941.85
1942.25
1942.6
1942.89
1943.15
1943.35
1943.51
1943.62
1943.69
1943.72
1943.71
1943.65
1943.55
1943.41
1943.23
1943
1942.73
1942.42
1942.06
1941.66
1941.22
1940.73
1940.19
1939.61
1938.98
1938.3
1937.58
1936.81
1935.99
1935.12
1934.21
1933.25
1932.23
1931.17
1930.05
1928.88
1927.66
1926.38
1925.04
1923.65
1922.2
1920.68
1919.11
1917.48
1915.78
1914.02
1912.2
1910.31
1908.36
1906.35
1904.28
1902.15
1899.96
1897.72
1895.43
1893.1
1890.72
1888.31
1885.87
1883.4
1880.91
1878.42
1875.91
1873.41
1870.92
1868.44
1865.99
1863.58
1861.2
1858.87
1856.6
1854.4
1852.26
1850.2
1848.23
1846.34
1844.56
1842.88
1841.3
1839.84
1838.5
1837.27
1836.18
1835.21
1834.37
1833.66
1833.09
1832.66
1832.37
1832.21
1832.2
1832.32
1832.59
1833
1833.54
1834.23
1835.06
1836.03
1837.14
1838.38
1839.76
1841.28
1842.92
1844.69
1846.58
1848.6
1850.73
1852.98
1855.33
1857.79
1860.34
1862.98
1865.69
1868.49
1871.34
1874.25
1877.21
1880.21
1883.23
1886.27
1889.32
1892.36
1895.4
1898.41
1901.39
1904.33
1907.23
1910.06
1912.84
1915.54
1918.18
1920.73
1923.2
1925.58
1927.87
1930.08
1932.19
1934.22
1936.16
1938.01
1939.78
1941.47
1943.08
1944.63
1946.11
1947.53
1948.89
1950.21
1951.48
1952.72
1953.93
1955.12
1956.29
1957.44
1958.59
1959.74
1960.88
1962.04
1963.2
1964.37
1965.55
1966.75
1967.97
1969.2
1970.45
1971.72
1973
1974.3
1975.6
1976.92
1978.24
1979.57
1980.91
1982.24
1983.56
1984.88
1986.2
1987.5
1988.79
1990.06
1991.32
1992.56
1993.78
1994.98
1996.17
1997.34
1998.49
1999.63
2000.76
2001.87
2002.98
2004.08
2005.18
2006.28
2007.38
2008.49
2009.6
2010.72
2011.85
2013
2014.15
2015.32
2016.5
2017.7
2018.9
2020.11
2021.33
2022.55
2023.78
2025
2026.21
2027.42
2028.61
2029.79
2030.95
2032.08
2033.18
2034.25
2035.29
2036.28
2037.23
2038.13
2038.99
2039.79
2040.53
2041.21
2041.83
2042.38
2042.87
2043.29
2043.63
2043.91
2044.11
2044.24
2044.29
2044.27
2044.18
2044.02
2043.79
2043.49
2043.12
2042.7
2042.22
2041.68
2041.1
2040.47
2039.8
2039.09
2038.35
2037.58
2036.78
2035.96
2035.12
2034.26
2033.38
2032.48
2031.57
2030.64
2029.7
2028.74
2027.76
2026.76
2025.74
2024.7
2023.63
2022.54
2021.43
2020.29
2019.12
2017.92
2016.69
2015.44
2014.15
2012.84
2011.5
2010.14
2008.75
2007.34
2005.9
2004.44
2002.97
2001.47
1999.97
1998.45
1996.91
1995.37
1993.82
1992.26
1990.7
1989.13
1987.56
1985.98
1984.4
1982.81
1981.22
1979.61
1978
1976.38
1974.74
1973.09
1971.42
1969.73
