-4253.78
-4252.06
-4249.64
-4246.51
-4242.67
-4238.11
-4232.83
-4226.82
-4220.07
-4212.58
-4204.33
-4195.3
-4185.5
-4174.9
-4163.49
-4151.25
-4138.18
-4124.25
-4109.45
-4093.76
-4077.16
-4059.64
-4041.16
-4021.71
-4001.28
-3979.84
-3957.36
-3933.83
-3909.23
-3883.54
-3856.74
-3828.8
-3799.72
-3769.47
-3738.05
-3705.44
-3671.63
-3636.62
-3600.41
-3563.01
-3524.42
-3484.67
-3443.76
-3401.74
-3358.63
-3314.48
-3269.35
-3223.28
-3176.36
-3128.65
-3080.23
-3031.18
-2981.61
-2931.6
-2881.26
-2830.68
-2779.96
-2729.22
-2678.54
-2628.04
-2577.82
-2527.98
-2478.63
-2429.87
-2381.8
-2334.53
-2288.16
-2242.8
-2198.54
-2155.49
-2113.74
-2073.4
-2034.55
-1997.27
-1961.65
-1927.74
-1895.62
-1865.33
-1836.91
-1810.4
-1785.82
-1763.16
-1742.44
-1723.63
-1706.72
-1691.67
-1678.44
-1666.98
-1657.23
-1649.13
-1642.61
-1637.6
-1634.01
-1631.78
-1630.8
-1631.01
-1632.32
-1634.64
-1637.89
-1641.99
-1646.87
-1652.44
-1658.62
-1665.36
-1672.58
-1680.21
-1688.2
-1696.49
-1705.01
-1713.73
-1722.59
-1731.54
-1740.54
-1749.56
-1758.56
-1767.5
-1776.36
-1785.1
-1793.69
-1802.11
-1810.35
-1818.37
-1826.16
-1833.7
-1840.97
-1847.97
-1854.69
-1861.1
-1867.22
-1873.02
-1878.51
-1883.7
-1888.58
-1893.15
-1897.43
-1901.43
-1905.15
-1908.62
-1911.84
-1914.84
-1917.62
-1920.22
-1922.63
-1924.89
-1927.01
-1929
-1930.86
-1932.61
-1934.26
-1935.79
-1937.23
-1938.55
-1939.76
-1940.86
-1941.82
-1942.65
-1943.33
-1943.86
-1944.23
-1944.43
-1944.46
-1944.3
-1943.96
-1943.43
-1942.71
-1941.8
-1940.7
-1939.4
-1937.92
-1936.25
-1934.4
-1932.36
-1930.15
-1927.76
-1925.19
-1922.46
-1919.57
-1916.52
-1913.31
-1909.95
-1906.45
-1902.8
-1899.03
-1895.13
-1891.12
-1887
-1882.78
-1878.47
-1874.08
-1869.63
-1865.13
-1860.59
-1856.02
-1851.43
-1846.85
-1842.28
-1837.74
-1833.25
-1828.81
-1824.44
-1820.15
-1815.96
-1811.87
-1807.9
-1804.06
-1800.35
-1796.79
-1793.38
-1790.13
-1787.05
-1784.13
-1781.39
-1778.82
-1776.44
-1774.23
-1772.21
-1770.37
-1768.72
-1767.24
-1765.94
-1764.81
-1763.86
-1763.08
-1762.45
-1761.99
-1761.67
-1761.5
-1761.48
-1761.58
-1761.81
-1762.17
-1762.64
-1763.23
-1763.92
-1764.71
-1765.61
-1766.6
-1767.69
-1768.88
-1770.16
-1771.53
-1773
-1774.57
-1776.24
-1778.01
-1779.89
-1781.87
-1783.97
-1786.18
-1788.51
-1790.96
-1793.53
-1796.22
-1799.04
-1801.99
-1805.06
-1808.24
-1811.55
-1814.98
-1818.51
-1822.15
-1825.88
-1829.71
-1833.61
-1837.59
-1841.62
-1845.71
-1849.83
-1853.97
-1858.13
-1862.29
-1866.43
-1870.54
-1874.62
-1878.63
-1882.59
-1886.46
-1890.23
-1893.91
-1897.46
-1900.89
-1904.18
-1907.33
-1910.32
-1913.14
-1915.79
-1918.27
-1920.56
-1922.67
-1924.58
-1926.31
-1927.84
-1929.19
-1930.34
-1931.31
-1932.09
-1932.7
-1933.14
-1933.42
-1933.54
-1933.52
-1933.37
-1933.09
-1932.71
-1932.23
-1931.67
-1931.04
-1930.35
-1929.63
-1928.88
-1928.12
-1927.35
-1926.61
-1925.88
-1925.19
-1924.55
-1923.95
-1923.42
-1922.95
-1922.54
-1922.2
-1921.94
-1921.73
-1921.6
-1921.52
-1921.5
-1921.53
-1921.61
-1921.72
-1921.87
-1922.04
-1922.23
-1922.43
-1922.65
-1922.86
-1923.08
-1923.3
-1923.52
-1923.74
-1923.96
-1924.19
-1924.44
-1924.7
-1924.99
-1925.32
-1925.69
-1926.12
-1926.63
-1927.21
-1927.88
-1928.66
-1929.55
-1930.57
-1931.71
-1932.98
-1934.39
-1935.94
-1937.63
-1939.46
-1941.42
-1943.51
-1945.71
-1948.03
-1950.44
-1952.95
-1955.54
-1958.2
-1960.91
-1963.68
-1966.48
-1969.31
-1972.15
-1975.01
-1977.87
-1980.72
-1983.56
-1986.38
-1989.18
-1991.93
-1994.65
-1997.33
-1999.94
-2002.5
-2004.98
-2007.39
-2009.71
-2011.93
-2014.04
-2016.04
-2017.9
-2019.63
-2021.22
-2022.65
-2023.91
-2025
-2025.91
-2026.63
-2027.17
-2027.52
-2027.68
-2027.65
-2027.44
-2027.06
-2026.51
-2025.81
-2024.97
-2024
-2022.93
-2021.77
-2020.54
-2019.26
-2017.94
-2016.62
-2015.31
-2014.03
-2012.78
-2011.6
-2010.48
-2009.45
-2008.5
-2007.65
-2006.88
-2006.21
-2005.64
-2005.15
-2004.73
-2004.4
-2004.13
-2003.91
-2003.74
-2003.62
-2003.52
-2003.46
-2003.42
-2003.39
-2003.39
-2003.4
-2003.44
-2003.5
-2003.59
-2003.71
-2003.88
-2004.1
-2004.38
-2004.73
-2005.16
-2005.68
-2006.3
-2007.03
-2007.87
-2008.83
-2009.92
-2011.14
-2012.49
-2013.97
-2015.59
-2017.33
-2019.21
-2021.21
-2023.33
-2025.55
-2027.88
-2030.31
-2032.82
-2035.4
-2038.05
-2040.75
-2043.48
-2046.25
-2049.04
-2051.83
-2054.62
-2057.39
-2060.13
-2062.83
-2065.49
-2068.08
-2070.61
-2073.06
-2075.43
-2077.71
-2079.88
-2081.94
-2083.89
-2085.72
-2087.41
-2088.97
-2090.39
-2091.67
-2092.79
-2093.75
-2094.56
-2095.19
-2095.65
-2095.93
-2096.03
-2095.95
-2095.67
-2095.2
-2094.53
-2093.66
-2092.58
-2091.3
-2089.81
-2088.12
-2086.21
-2084.1
-2081.78
-2079.25
-2076.52
-2073.6
-2070.49
-2067.19
-2063.71
-2060.07
-2056.27
-2052.31
-2048.22
-2044.01
-2039.69
-2035.26
-2030.76
-2026.18
-2021.55
-2016.89
-2012.2
-2007.5
-2002.81
-1998.15
-1993.52
-1988.94
-1984.43
-1980
-1975.65
-1971.4
-1967.27
-1963.24
-1959.35
-1955.58
-1951.95
-1948.45
-1945.11
-1941.9
-1938.85
-1935.95
-1933.19
-1930.59
-1928.13
-1925.82
-1923.67
-1921.66
-1919.8
-1918.09
-1916.52
-1915.11
-1913.84
-1912.72
-1911.76
-1910.94
-1910.28
-1909.77
-1909.42
-1909.23
-1909.2
-1909.34
-1909.63
-1910.09
-1910.71
-1911.49
-1912.43
-1913.53
-1914.79
-1916.19
-1917.74
-1919.42
-1921.24
-1923.17
-1925.22
-1927.38
-1929.62
-1931.94
-1934.34
-1936.79
-1939.29
-1941.83
-1944.39
-1946.97
-1949.55
-1952.13
-1954.7
-1957.24
-1959.76
-1962.24
-1964.69
-1967.08
-1969.44
-1971.74
-1973.98
-1976.18
-1978.32
-1980.4
-1982.44
-1984.42
-1986.35
-1988.24
-1990.08
-1991.88
-1993.65
-1995.38
-1997.09
-1998.77
-2000.43
-2002.07
-2003.71
-2005.34
-2006.96
-2008.58
-2010.21
-2011.83
-2013.47
-2015.11
-2016.76
-2018.42
-2020.08
-2021.75
-2023.43
-2025.11
-2026.79
-2028.46
-2030.12
-2031.78
-2033.41
-2035.03
-2036.61
-2038.17
-2039.68
-2041.16
-2042.59
-2043.96
-2045.28
-2046.53
-2047.72
-2048.85
-2049.9
-2050.87
-2051.78
-2052.6
-2053.34
-2054.01
-2054.6
-2055.11
-2055.54
-2055.9
-2056.18
-2056.4
-2056.54
-2056.62
-2056.64
-2056.6
-2056.51
-2056.36
-2056.17
-2055.94
-2055.67
-2055.36
-2055.03
-2054.66
-2054.27
-2053.87
-2053.44
-2053
-2052.54
-2052.07
-2051.58
-2051.09
-2050.58
-2050.07
-2049.54
-2048.99
-2048.44
-2047.86
-2047.27
-2046.65
-2046.01
-2045.35
-2044.66
-2043.94
-2043.2
-2042.42
-2041.61
-2040.78
-2039.91
-2039.01
-2038.08
-2037.13
-2036.15
-2035.16
-2034.14
-2033.1
-2032.05
-2030.99
-2029.91
-2028.83
-2027.74
-2026.64
-2025.53
-2024.41
-2023.28
-2022.14
-2020.98
-2019.81
-2018.61
-2017.38
-2016.12
-2014.83
-2013.49
-2012.12
-2010.69
-2009.21
-2007.68
-2006.09
-2004.45
-2002.75
-2001
-1999.19
-1997.34
-1995.44
-1993.51
-1991.54
-1989.56
-1987.55
-1985.55
-1983.56
-1981.59
-1979.65
-1977.77
-1975.95
-1974.21
-1972.56
-1971.02
-1969.6
-1968.31
-1967.17
-1966.18
-1965.36
-1964.71
-1964.23
-1963.92
-1963.78
-1963.81
-1964
-1964.34
-1964.82
-1965.43
-1966.15
-1966.97
-1967.86
-1968.82
-1969.81
-1970.83
-1971.85
-1972.86
-1973.83
-1974.76
-1975.62
-1976.4
-1977.09
-1977.67
-1978.14
-1978.49
-1978.7
-1978.77
-1978.7
-1978.49
-1978.12
-1977.6
-1976.92
-1976.1
-1975.11
-1973.98
-1972.7
-1971.26
-1969.68
-1967.96
-1966.1
-1964.1
-1961.97
-1959.72
-1957.34
-1954.84
-1952.23
-1949.52
-1946.71
-1943.81
-1940.82
-1937.77
-1934.65
-1931.49
-1928.29
-1925.06
-1921.83
-1918.6
-1915.41
-1912.25
-1909.15
-1906.13
-1903.21
-1900.41
-1897.74
-1895.23
-1892.88
-1890.73
-1888.77
-1887.04
-1885.53
-1884.26
-1883.24
-1882.47
-1881.97
-1881.73
-1881.76
-1882.05
-1882.6
-1883.41
-1884.48
-1885.79
-1887.35
-1889.13
-1891.14
-1893.36
-1895.79
-1898.4
-1901.2
-1904.17
-1907.3
-1910.58
-1914
-1917.56
-1921.23
-1925.01
-1928.9
-1932.88
-1936.95
-1941.09
-1945.3
-1949.57
-1953.88
-1958.24
-1962.62
-1967.02
-1971.44
-1975.85
-1980.25
-1984.63
-1988.97
-1993.27
-1997.51
-2001.69
-2005.79
-2009.81
-2013.72
-2017.54
-2021.24
-2024.81
-2028.26
-2031.56
-2034.72
-2037.73
-2040.59
-2043.28
-2045.8
-2048.15
-2050.32
-2052.31
-2054.11
-2055.73
-2057.15
-2058.38
-2059.4
-2060.23
-2060.85
-2061.26
-2061.47
-2061.46
-2061.24
-2060.81
-2060.16
-2059.3
-2058.23
-2056.94
-2055.43
-2053.72
-2051.81
-2049.69
-2047.37
-2044.86
-2042.17
-2039.3
-2036.27
-2033.07
-2029.73
-2026.25
-2022.65
-2018.94
-2015.13
-2011.24
-2007.28
-2003.27
-1999.22
-1995.16
-1991.09
-1987.03
-1983
-1979.02
-1975.1
-1971.25
-1967.49
-1963.83
-1960.29
-1956.88
-1953.61
-1950.5
-1947.54
-1944.76
-1942.15
-1939.73
-1937.5
-1935.46
-1933.62
-1931.98
-1930.55
-1929.3
-1928.26
-1927.41
-1926.75
-1926.28
-1925.98
-1925.85
-1925.88
-1926.07
-1926.4
-1926.87
-1927.46
-1928.17
-1928.97
-1929.87
-1930.86
-1931.92
-1933.04
-1934.22
-1935.45
-1936.72
-1938.03
-1939.36
-1940.73
-1942.12
-1943.53
-1944.96
-1946.42
-1947.89
-1949.39
-1950.92
-1952.47
-1954.06
-1955.68
-1957.33
-1959.03
-1960.78
-1962.57
-1964.41
-1966.31
-1968.25
-1970.25
-1972.31
-1974.41
-1976.56
-1978.76
-1980.99
-1983.26
-1985.56
-1987.87
-1990.2
-1992.52
-1994.83
-1997.13
-1999.38
-2001.6
-2003.75
-2005.84
-2007.84
-2009.75
-2011.56
-2013.25
-2014.81
-2016.24
-2017.52
-2018.65
-2019.62
-2020.43
-2021.07
-2021.53
-2021.82
-2021.94
-2021.89
-2021.66
-2021.26
-2020.7
-2019.98
-2019.1
-2018.07
-2016.9
-2015.6
-2014.17
-2012.63
-2010.99
-2009.25
-2007.43
-2005.53
-2003.57
-2001.55
-1999.5
-1997.4
-1995.29
-1993.16
-1991.03
-1988.9
-1986.78
-1984.68
-1982.6
-1980.55
-1978.53
-1976.55
-1974.61
-1972.71
-1970.85
-1969.03
-1967.25
-1965.51
-1963.79
-1962.11
-1960.45
-1958.8
-1957.16
-1955.53
-1953.89
-1952.25
-1950.58
-1948.89
-1947.16
-1945.4
-1943.59
-1941.74
-1939.83
-1937.87
-1935.86
-1933.8
-1931.69
-1929.53
-1927.34
-1925.11
-1922.86
-1920.6
-1918.34
-1916.1
-1913.88
-1911.71
-1909.6
-1907.57
-1905.63
-1903.81
-1902.11
-1900.57
-1899.18
-1897.98
-1896.97
-1896.16
-1895.57
-1895.21
-1895.08
-1895.19
-1895.54
-1896.13
-1896.96
-1898.04
-1899.34
-1900.88
-1902.63
-1904.59
-1906.75
-1909.09
-1911.59
-1914.26
-1917.06
-1919.98
-1923.01
-1926.12
-1929.31
-1932.56
-1935.85
-1939.16
-1942.48
-1945.8
-1949.11
-1952.38
-1955.62
-1958.81
-1961.94
-1965
-1967.99
-1970.91
-1973.74
-1976.49
-1979.15
-1981.73
-1984.22
-1986.63
-1988.95
-1991.19
-1993.36
-1995.45
-1997.47
-1999.42
-2001.31
-2003.13
-2004.9
-2006.62
-2008.27
-2009.88
-2011.43
-2012.93
-2014.38
-2015.77
-2017.11
-2018.38
-2019.6
-2020.75
-2021.83
-2022.84
-2023.78
-2024.63
-2025.41
-2026.1
-2026.7
-2027.22
-2027.64
-2027.97
-2028.21
-2028.35
-2028.4
-2028.35
-2028.22
-2027.99
-2027.67
-2027.26
-2026.76
-2026.17
-2025.5
-2024.74
-2023.9
-2022.98
-2021.97
-2020.88
-2019.71
-2018.46
-2017.14
-2015.73
-2014.24
-2012.68
-2011.04
-2009.32
-2007.54
-2005.68
-2003.76
-2001.77
-1999.72
-1997.61
-1995.46
-1993.26
-1991.01
-1988.74
-1986.44
-1984.13
-1981.8
-1979.47
-1977.15
-1974.85
-1972.58
-1970.34
-1968.15
-1966.01
-1963.94
-1961.94
-1960.02
-1958.2
-1956.48
-1954.86
-1953.36
-1951.99
-1950.74
-1949.62
-1948.64
-1947.81
-1947.12
-1946.58
-1946.2
-1945.97
-1945.9
-1945.98
-1946.23
-1946.63
-1947.19
-1947.9
-1948.77
-1949.79
-1950.96
-1952.28
-1953.74
-1955.34
-1957.07
-1958.93
-1960.9
-1962.99
-1965.19
-1967.49
-1969.87
-1972.34
-1974.88
-1977.48
-1980.14
-1982.84
-1985.57
-1988.33
-1991.11
-1993.89
-1996.67
-1999.44
-2002.19
-2004.92
-2007.61
-2010.26
-2012.86
-2015.42
-2017.91
-2020.34
-2022.71
-2025
-2027.23
-2029.37
-2031.44
-2033.42
-2035.32
-2037.14
-2038.86
-2040.5
-2042.05
-2043.51
-2044.88
-2046.14
-2047.32
-2048.39
-2049.35
-2050.21
-2050.97
-2051.6
-2052.12
-2052.51
-2052.78
-2052.91
-2052.9
-2052.74
-2052.43
-2051.96
-2051.33
-2050.53
-2049.55
-2048.4
-2047.06
-2045.53
-2043.82
-2041.92
-2039.82
-2037.53
-2035.06
-2032.39
-2029.55
-2026.52
-2023.32
-2019.96
-2016.44
-2012.77
-2008.96
-2005.03
-2000.98
-1996.84
-1992.6
-1988.29
-1983.93
-1979.53
-1975.1
-1970.66
-1966.24
-1961.85
-1957.5
-1953.21
-1949
-1944.89
-1940.9
-1937.03
-1933.31
-1929.75
-1926.37
-1923.17
-1920.16
-1917.37
-1914.8
-1912.45
-1910.34
-1908.47
-1906.84
-1905.46
-1904.33
-1903.45
-1902.82
-1902.44
-1902.31
-1902.43
-1902.79
-1903.38
-1904.21
-1905.26
-1906.53
-1908.01
-1909.7
-1911.57
-1913.64
-1915.88
-1918.28
-1920.84
-1923.55
-1926.38
-1929.34
-1932.4
-1935.56
-1938.8
-1942.11
-1945.48
-1948.89
-1952.33
-1955.79
-1959.26
-1962.72
-1966.16
-1969.57
-1972.94
-1976.25
-1979.5
-1982.68
-1985.77
-1988.76
-1991.66
-1994.45
-1997.11
-1999.66
-2002.07
-2004.35
-2006.49
-2008.49
-2010.33
-2012.03
-2013.58
-2014.97
-2016.2
-2017.29
-2018.22
-2019
-2019.62
-2020.11
-2020.44
-2020.64
-2020.7
-2020.63
-2020.44
-2020.12
-2019.69
-2019.15
-2018.5
-2017.76
-2016.93
-2016.02
-2015.02
-2013.96
-2012.84
-2011.65
-2010.42
-2009.14
-2007.83
-2006.48
-2005.11
-2003.72
-2002.32
-2000.91
-1999.5
-1998.09
-1996.7
-1995.32
-1993.96
-1992.62
-1991.32
-1990.04
-1988.81
-1987.61
-1986.45
-1985.34
-1984.27
-1983.24
-1982.26
-1981.31
-1980.42
-1979.56
-1978.73
-1977.94
-1977.18
-1976.44
-1975.72
-1975.02
-1974.33
-1973.63
-1972.94
-1972.24
-1971.52
-1970.79
-1970.03
-1969.25
-1968.43
-1967.58
-1966.69
-1965.76
-1964.8
-1963.79
-1962.74
-1961.64
-1960.51
-1959.33
-1958.12
-1956.86
-1955.57
-1954.23
-1952.87
-1951.46
-1950.03
-1948.56
-1947.06
-1945.53
-1943.97
-1942.38
-1940.77
-1939.14
-1937.48
-1935.82
-1934.13
-1932.44
-1930.75
-1929.06
-1927.38
-1925.71
-1924.07
-1922.45
-1920.87
-1919.34
-1917.87
-1916.46
-1915.12
-1913.87
-1912.72
-1911.66
-1910.72
-1909.9
-1909.2
-1908.64
-1908.23
-1907.96
-1907.85
-1907.9
-1908.11
-1908.48
-1909.02
-1909.73
-1910.6
-1911.64
-1912.84
-1914.2
-1915.71
-1917.36
-1919.16
-1921.09
-1923.15
-1925.32
-1927.61
-1929.99
-1932.46
-1935.02
-1937.65
-1940.34
-1943.09
-1945.89
-1948.72
-1951.59
-1954.48
-1957.39
-1960.31
-1963.24
-1966.17
-1969.1
-1972.03
-1974.94
-1977.85
-1980.74
-1983.61
-1986.47
-1989.31
-1992.12
-1994.91
-1997.67
-2000.41
-2003.1
-2005.77
-2008.39
-2010.97
-2013.49
-2015.96
-2018.36
-2020.69
-2022.95
-2025.11
-2027.17
-2029.13
-2030.97
-2032.67
-2034.24
-2035.66
-2036.91
-2037.99
-2038.89
-2039.6
-2040.1
-2040.4
-2040.47
-2040.32
-2039.94
-2039.32
-2038.45
-2037.34
-2035.99
-2034.38
-2032.52
-2030.42
-2028.07
-2025.48
-2022.65
-2019.58
-2016.3
-2012.8
-2009.09
-2005.19
-2001.1
-1996.85
-1992.44
-1987.89
-1983.23
-1978.46
-1973.61
-1968.7
-1963.76
-1958.79
-1953.84
-1948.92
-1944.05
-1939.26
-1934.58
-1930.03
-1925.63
-1921.41
-1917.39
-1913.6
-1910.04
-1906.74
-1903.72
-1900.99
-1898.57
-1896.46
-1894.67
-1893.21
-1892.08
-1891.28
-1890.81
-1890.66
-1890.82
-1891.29
-1892.06
-1893.11
-1894.42
-1895.98
-1897.77
-1899.77
-1901.96
-1904.32
-1906.82
-1909.46
-1912.2
-1915.02
-1917.91
-1920.84
-1923.8
-1926.77
-1929.73
-1932.67
-1935.57
-1938.43
-1941.22
-1943.95
-1946.6
-1949.16
-1951.64
-1954.02
-1956.31
-1958.5
-1960.59
-1962.58
-1964.47
-1966.26
-1967.97
-1969.58
-1971.1
-1972.54
-1973.91
-1975.19
-1976.41
-1977.56
-1978.65
-1979.69
-1980.67
-1981.6
-1982.48
-1983.32
-1984.12
-1984.87
-1985.59
-1986.27
-1986.9
-1987.5
-1988.05
-1988.55
-1989
-1989.39
-1989.73
-1989.99
-1990.18
-1990.29
-1990.31
-1990.23
-1990.05
-1989.75
-1989.33
-1988.78
-1988.09
-1987.26
-1986.27
-1985.13
-1983.81
-1982.33
-1980.68
-1978.84
-1976.83
-1974.63
-1972.25
-1969.7
-1966.96
-1964.04
-1960.96
-1957.7
-1954.29
-1950.73
-1947.02
-1943.18
-1939.22
-1935.15
-1930.97
-1926.71
-1922.39
-1918
-1913.57
-1909.12
-1904.66
-1900.21
-1895.78
-1891.39
-1887.06
-1882.81
-1878.65
-1874.61
-1870.69
-1866.93
-1863.33
-1859.91
-1856.68
-1853.68
-1850.9
-1848.36
-1846.09
-1844.09
-1842.37
-1840.94
-1839.82
-1839.01
-1838.52
-1838.36
-1838.53
-1839.03
-1839.86
-1841.03
-1842.53
-1844.37
-1846.52
-1848.99
-1851.77
-1854.85
-1858.22
-1861.85
-1865.75
-1869.9
-1874.27
-1878.85
-1883.62
-1888.56
-1893.66
-1898.9
-1904.25
-1909.7
-1915.22
-1920.79
-1926.41
-1932.05
-1937.68
-1943.31
-1948.9
-1954.44
-1959.92
-1965.32
-1970.64
-1975.85
-1980.95
-1985.92
-1990.76
-1995.46
-2000
-2004.39
-2008.6
-2012.65
-2016.51
-2020.19
-2023.68
-2026.98
-2030.09
-2032.99
-2035.7
-2038.2
-2040.51
-2042.61
-2044.51
-2046.21
-2047.72
-2049.03
-2050.15
-2051.08
-2051.84
-2052.41
-2052.81
-2053.05
-2053.13
-2053.06
-2052.84
-2052.48
-2052
-2051.39
-2050.67
-2049.83
-2048.9
-2047.88
-2046.77
-2045.58
-2044.32
-2043
-2041.62
-2040.19
-2038.71
-2037.18
-2035.62
-2034.03
-2032.4
-2030.75
-2029.08
-2027.38
-2025.66
-2023.91
-2022.15
-2020.37
-2018.56
-2016.74
-2014.89
-2013.01
-2011.11
-2009.19
-2007.23
-2005.25
-2003.24
-2001.19
-1999.12
-1997.01
-1994.87
-1992.71
-1990.51
-1988.29
-1986.05
-1983.78
-1981.5
-1979.21
-1976.9
-1974.59
-1972.28
-1969.97
-1967.67
-1965.38
-1963.11
-1960.86
-1958.64
-1956.45
-1954.29
-1952.18
-1950.12
-1948.1
-1946.13
-1944.22
-1942.38
-1940.59
-1938.88
-1937.24
-1935.67
-1934.18
-1932.77
-1931.46
-1930.23
-1929.1
-1928.06
-1927.13
-1926.31
-1925.59
-1924.99
-1924.51
-1924.15
-1923.9
-1923.78
-1923.78
-1923.91
-1924.15
-1924.51
-1924.99
-1925.58
-1926.28
-1927.08
-1927.97
-1928.95
-1930.02
-1931.15
-1932.35
-1933.6
-1934.9
-1936.23
-1937.59
-1938.97
-1940.37
-1941.76
-1943.15
-1944.52
-1945.87
-1947.19
-1948.47
-1949.71
-1950.9
-1952.04
-1953.11
-1954.12
-1955.05
-1955.91
-1956.69
-1957.38
-1957.98
-1958.49
-1958.91
-1959.22
-1959.44
-1959.56
-1959.57
-1959.47
-1959.28
-1958.98
-1958.58
-1958.07
-1957.46
-1956.76
-1955.96
-1955.07
-1954.08
-1953.01
-1951.86
-1950.62
-1949.32
-1947.94
-1946.49
-1944.99
-1943.42
-1941.81
-1940.15
-1938.44
-1936.7
-1934.92
-1933.12
-1931.29
-1929.45
-1927.59
-1925.73
-1923.86
-1922
-1920.14
-1918.3
-1916.47
-1914.67
-1912.9
-1911.15
-1909.44
-1907.78
-1906.15
-1904.57
-1903.04
-1901.55
-1900.12
-1898.74
-1897.41
-1896.12
-1894.89
-1893.7
-1892.55
-1891.44
-1890.37
-1889.34
-1888.33
-1887.36
-1886.41
-1885.48
-1884.58
-1883.7
-1882.84
-1882
-1881.19
-1880.41
-1879.66
-1878.94
-1878.27
-1877.64
-1877.07
-1876.57
-1876.13
-1875.77
-1875.49
-1875.31
-1875.22
-1875.25
-1875.38
-1875.63
-1876
-1876.49
-1877.1
-1877.83
-1878.69
-1879.67
-1880.76
-1881.96
-1883.26
-1884.66
-1886.16
-1887.73
-1889.38
-1891.09
-1892.86
-1894.67
-1896.52
-1898.39
-1900.29
-1902.19
-1904.09
-1905.98
-1907.86
-1909.71
-1911.53
-1913.31
-1915.05
-1916.74
-1918.38
-1919.95
-1921.47
-1922.92
-1924.3
-1925.61
-1926.85
-1928.02
-1929.11
-1930.12
-1931.07
-1931.93
-1932.73
-1933.45
-1934.1
-1934.69
-1935.21
-1935.67
-1936.07
-1936.41
-1936.71
-1936.97
-1937.18
-1937.37
-1937.53
-1937.67
-1937.81
-1937.94
-1938.07
-1938.23
-1938.4
-1938.61
-1938.86
-1939.16
-1939.51
-1939.93
-1940.42
-1940.99
-1941.64
-1942.38
-1943.21
-1944.13
-1945.15
-1946.26
-1947.46
-1948.75
-1950.13
-1951.58
-1953.11
-1954.7
-1956.35
-1958.04
-1959.76
-1961.5
-1963.25
-1965
-1966.72
-1968.42
-1970.07
-1971.65
-1973.16
-1974.58
-1975.9
-1977.11
-1978.19
-1979.13
-1979.92
-1980.56
-1981.03
-1981.34
-1981.46
-1981.4
-1981.16
-1980.73
-1980.11
-1979.3
-1978.3
-1977.12
-1975.76
-1974.21
-1972.49
-1970.61
-1968.56
-1966.35
-1963.99
-1961.5
-1958.86
-1956.11
-1953.24
-1950.26
-1947.18
-1944.01
-1940.77
-1937.46
-1934.1
-1930.68
-1927.24
-1923.77
-1920.29
-1916.8
-1913.34
-1909.89
-1906.49
-1903.13
-1899.84
-1896.62
-1893.49
-1890.47
-1887.56
-1884.78
-1882.14
-1879.66
-1877.35
-1875.22
-1873.29
-1871.56
-1870.05
-1868.77
-1867.72
-1866.92
-1866.38
-1866.1
-1866.09
-1866.36
-1866.91
-1867.74
-1868.85
-1870.25
-1871.94
-1873.91
-1876.16
-1878.69
-1881.48
-1884.55
-1887.87
-1891.44
-1895.26
-1899.3
-1903.55
-1908.01
-1912.67
-1917.49
-1922.48
-1927.62
-1932.88
-1938.26
-1943.73
-1949.27
-1954.88
-1960.53
-1966.2
-1971.87
-1977.53
-1983.15
-1988.73
-1994.23
-1999.65
-2004.97
-2010.16
-2015.22
-2020.12
-2024.86
-2029.41
-2033.76
-2037.91
-2041.82
-2045.51
-2048.95
-2052.13
-2055.05
-2057.7
-2060.07
-2062.16
-2063.95
-2065.46
-2066.67
-2067.59
-2068.21
-2068.55
-2068.59
-2068.35
-2067.83
-2067.03
-2065.97
-2064.65
-2063.08
-2061.27
-2059.23
-2056.96
-2054.49
-2051.81
-2048.95
-2045.9
-2042.69
-2039.31
-2035.79
-2032.13
-2028.34
-2024.43
-2020.41
-2016.29
-2012.08
-2007.79
-2003.42
-1998.99
-1994.51
-1989.98
-1985.41
-1980.82
-1976.21
-1971.6
-1966.98
-1962.38
-1957.81
-1953.27
-1948.77
-1944.32
-1939.93
-1935.62
-1931.38
-1927.23
-1923.18
-1919.23
-1915.38
-1911.65
-1908.04
-1904.54
-1901.17
-1897.93
-1894.82
-1891.83
-1888.97
-1886.24
-1883.64
-1881.16
-1878.81
-1876.57
-1874.45
-1872.45
-1870.56
-1868.77
-1867.1
-1865.52
-1864.05
-1862.67
-1861.4
-1860.22
-1859.15
-1858.17
-1857.29
-1856.51
-1855.83
-1855.26
-1854.8
-1854.45
-1854.22
-1854.1
-1854.11
-1854.24
-1854.49
-1854.88
-1855.4
-1856.06
-1856.84
-1857.77
-1858.83
-1860.02
-1861.35
-1862.8
-1864.38
-1866.08
-1867.9
-1869.83
-1871.87
-1874.01
-1876.24
-1878.55
-1880.95
-1883.42
-1885.95
-1888.53
-1891.17
-1893.84
-1896.54
-1899.27
-1902.01
-1904.76
-1907.5
-1910.24
-1912.95
-1915.64
-1918.3
-1920.91
-1923.47
-1925.98
-1928.41
-1930.77
-1933.05
-1935.23
-1937.32
-1939.3
-1941.17
-1942.93
-1944.56
-1946.06
-1947.43
-1948.67
-1949.77
-1950.73
-1951.55
-1952.24
-1952.79
-1953.21
-1953.5
-1953.67
-1953.72
-1953.66
-1953.5
-1953.24
-1952.9
-1952.49
-1952.02
-1951.5
-1950.94
-1950.36
-1949.76
-1949.16
-1948.56
-1947.99
-1947.44
-1946.93
-1946.48
-1946.07
-1945.73
-1945.45
-1945.24
-1945.1
-1945.03
-1945.03
-1945.11
-1945.24
-1945.45
-1945.7
-1946.01
-1946.37
-1946.76
-1947.19
-1947.64
-1948.11
-1948.59
-1949.07
-1949.55
-1950.02
-1950.49
-1950.93
-1951.36
-1951.77
-1952.15
-1952.51
-1952.84
-1953.15
-1953.44
-1953.71
-1953.97
-1954.21
-1954.43
-1954.65
-1954.87
-1955.09
-1955.32
-1955.55
-1955.8
-1956.06
-1956.35
-1956.65
-1956.99
-1957.35
-1957.75
-1958.18
-1958.64
-1959.13
-1959.66
-1960.22
-1960.81
-1961.43
-1962.09
-1962.76
-1963.47
-1964.19
-1964.93
-1965.68
-1966.45
-1967.22
-1967.99
-1968.77
-1969.54
-1970.31
-1971.07
-1971.82
-1972.55
-1973.27
-1973.96
-1974.63
-1975.28
-1975.89
-1976.48
-1977.02
-1977.53
-1977.99
-1978.4
-1978.75
-1979.04
-1979.25
-1979.39
-1979.43
-1979.38
-1979.22
-1978.94
-1978.54
-1978
-1977.32
-1976.49
-1975.51
-1974.37
-1973.06
-1971.58
-1969.94
-1968.13
-1966.17
-1964.04
-1961.78
-1959.37
-1956.85
-1954.21
-1951.49
-1948.68
-1945.83
-1942.94
-1940.04
-1937.16
-1934.32
-1931.54
-1928.85
-1926.28
-1923.84
-1921.57
-1919.48
-1917.6
-1915.95
-1914.53
-1913.37
-1912.47
-1911.84
-1911.48
-1911.4
-1911.6
-1912.06
-1912.78
-1913.74
-1914.95
-1916.37
-1917.99
-1919.8
-1921.77
-1923.88
-1926.12
-1928.45
-1930.87
-1933.34
-1935.84
-1938.37
-1940.89
-1943.38
-1945.84
-1948.24
-1950.58
-1952.82
-1954.97
-1957
-1958.92
-1960.7
-1962.34
-1963.83
-1965.18
-1966.36
-1967.38
-1968.24
-1968.93
-1969.45
-1969.81
-1970.01
-1970.04
-1969.92
-1969.65
-1969.23
-1968.67
-1967.99
-1967.18
-1966.27
-1965.25
-1964.15
-1962.97
-1961.73
-1960.43
-1959.1
-1957.74
-1956.36
-1954.99
-1953.62
-1952.28
-1950.96
-1949.68
-1948.44
-1947.25
-1946.12
-1945.05
-1944.03
-1943.07
-1942.17
-1941.32
-1940.51
-1939.75
-1939.01
-1938.31
-1937.61
-1936.92
-1936.22
-1935.5
-1934.74
-1933.94
-1933.09
-1932.17
-1931.17
-1930.07
-1928.88
-1927.58
-1926.17
-1924.63
-1922.96
-1921.15
-1919.22
-1917.14
-1914.93
-1912.58
-1910.1
-1907.49
-1904.76
-1901.91
-1898.95
-1895.9
-1892.75
-1889.53
-1886.25
-1882.91
-1879.53
-1876.13
-1872.73
-1869.33
-1865.94
-1862.6
-1859.31
-1856.08
-1852.94
-1849.89
-1846.95
-1844.13
-1841.44
-1838.91
-1836.52
-1834.31
-1832.27
-1830.41
-1828.74
-1827.26
-1825.98
-1824.9
-1824.02
-1823.34
-1822.86
-1822.58
-1822.5
-1822.61
-1822.9
-1823.37
-1824.02
-1824.83
-1825.79
-1826.89
-1828.14
-1829.5
-1830.98
-1832.56
-1834.22
-1835.96
-1837.77
-1839.63
-1841.52
-1843.45
-1845.39
-1847.33
-1849.26
-1851.17
-1853.05
-1854.89
-1856.68
-1858.41
-1860.07
-1861.65
-1863.16
-1864.57
-1865.88
-1867.09
-1868.2
-1869.19
-1870.06
-1870.82
-1871.45
-1871.96
-1872.34
-1872.59
-1872.71
-1872.69
-1872.54
-1872.26
-1871.85
-1871.3
-1870.62
-1869.81
-1868.87
-1867.81
-1866.62
-1865.32
-1863.91
-1862.39
-1860.78
-1859.08
-1857.29
-1855.44
-1853.53
-1851.57
-1849.57
-1847.56
-1845.53
-1843.52
-1841.53
-1839.57
-1837.68
-1835.85
-1834.11
-1832.48
-1830.96
-1829.57
-1828.33
-1827.25
-1826.34
-1825.61
-1825.07
-1824.72
-1824.59
-1824.66
-1824.94
-1825.43
-1826.14
-1827.05
-1828.17
-1829.49
-1831.01
-1832.71
-1834.59
-1836.63
-1838.83
-1841.18
-1843.66
-1846.26
-1848.97
-1851.77
-1854.65
-1857.6
-1860.6
-1863.65
-1866.73
-1869.83
-1872.94
-1876.04
-1879.12
-1882.18
-1885.21
-1888.19
-1891.12
-1893.99
-1896.79
-1899.51
-1902.15
-1904.7
-1907.15
-1909.49
-1911.73
-1913.86
-1915.87
-1917.75
-1919.51
-1921.14
-1922.64
-1924
-1925.22
-1926.3
-1927.24
-1928.04
-1928.7
-1929.21
-1929.58
-1929.81
-1929.91
-1929.87
-1929.69
-1929.39
-1928.96
-1928.41
-1927.75
-1926.99
-1926.12
-1925.16
-1924.1
-1922.97
-1921.77
-1920.49
-1919.16
-1917.77
-1916.33
-1914.85
-1913.32
-1911.76
-1910.17
-1908.55
-1906.9
-1905.22
-1903.5
-1901.76
-1899.99
-1898.17
-1896.33
-1894.44
-1892.51
-1890.53
-1888.5
-1886.42
-1884.29
-1882.1
-1879.86
-1877.56
-1875.2
-1872.8
-1870.34
-1867.84
-1865.29
-1862.72
-1860.11
-1857.48
-1854.85
-1852.21
-1849.58
-1846.96
-1844.38
-1841.83
-1839.34
-1836.91
-1834.55
-1832.27
-1830.08
-1828
-1826.02
-1824.16
-1822.43
-1820.83
-1819.36
-1818.04
-1816.85
-1815.81
-1814.92
-1814.17
-1813.56
-1813.1
-1812.78
-1812.6
-1812.54
-1812.62
-1812.82
-1813.13
-1813.55
-1814.08
-1814.7
-1815.42
-1816.22
-1817.09
-1818.03
-1819.03
-1820.09
-1821.2
-1822.35
-1823.55
-1824.77
-1826.02
-1827.31
-1828.61
-1829.93
-1831.28
-1832.64
-1834.03
-1835.44
-1836.87
-1838.33
-1839.82
-1841.35
-1842.92
-1844.54
-1846.21
-1847.94
-1849.73
-1851.6
-1853.55
-1855.58
-1857.69
-1859.9
-1862.19
-1864.58
-1867.06
-1869.62
-1872.26
-1874.97
-1877.74
-1880.56
-1883.41
-1886.28
-1889.16
-1892.02
-1894.84
-1897.61
-1900.31
-1902.91
-1905.41
-1907.77
-1910
-1912.06
-1913.94
-1915.63
-1917.13
-1918.41
-1919.47
-1920.31
-1920.91
-1921.28
-1921.4
-1921.29
-1920.94
-1920.34
-1919.51
-1918.45
-1917.16
-1915.65
-1913.92
-1911.99
-1909.86
-1907.54
-1905.04
-1902.38
-1899.57
-1896.61
-1893.53
-1890.34
-1887.05
-1883.69
-1880.25
-1876.78
-1873.27
-1869.75
-1866.23
-1862.74
-1859.29
-1855.9
-1852.59
-1849.38
-1846.27
-1843.3
-1840.47
-1837.79
-1835.28
-1832.96
-1830.81
-1828.86
-1827.11
-1825.56
-1824.2
-1823.04
-1822.06
-1821.27
-1820.66
-1820.2
-1819.9
-1819.75
-1819.72
-1819.81
-1820.01
-1820.31
-1820.69
-1821.14
-1821.67
-1822.26
-1822.9
-1823.59
-1824.33
-1825.11
-1825.93
-1826.78
-1827.68
-1828.61
-1829.58
-1830.58
-1831.63
-1832.71
-1833.84
-1835
-1836.22
-1837.48
-1838.79
-1840.15
-1841.57
-1843.04
-1844.56
-1846.15
-1847.79
-1849.5
-1851.27
-1853.1
-1854.99
-1856.95
-1858.97
-1861.05
-1863.19
-1865.39
-1867.64
-1869.95
-1872.31
-1874.71
-1877.16
-1879.64
-1882.15
-1884.68
-1887.24
-1889.8
-1892.37
-1894.94
-1897.51
-1900.06
-1902.59
-1905.09
-1907.56
-1910
-1912.39
-1914.73
-1917.02
-1919.25
-1921.43
-1923.53
-1925.57
-1927.54
-1929.44
-1931.26
-1933
-1934.66
-1936.24
-1937.74
-1939.15
-1940.48
-1941.73
-1942.88
-1943.95
-1944.93
-1945.82
-1946.62
-1947.33
-1947.95
-1948.48
-1948.93
-1949.28
-1949.54
-1949.72
-1949.81
-1949.82
-1949.75
-1949.59
-1949.36
-1949.06
-1948.68
-1948.23
-1947.73
-1947.16
-1946.54
-1945.87
-1945.15
-1944.4
-1943.61
-1942.79
-1941.95
-1941.1
-1940.24
-1939.38
-1938.52
-1937.66
-1936.83
-1936.01
-1935.22
-1934.46
-1933.74
-1933.05
-1932.41
-1931.82
-1931.28
-1930.8
-1930.37
-1929.99
-1929.67
-1929.42
-1929.21
-1929.07
-1928.98
-1928.95
-1928.96
-1929.03
-1929.14
-1929.29
-1929.48
-1929.7
-1929.96
-1930.24
-1930.55
-1930.87
-1931.2
-1931.54
-1931.89
-1932.24
-1932.58
-1932.92
-1933.24
-1933.55
-1933.84
-1934.11
-1934.35
-1934.56
-1934.74
-1934.89
-1935
-1935.07
-1935.1
-1935.09
-1935.02
-1934.91
-1934.74
-1934.52
-1934.24
-1933.9
-1933.49
-1933.02
-1932.48
-1931.86
-1931.16
-1930.37
-1929.5
-1928.54
-1927.49
-1926.33
-1925.07
-1923.71
-1922.24
-1920.65
-1918.95
-1917.13
-1915.2
-1913.15
-1910.98
-1908.69
-1906.3
-1903.79
-1901.18
-1898.47
-1895.66
-1892.77
-1889.8
-1886.76
-1883.66
-1880.51
-1877.33
-1874.12
-1870.9
-1867.67
-1864.46
-1861.27
-1858.11
-1855
-1851.96
-1848.98
-1846.09
-1843.28
-1840.58
-1837.99
-1835.51
-1833.16
-1830.94
-1828.85
-1826.9
-1825.09
-1823.43
-1821.91
-1820.53
-1819.3
-1818.22
-1817.29
-1816.5
-1815.86
-1815.37
-1815.03
-1814.83
-1814.79
-1814.89
-1815.15
-1815.56
-1816.12
-1816.85
-1817.73
-1818.78
-1819.98
-1821.35
-1822.89
-1824.59
-1826.46
-1828.49
-1830.68
-1833.03
-1835.53
-1838.18
-1840.97
-1843.89
-1846.94
-1850.1
-1853.36
-1856.71
-1860.14
-1863.63
-1867.16
-1870.73
-1874.32
-1877.91
-1881.48
-1885.03
-1888.52
-1891.96
-1895.31
-1898.58
-1901.74
-1904.78
-1907.69
-1910.46
-1913.08
-1915.53
-1917.82
-1919.93
-1921.86
-1923.61
-1925.16
-1926.53
-1927.71
-1928.7
-1929.51
-1930.13
-1930.58
-1930.85
-1930.95
-1930.9
-1930.69
-1930.34
-1929.86
-1929.26
-1928.54
-1927.71
-1926.79
-1925.79
-1924.72
-1923.59
-1922.41
-1921.18
-1919.93
-1918.65
-1917.36
-1916.07
-1914.78
-1913.51
-1912.25
-1911.02
-1909.83
-1908.66
-1907.54
-1906.47
-1905.44
-1904.46
-1903.53
-1902.65
-1901.82
-1901.04
-1900.31
-1899.63
-1898.99
-1898.4
-1897.84
-1897.32
-1896.82
-1896.35
-1895.9
-1895.46
-1895.03
-1894.61
-1894.19
-1893.77
-1893.33
-1892.89
-1892.43
-1891.95
-1891.45
-1890.93
-1890.38
-1889.82
-1889.23
-1888.62
-1887.98
-1887.33
-1886.67
-1885.99
-1885.3
-1884.61
-1883.92
-1883.23
-1882.55
-1881.89
-1881.24
-1880.61
-1880.01
-1879.44
-1878.91
-1878.42
-1877.97
-1877.56
-1877.2
-1876.9
-1876.64
-1876.44
-1876.29
-1876.19
-1876.14
-1876.14
-1876.19
-1876.28
-1876.41
-1876.57
-1876.76
-1876.98
-1877.22
-1877.46
-1877.71
-1877.95
-1878.19
-1878.4
-1878.59
-1878.74
-1878.85
-1878.92
-1878.93
-1878.87
-1878.75
-1878.56
-1878.3
-1877.95
-1877.52
-1877
-1876.39
-1875.69
-1874.91
-1874.03
-1873.06
-1872
-1870.85
-1869.61
-1868.28
-1866.87
-1865.38
-1863.8
-1862.15
-1860.42
-1858.61
-1856.74
-1854.79
-1852.77
-1850.69
-1848.55
-1846.35
-1844.09
-1841.77
-1839.41
-1836.99
-1834.54
-1832.04
-1829.5
-1826.93
-1824.33
-1821.71
-1819.06
-1816.41
-1813.74
-1811.07
-1808.41
-1805.76
-1803.13
-1800.52
-1797.95
-1795.42
-1792.93
-1790.5
-1788.13
-1785.83
-1783.61
-1781.47
-1779.41
-1777.45
-1775.59
-1773.82
-1772.16
-1770.6
-1769.15
-1767.81
-1766.58
-1765.46
-1764.44
-1763.54
-1762.74
-1762.05
-1761.47
-1760.99
-1760.62
-1760.35
-1760.18
-1760.12
-1760.16
-1760.31
-1760.56
-1760.92
-1761.39
-1761.97
-1762.66
-1763.47
-1764.4
-1765.44
-1766.6
-1767.88
-1769.27
-1770.79
-1772.43
-1774.18
-1776.04
-1778.02
-1780.1
-1782.28
-1784.55
-1786.92
-1789.36
-1791.87
-1794.45
-1797.07
-1799.74
-1802.45
-1805.17
-1807.91
-1810.65
-1813.37
-1816.07
-1818.74
-1821.37
-1823.94
-1826.44
-1828.87
-1831.21
-1833.45
-1835.59
-1837.62
-1839.53
-1841.31
-1842.95
-1844.45
-1845.81
-1847.01
-1848.06
-1848.96
-1849.69
-1850.26
-1850.67
-1850.92
-1851.02
-1850.95
-1850.74
-1850.39
-1849.89
-1849.26
-1848.51
-1847.65
-1846.68
-1845.61
-1844.47
-1843.25
-1841.97
-1840.65
-1839.29
-1837.91
-1836.51
-1835.11
-1833.72
-1832.35
-1831.01
-1829.71
-1828.44
-1827.23
-1826.07
-1824.97
-1823.93
-1822.96
-1822.05
-1821.21
-1820.44
-1819.74
-1819.1
-1818.53
-1818.02
-1817.57
-1817.18
-1816.84
-1816.56
-1816.32
-1816.12
-1815.97
-1815.85
-1815.76
-1815.7
-1815.67
-1815.66
-1815.66
-1815.67
-1815.7
-1815.73
-1815.77
-1815.81
-1815.85
-1815.88
-1815.91
-1815.94
-1815.96
-1815.98
-1815.99
-1816
-1816
-1816.01
-1816.01
-1816.02
-1816.04
-1816.06
-1816.09
-1816.13
-1816.19
-1816.27
-1816.37
-1816.49
-1816.63
-1816.8
-1816.99
-1817.21
-1817.45
-1817.72
-1818.02
-1818.34
-1818.68
-1819.04
-1819.42
-1819.82
-1820.24
-1820.67
-1821.1
-1821.55
-1821.99
-1822.44
-1822.89
-1823.34
-1823.78
-1824.22
-1824.65
-1825.08
-1825.5
-1825.92
-1826.33
-1826.75
-1827.18
-1827.61
-1828.06
-1828.53
-1829.03
-1829.55
-1830.12
-1830.73
-1831.39
-1832.12
-1832.91
-1833.78
-1834.72
-1835.75
-1836.87
-1838.09
-1839.41
-1840.82
-1842.34
-1843.95
-1845.67
-1847.48
-1849.38
-1851.37
-1853.44
-1855.57
-1857.77
-1860.01
-1862.29
-1864.6
-1866.91
-1869.22
-1871.51
-1873.76
-1875.96
-1878.09
-1880.14
-1882.09
-1883.93
-1885.64
-1887.21
-1888.63
-1889.88
-1890.96
-1891.85
-1892.55
-1893.05
-1893.35
-1893.45
-1893.33
-1893
-1892.46
-1891.71
-1890.76
-1889.6
-1888.25
-1886.71
-1884.99
-1883.09
-1881.03
-1878.81
-1876.46
-1873.97
-1871.36
-1868.64
-1865.83
-1862.94
-1859.98
-1856.96
-1853.89
-1850.8
-1847.68
-1844.55
-1841.42
-1838.31
-1835.21
-1832.15
-1829.12
-1826.14
-1823.2
-1820.33
-1817.53
-1814.79
-1812.13
-1809.55
-1807.04
-1804.63
-1802.3
-1800.06
-1797.9
-1795.84
-1793.87
-1791.99
-1790.21
-1788.51
-1786.9
-1785.38
-1783.95
-1782.6
-1781.33
-1780.15
-1779.05
-1778.03
-1777.08
-1776.21
-1775.41
-1774.68
-1774.03
-1773.44
-1772.91
-1772.45
-1772.06
-1771.72
-1771.45
-1771.23
-1771.06
-1770.95
-1770.89
-1770.88
-1770.91
-1770.98
-1771.09
-1771.23
-1771.4
-1771.6
-1771.81
-1772.04
-1772.28
-1772.52
-1772.75
-1772.98
-1773.18
-1773.37
-1773.52
-1773.64
-1773.72
-1773.76
-1773.74
-1773.66
-1773.53
-1773.33
-1773.07
-1772.74
-1772.34
-1771.88
-1771.34
-1770.75
-1770.1
-1769.38
-1768.62
-1767.82
-1766.98
-1766.1
-1765.21
-1764.31
-1763.41
-1762.52
-1761.65
-1760.81
-1760.02
-1759.28
-1758.6
-1758.01
-1757.5
-1757.09
-1756.79
-1756.61
-1756.56
-1756.64
-1756.86
-1757.23
-1757.76
-1758.45
-1759.31
-1760.34
-1761.54
-1762.92
-1764.48
-1766.23
-1768.15
-1770.26
-1772.56
-1775.04
-1777.69
-1780.53
-1783.54
-1786.73
-1790.08
-1793.59
-1797.27
-1801.09
-1805.06
-1809.16
-1813.39
-1817.73
-1822.18
-1826.73
-1831.36
-1836.05
-1840.81
-1845.6
-1850.42
-1855.25
-1860.08
-1864.89
-1869.66
-1874.37
-1879.01
-1883.57
-1888.01
-1892.34
-1896.52
-1900.55
-1904.41
-1908.08
-1911.55
-1914.8
-1917.83
-1920.62
-1923.15
-1925.43
-1927.45
-1929.18
-1930.64
-1931.81
-1932.7
-1933.29
-1933.6
-1933.62
-1933.35
-1932.79
-1931.96
-1930.86
-1929.49
-1927.87
-1926
-1923.9
-1921.58
-1919.05
-1916.34
-1913.45
-1910.4
-1907.21
-1903.9
-1900.49
-1897
-1893.44
-1889.85
-1886.22
-1882.59
-1878.98
-1875.39
-1871.84
-1868.36
-1864.95
-1861.62
-1858.38
-1855.25
-1852.23
-1849.32
-1846.54
-1843.87
-1841.34
-1838.93
-1836.65
-1834.49
-1832.46
-1830.55
-1828.77
-1827.1
-1825.56
-1824.12
-1822.8
-1821.59
-1820.49
-1819.49
-1818.6
-1817.81
-1817.13
-1816.54
-1816.06
-1815.68
-1815.39
-1815.2
-1815.12
-1815.13
-1815.23
-1815.43
-1815.73
-1816.12
-1816.61
-1817.18
-1817.84
-1818.59
-1819.42
-1820.32
-1821.3
-1822.34
-1823.45
-1824.61
-1825.82
-1827.07
-1828.36
-1829.67
-1831.01
-1832.36
-1833.71
-1835.06
-1836.4
-1837.72
-1839.02
-1840.3
-1841.53
-1842.73
-1843.88
-1844.97
-1846.02
-1847
-1847.93
-1848.78
-1849.57
-1850.29
-1850.94
-1851.51
-1852.01
-1852.42
-1852.76
-1853.02
-1853.19
-1853.28
-1853.29
-1853.21
-1853.04
-1852.78
-1852.44
-1852
-1851.48
-1850.87
-1850.16
-1849.37
-1848.49
-1847.52
-1846.47
-1845.32
-1844.09
-1842.78
-1841.38
-1839.9
-1838.34
-1836.7
-1834.98
-1833.19
-1831.32
-1829.37
-1827.35
-1825.26
-1823.1
-1820.86
-1818.56
-1816.19
-1813.74
-1811.23
-1808.65
-1806.01
-1803.29
-1800.52
-1797.67
-1794.77
-1791.81
-1788.79
-1785.71
-1782.59
-1779.43
-1776.23
-1773
-1769.75
-1766.48
-1763.22
-1759.96
-1756.73
-1753.53
-1750.39
-1747.3
-1744.3
-1741.39
-1738.58
-1735.9
-1733.36
-1730.97
-1728.74
-1726.69
-1724.83
-1723.15
-1721.68
-1720.42
-1719.36
-1718.51
-1717.88
-1717.45
-1717.22
-1717.19
-1717.36
-1717.7
-1718.21
-1718.89
-1719.71
-1720.67
-1721.76
-1722.95
-1724.25
-1725.63
-1727.09
-1728.61
-1730.19
-1731.81
-1733.46
-1735.14
-1736.84
-1738.55
-1740.27
-1742
-1743.72
-1745.45
-1747.17
-1748.88
-1750.6
-1752.31
-1754.02
-1755.73
-1757.45
-1759.17
-1760.91
-1762.65
-1764.41
-1766.19
-1767.99
-1769.81
-1771.66
-1773.54
-1775.45
-1777.38
-1779.35
-1781.34
-1783.36
-1785.4
-1787.46
-1789.54
-1791.63
-1793.72
-1795.81
-1797.89
-1799.95
-1802
-1804
-1805.97
-1807.89
-1809.75
-1811.54
-1813.26
-1814.9
-1816.46
-1817.92
-1819.28
-1820.55
-1821.71
-1822.77
-1823.72
-1824.56
-1825.3
-1825.94
-1826.48
-1826.93
-1827.28
-1827.55
-1827.73
-1827.84
-1827.88
-1827.85
-1827.76
-1827.61
-1827.41
-1827.16
-1826.86
-1826.52
-1826.14
-1825.72
-1825.26
-1824.76
-1824.22
-1823.64
-1823.02
-1822.36
-1821.65
-1820.9
-1820.11
-1819.26
-1818.37
-1817.44
-1816.45
-1815.42
-1814.35
-1813.24
-1812.1
-1810.92
-1809.71
-1808.48
-1807.24
-1805.99
-1804.73
-1803.49
-1802.26
-1801.05
-1799.87
-1798.74
-1797.66
-1796.63
-1795.68
-1794.8
-1794
-1793.3
-1792.7
-1792.21
-1791.82
-1791.56
-1791.41
-1791.4
-1791.51
-1791.75
-1792.12
-1792.62
-1793.25
-1794
-1794.88
-1795.87
-1796.96
-1798.16
-1799.46
-1800.84
-1802.29
-1803.81
-1805.39
-1807.01
-1808.66
-1810.34
-1812.02
-1813.71
-1815.4
-1817.06
-1818.7
-1820.31
-1821.87
-1823.38
-1824.84
-1826.24
-1827.57
-1828.84
-1830.02
-1831.13
-1832.16
-1833.11
-1833.97
-1834.74
-1835.43
-1836.03
-1836.53
-1836.95
-1837.28
-1837.51
-1837.66
-1837.71
-1837.67
-1837.55
-1837.34
-1837.04
-1836.66
-1836.19
-1835.64
-1835.01
-1834.31
-1833.53
-1832.67
-1831.74
-1830.75
-1829.69
-1828.56
-1827.38
-1826.14
-1824.84
-1823.5
-1822.11
-1820.68
-1819.21
-1817.7
-1816.17
-1814.61
-1813.03
-1811.43
-1809.82
-1808.2
-1806.58
-1804.96
-1803.34
-1801.72
-1800.12
-1798.54
-1796.97
-1795.43
-1793.91
-1792.42
-1790.97
-1789.55
-1788.16
-1786.82
-1785.52
-1784.27
-1783.07
-1781.93
-1780.84
-1779.82
-1778.86
-1777.97
-1777.15
-1776.41
-1775.76
-1775.2
-1774.73
-1774.35
-1774.08
-1773.92
-1773.87
-1773.94
-1774.13
-1774.44
-1774.88
-1775.44
-1776.13
-1776.95
-1777.9
-1778.97
-1780.16
-1781.47
-1782.88
-1784.4
-1786.01
-1787.71
-1789.49
-1791.32
-1793.21
-1795.15
-1797.11
-1799.08
-1801.06
-1803.04
-1804.99
-1806.91
-1808.79
-1810.61
-1812.37
-1814.06
-1815.66
-1817.18
-1818.61
-1819.94
-1821.16
-1822.29
-1823.3
-1824.22
-1825.03
-1825.75
-1826.36
-1826.89
-1827.34
-1827.7
-1828
-1828.24
-1828.42
-1828.56
-1828.67
-1828.75
-1828.82
-1828.88
-1828.95
-1829.02
-1829.12
-1829.24
-1829.39
-1829.59
-1829.83
-1830.12
-1830.46
-1830.86
-1831.33
-1831.86
-1832.45
-1833.12
-1833.85
-1834.66
-1835.53
-1836.48
-1837.5
-1838.6
-1839.75
-1840.98
-1842.27
-1843.62
-1845.02
-1846.47
-1847.97
-1849.51
-1851.08
-1852.67
-1854.29
-1855.91
-1857.54
-1859.16
-1860.77
-1862.36
-1863.92
-1865.45
-1866.94
-1868.38
-1869.76
-1871.09
-1872.35
-1873.55
-1874.68
-1875.74
-1876.72
-1877.62
-1878.45
-1879.2
-1879.87
-1880.46
-1880.98
-1881.43
-1881.8
-1882.1
-1882.34
-1882.51
-1882.62
-1882.67
-1882.66
-1882.61
-1882.5
-1882.35
-1882.15
-1881.92
-1881.65
-1881.35
-1881.02
-1880.66
-1880.28
-1879.87
-1879.45
-1879
-1878.53
-1878.04
-1877.54
-1877.02
-1876.47
-1875.91
-1875.33
-1874.72
-1874.09
-1873.43
-1872.75
-1872.03
-1871.28
-1870.49
-1869.66
-1868.79
-1867.87
-1866.91
-1865.89
-1864.82
-1863.69
-1862.5
-1861.25
-1859.93
-1858.56
-1857.11
-1855.59
-1854.01
-1852.36
-1850.64
-1848.85
-1846.99
-1845.06
-1843.06
-1841
-1838.88
-1836.69
-1834.44
-1832.13
-1829.76
-1827.34
-1824.87
-1822.35
-1819.79
-1817.18
-1814.54
-1811.86
-1809.16
-1806.43
-1803.69
-1800.94
-1798.18
-1795.42
-1792.67
-1789.94
-1787.24
-1784.57
-1781.95
-1779.39
-1776.89
-1774.48
-1772.15
-1769.92
-1767.81
-1765.82
-1763.97
-1762.27
-1760.72
-1759.34
-1758.14
-1757.12
-1756.29
-1755.66
-1755.23
-1755
-1754.97
-1755.13
-1755.5
-1756.05
-1756.78
-1757.68
-1758.74
-1759.94
-1761.28
-1762.73
-1764.29
-1765.92
-1767.62
-1769.37
-1771.15
-1772.94
-1774.72
-1776.48
-1778.2
-1779.88
-1781.48
-1783.01
-1784.44
-1785.78
-1787
-1788.11
-1789.09
-1789.94
-1790.66
-1791.24
-1791.68
-1791.98
-1792.13
-1792.14
-1792
-1791.72
-1791.3
-1790.74
-1790.05
-1789.21
-1788.25
-1787.15
-1785.92
-1784.57
-1783.1
-1781.51
-1779.8
-1777.99
-1776.07
-1774.05
-1771.94
-1769.74
-1767.45
-1765.1
-1762.68
-1760.21
-1757.69
-1755.14
-1752.56
-1749.97
-1747.39
-1744.83
-1742.29
-1739.8
-1737.37
-1735.02
-1732.76
-1730.61
-1728.59
-1726.71
-1724.98
-1723.42
-1722.04
-1720.86
-1719.89
-1719.13
-1718.6
-1718.31
-1718.25
-1718.44
-1718.87
-1719.55
-1720.48
-1721.65
-1723.07
-1724.73
-1726.62
-1728.73
-1731.07
-1733.63
-1736.39
-1739.35
-1742.51
-1745.84
-1749.35
-1753.03
-1756.86
-1760.84
-1764.95
-1769.2
-1773.56
-1778.03
-1782.59
-1787.24
-1791.97
-1796.75
-1801.6
-1806.48
-1811.39
-1816.32
-1821.25
-1826.17
-1831.07
-1835.94
-1840.77
-1845.54
-1850.24
-1854.86
-1859.39
-1863.81
-1868.12
-1872.3
-1876.36
-1880.26
-1884.02
-1887.61
-1891.04
-1894.3
-1897.37
-1900.26
-1902.96
-1905.47
-1907.79
-1909.91
-1911.83
-1913.56
-1915.09
-1916.43
-1917.57
-1918.53
-1919.3
-1919.9
-1920.31
-1920.56
-1920.65
-1920.58
-1920.37
-1920.01
-1919.53
-1918.91
-1918.19
-1917.35
-1916.42
-1915.39
-1914.28
-1913.09
-1911.83
-1910.5
-1909.11
-1907.66
-1906.16
-1904.61
-1903.01
-1901.36
-1899.66
-1897.91
-1896.11
-1894.26
-1892.35
-1890.38
-1888.35
-1886.26
-1884.11
-1881.89
-1879.61
-1877.26
-1874.84
-1872.36
-1869.82
-1867.21
-1864.54
-1861.82
-1859.05
-1856.24
-1853.4
-1850.52
-1847.63
-1844.72
-1841.81
-1838.91
-1836.03
-1833.17
-1830.35
-1827.58
-1824.87
-1822.22
-1819.65
-1817.16
-1814.76
-1812.46
-1810.25
-1808.14
-1806.14
-1804.24
-1802.45
-1800.75
-1799.14
-1797.62
-1796.18
-1794.81
-1793.5
-1792.25
-1791.03
-1789.84
-1788.67
-1787.5
-1786.33
-1785.14
-1783.93
-1782.67
-1781.38
-1780.03
-1778.62
-1777.14
-1775.61
-1774
-1772.32
-1770.57
-1768.76
-1766.89
-1764.95
-1762.97
-1760.95
-1758.9
-1756.83
-1754.76
-1752.69
-1750.64
-1748.63
-1746.67
-1744.79
-1742.99
-1741.29
-1739.72
-1738.29
-1737.01
-1735.9
-1734.99
-1734.27
-1733.78
-1733.51
-1733.48
-1733.7
-1734.17
-1734.91
-1735.92
-1737.19
-1738.73
-1740.53
-1742.6
-1744.91
-1747.48
-1750.27
-1753.29
-1756.52
-1759.94
-1763.53
-1767.28
-1771.17
-1775.18
-1779.29
-1783.48
-1787.72
-1792.01
-1796.32
-1800.64
-1804.94
-1809.21
-1813.43
-1817.6
-1821.69
-1825.71
-1829.63
-1833.45
-1837.17
-1840.78
-1844.26
-1847.64
-1850.89
-1854.02
-1857.02
-1859.91
-1862.68
-1865.32
-1867.85
-1870.26
-1872.56
-1874.74
-1876.8
-1878.75
-1880.59
-1882.32
-1883.92
-1885.41
-1886.78
-1888.02
-1889.14
-1890.13
-1890.99
-1891.72
-1892.3
-1892.75
-1893.05
-1893.2
-1893.2
-1893.05
-1892.75
-1892.3
-1891.7
-1890.94
-1890.04
-1888.99
-1887.79
-1886.46
-1884.99
-1883.39
-1881.67
-1879.83
-1877.89
-1875.83
-1873.68
-1871.45
-1869.13
-1866.75
-1864.3
-1861.8
-1859.25
-1856.67
-1854.06
-1851.42
-1848.78
-1846.13
-1843.49
-1840.85
-1838.24
-1835.65
-1833.09
-1830.57
-1828.1
-1825.68
-1823.31
-1821
-1818.75
-1816.58
-1814.47
-1812.44
-1810.49
-1808.62
-1806.82
-1805.1
-1803.47
-1801.91
-1800.42
-1799.02
-1797.68
-1796.41
-1795.21
-1794.07
-1792.99
-1791.96
-1790.98
-1790.06
-1789.17
-1788.33
-1787.53
-1786.76
-1786.03
-1785.33
-1784.66
-1784.02
-1783.41
-1782.83
-1782.28
-1781.76
-1781.27
-1780.82
-1780.4
-1780.02
-1779.67
-1779.37
-1779.1
-1778.88
-1778.71
-1778.58
-1778.5
-1778.47
-1778.49
-1778.57
-1778.7
-1778.88
-1779.12
-1779.41
-1779.76
-1780.16
-1780.62
-1781.13
-1781.69
-1782.29
-1782.94
-1783.63
-1784.36
-1785.12
-1785.91
-1786.72
-1787.55
-1788.4
-1789.25
-1790.11
-1790.96
-1791.81
-1792.64
-1793.46
-1794.24
-1795
-1795.73
-1796.41
-1797.05
-1797.64
-1798.17
-1798.66
-1799.08
-1799.44
-1799.73
-1799.96
-1800.12
-1800.2
-1800.22
-1800.15
-1800.01
-1799.79
-1799.49
-1799.1
-1798.64
-1798.08
-1797.44
-1796.71
-1795.88
-1794.97
-1793.95
-1792.84
-1791.63
-1790.31
-1788.89
-1787.36
-1785.73
-1783.98
-1782.12
-1780.15
-1778.07
-1775.88
-1773.58
-1771.16
-1768.65
-1766.03
-1763.31
-1760.5
-1757.6
-1754.62
-1751.58
-1748.48
-1745.32
-1742.13
-1738.92
-1735.69
-1732.47
-1729.27
-1726.1
-1722.98
-1719.93
-1716.96
-1714.09
-1711.33
-1708.71
-1706.23
-1703.92
-1701.78
-1699.82
-1698.07
-1696.51
-1695.18
-1694.06
-1693.17
-1692.5
-1692.07
-1691.85
-1691.86
-1692.08
-1692.52
-1693.15
-1693.98
-1694.98
-1696.16
-1697.49
-1698.96
-1700.56
-1702.26
-1704.07
-1705.96
-1707.92
-1709.93
-1711.98
-1714.06
-1716.15
-1718.25
-1720.34
-1722.42
-1724.47
-1726.5
-1728.48
-1730.42
-1732.32
-1734.16
-1735.96
-1737.69
-1739.38
-1741.01
-1742.59
-1744.11
-1745.59
-1747.01
-1748.39
-1749.73
-1751.03
-1752.28
-1753.5
-1754.68
-1755.84
-1756.96
-1758.05
-1759.11
-1760.14
-1761.14
-1762.12
-1763.07
-1764
-1764.9
-1765.77
-1766.62
-1767.44
-1768.24
-1769.01
-1769.77
-1770.5
-1771.22
-1771.93
-1772.63
-1773.32
-1774.01
-1774.7
-1775.4
-1776.11
-1776.84
-1777.6
-1778.39
-1779.2
-1780.06
-1780.96
-1781.9
-1782.89
-1783.92
-1785
-1786.12
-1787.29
-1788.49
-1789.73
-1790.99
-1792.27
-1793.57
-1794.86
-1796.14
-1797.41
-1798.64
-1799.83
-1800.96
-1802.03
-1803.02
-1803.93
-1804.75
-1805.45
-1806.05
-1806.54
-1806.9
-1807.13
-1807.24
-1807.22
-1807.08
-1806.82
-1806.43
-1805.93
-1805.33
-1804.62
-1803.83
-1802.95
-1802.01
-1801.01
-1799.96
-1798.88
-1797.78
-1796.67
-1795.57
-1794.48
-1793.43
-1792.42
-1791.46
-1790.57
-1789.76
-1789.03
-1788.4
-1787.87
-1787.46
-1787.16
-1787
-1786.96
-1787.07
-1787.31
-1787.71
-1788.25
-1788.94
-1789.78
-1790.78
-1791.92
-1793.22
-1794.67
-1796.26
-1798
-1799.87
-1801.88
-1804.02
-1806.29
-1808.67
-1811.16
-1813.75
-1816.44
-1819.22
-1822.08
-1825
-1827.99
-1831.02
-1834.11
-1837.22
-1840.36
-1843.51
-1846.67
-1849.83
-1852.97
-1856.1
-1859.2
-1862.26
-1865.28
-1868.26
-1871.17
-1874.03
-1876.82
-1879.53
-1882.17
-1884.72
-1887.19
-1889.57
-1891.85
-1894.04
-1896.13
-1898.11
-1899.99
-1901.76
-1903.42
-1904.97
-1906.4
-1907.72
-1908.92
-1910
-1910.96
-1911.81
-1912.53
-1913.13
-1913.61
-1913.97
-1914.22
-1914.34
-1914.34
-1914.24
-1914.02
-1913.68
-1913.25
-1912.71
-1912.06
-1911.32
-1910.49
-1909.57
-1908.57
-1907.49
-1906.33
-1905.09
-1903.79
-1902.43
-1901
-1899.52
-1897.98
-1896.39
-1894.75
-1893.06
-1891.33
-1889.55
-1887.73
-1885.86
-1883.95
-1881.99
-1879.99
-1877.95
-1875.86
-1873.72
-1871.53
-1869.3
-1867.01
-1864.67
-1862.27
-1859.81
-1857.29
-1854.71
-1852.07
-1849.36
-1846.59
-1843.75
-1840.84
-1837.86
-1834.82
-1831.7
-1828.53
-1825.29
-1822
-1818.65
-1815.25
-1811.82
-1808.34
-1804.85
-1801.33
-1797.81
-1794.29
-1790.79
-1787.32
-1783.89
-1780.51
-1777.21
-1773.98
-1770.86
-1767.85
-1764.96
-1762.21
-1759.61
-1757.17
-1754.91
-1752.83
-1750.93
-1749.23
-1747.73
-1746.43
-1745.32
-1744.42
-1743.71
-1743.19
-1742.85
-1742.68
-1742.68
-1742.82
-1743.11
-1743.53
-1744.06
-1744.69
-1745.41
-1746.21
-1747.07
-1747.98
-1748.94
-1749.93
-1750.94
-1751.97
-1753.01
-1754.06
-1755.1
-1756.15
-1757.18
-1758.21
-1759.24
-1760.25
-1761.25
-1762.24
-1763.22
-1764.18
-1765.14
-1766.09
-1767.02
-1767.94
-1768.85
-1769.75
-1770.63
-1771.49
-1772.34
-1773.17
-1773.98
-1774.77
-1775.54
-1776.28
-1777
-1777.7
-1778.36
-1779
-1779.61
-1780.2
-1780.76
-1781.29
-1781.79
-1782.28
-1782.74
-1783.18
-1783.6
-1784.01
-1784.41
-1784.79
-1785.18
-1785.56
-1785.94
-1786.33
-1786.72
-1787.14
-1787.57
-1788.02
-1788.49
-1789
-1789.54
-1790.12
-1790.75
-1791.42
-1792.13
-1792.9
-1793.73
-1794.62
-1795.56
-1796.58
-1797.65
-1798.79
-1800
-1801.28
-1802.61
-1804.01
-1805.47
-1806.98
-1808.55
-1810.15
-1811.79
-1813.46
-1815.15
-1816.84
-1818.54
-1820.22
-1821.87
-1823.49
-1825.06
-1826.57
-1828
-1829.36
-1830.62
-1831.77
-1832.81
-1833.73
-1834.52
-1835.18
-1835.7
-1836.08
-1836.31
-1836.4
-1836.35
-1836.15
-1835.81
-1835.34
-1834.74
-1834.02
-1833.18
-1832.23
-1831.18
-1830.04
-1828.81
-1827.51
-1826.15
-1824.73
-1823.26
-1821.76
-1820.24
-1818.69
-1817.14
-1815.59
-1814.04
-1812.51
-1811
-1809.52
-1808.08
-1806.67
-1805.31
-1804
-1802.74
-1801.54
-1800.39
-1799.31
-1798.29
-1797.34
-1796.44
-1795.62
-1794.86
-1794.16
-1793.53
-1792.97
-1792.47
-1792.03
-1791.66
-1791.35
-1791.09
-1790.9
-1790.76
-1790.68
-1790.65
-1790.68
-1790.75
-1790.88
-1791.06
-1791.28
-1791.54
-1791.85
-1792.2
-1792.58
-1793
-1793.46
-1793.94
-1794.45
-1794.99
-1795.55
-1796.13
-1796.72
-1797.33
-1797.95
-1798.57
-1799.19
-1799.82
-1800.44
-1801.05
-1801.66
-1802.26
-1802.84
-1803.41
-1803.96
-1804.49
-1805.01
-1805.5
-1805.97
-1806.41
-1806.83
-1807.23
-1807.6
-1807.94
-1808.26
-1808.54
-1808.8
-1809.02
-1809.22
-1809.38
-1809.5
-1809.59
-1809.64
-1809.66
-1809.63
-1809.57
-1809.47
-1809.33
-1809.15
-1808.94
-1808.69
-1808.41
-1808.09
-1807.75
-1807.38
-1806.99
-1806.59
-1806.17
-1805.75
-1805.33
-1804.92
-1804.52
-1804.14
-1803.79
-1803.46
-1803.18
-1802.94
-1802.75
-1802.62
-1802.54
-1802.53
-1802.58
-1802.7
-1802.89
-1803.14
-1803.45
-1803.83
-1804.27
-1804.76
-1805.3
-1805.87
-1806.49
-1807.12
-1807.78
-1808.44
-1809.11
-1809.76
-1810.4
-1811
-1811.57
-1812.1
-1812.57
-1812.98
-1813.32
-1813.59
-1813.78
-1813.89
-1813.9
-1813.82
-1813.64
-1813.36
-1812.98
-1812.5
-1811.91
-1811.21
-1810.41
-1809.5
-1808.48
-1807.36
-1806.14
-1804.82
-1803.39
-1801.88
-1800.26
-1798.57
-1796.78
-1794.92
-1792.99
-1790.99
-1788.94
-1786.83
-1784.69
-1782.51
-1780.31
-1778.1
-1775.89
-1773.69
-1771.51
-1769.38
-1767.29
-1765.26
-1763.31
-1761.45
-1759.68
-1758.03
-1756.5
-1755.1
-1753.85
-1752.75
-1751.8
-1751.02
-1750.41
-1749.97
-1749.7
-1749.61
-1749.69
-1749.95
-1750.37
-1750.95
-1751.68
-1752.56
-1753.58
-1754.73
-1755.99
-1757.35
-1758.8
-1760.33
-1761.91
-1763.54
-1765.2
-1766.88
-1768.56
-1770.23
-1771.86
-1773.46
-1775.01
-1776.49
-1777.9
-1779.23
-1780.46
-1781.6
-1782.63
-1783.55
-1784.36
-1785.05
-1785.63
-1786.09
-1786.43
-1786.67
-1786.79
-1786.81
-1786.73
-1786.55
-1786.29
-1785.94
-1785.52
-1785.03
-1784.48
-1783.87
-1783.22
-1782.53
-1781.81
-1781.06
-1780.3
-1779.52
-1778.73
-1777.94
-1777.14
-1776.35
-1775.57
-1774.79
-1774.02
-1773.26
-1772.51
-1771.76
-1771.02
-1770.28
-1769.55
-1768.81
-1768.07
-1767.32
-1766.57
-1765.8
-1765.01
-1764.21
-1763.39
-1762.55
-1761.68
-1760.79
-1759.87
-1758.93
-1757.97
-1756.98
-1755.97
-1754.94
-1753.9
-1752.84
-1751.78
-1750.71
-1749.65
-1748.59
-1747.54
-1746.51
-1745.5
-1744.52
-1743.56
-1742.65
-1741.78
-1740.95
-1740.16
-1739.43
-1738.74
-1738.11
-1737.53
-1737
-1736.52
-1736.08
-1735.68
-1735.33
-1735.01
-1734.72
-1734.45
-1734.21
-1733.98
-1733.76
-1733.55
-1733.35
-1733.14
-1732.93
-1732.71
-1732.48
-1732.23
-1731.98
-1731.72
-1731.44
-1731.15
-1730.85
-1730.55
-1730.24
-1729.94
-1729.64
-1729.34
-1729.07
-1728.81
-1728.57
-1728.37
-1728.2
-1728.07
-1727.99
-1727.96
-1727.98
-1728.07
-1728.21
-1728.42
-1728.7
-1729.04
-1729.45
-1729.93
-1730.48
-1731.09
-1731.77
-1732.51
-1733.3
-1734.14
-1735.03
-1735.96
-1736.93
-1737.94
-1738.96
-1740.01
-1741.08
-1742.16
-1743.24
-1744.34
-1745.43
-1746.52
-1747.61
-1748.7
-1749.79
-1750.87
-1751.95
-1753.03
-1754.1
-1755.18
-1756.26
-1757.34
-1758.43
-1759.53
-1760.63
-1761.75
-1762.86
-1763.99
-1765.11
-1766.24
-1767.36
-1768.48
-1769.58
-1770.67
-1771.73
-1772.77
-1773.76
-1774.71
-1775.61
-1776.45
-1777.22
-1777.92
-1778.53
-1779.06
-1779.49
-1779.81
-1780.03
-1780.14
-1780.14
-1780.01
-1779.76
-1779.39
-1778.9
-1778.28
-1777.54
-1776.68
-1775.7
-1774.6
-1773.4
-1772.09
-1770.68
-1769.18
-1767.59
-1765.93
-1764.19
-1762.39
-1760.53
-1758.63
-1756.7
-1754.73
-1752.75
-1750.77
-1748.78
-1746.8
-1744.85
-1742.92
-1741.03
-1739.19
-1737.41
-1735.69
-1734.04
-1732.48
-1731
-1729.62
-1728.35
-1727.18
-1726.13
-1725.19
-1724.38
-1723.7
-1723.15
-1722.74
-1722.46
-1722.31
-1722.3
-1722.42
-1722.67
-1723.04
-1723.54
-1724.16
-1724.9
-1725.74
-1726.68
-1727.71
-1728.84
-1730.03
-1731.3
-1732.63
-1734.02
-1735.44
-1736.9
-1738.39
-1739.89
-1741.4
-1742.91
-1744.41
-1745.89
-1747.34
-1748.76
-1750.14
-1751.48
-1752.75
-1753.97
-1755.13
-1756.22
-1757.24
-1758.19
-1759.06
-1759.85
-1760.58
-1761.22
-1761.79
-1762.29
-1762.72
-1763.08
-1763.38
-1763.61
-1763.78
-1763.89
-1763.95
-1763.96
-1763.93
-1763.85
-1763.72
-1763.56
-1763.36
-1763.12
-1762.85
-1762.55
-1762.22
-1761.87
-1761.49
-1761.09
-1760.67
-1760.23
-1759.78
-1759.32
-1758.85
-1758.38
-1757.91
-1757.45
-1757
-1756.57
-1756.16
-1755.78
-1755.44
-1755.14
-1754.89
-1754.7
-1754.57
-1754.51
-1754.53
-1754.62
-1754.81
-1755.09
-1755.47
-1755.95
-1756.53
-1757.23
-1758.04
-1758.96
-1759.99
-1761.14
-1762.41
-1763.79
-1765.28
-1766.88
-1768.58
-1770.39
-1772.29
-1774.28
-1776.35
-1778.5
-1780.72
-1783
-1785.33
-1787.71
-1790.11
-1792.54
-1794.99
-1797.43
-1799.86
-1802.27
-1804.65
-1806.99
-1809.28
-1811.5
-1813.65
-1815.71
-1817.68
-1819.55
-1821.31
-1822.96
-1824.49
-1825.89
-1827.17
-1828.32
-1829.33
-1830.22
-1830.99
-1831.63
-1832.15
-1832.56
-1832.86
-1833.07
-1833.18
-1833.22
-1833.18
-1833.08
-1832.92
-1832.72
-1832.48
-1832.22
-1831.93
-1831.62
-1831.31
-1830.99
-1830.67
-1830.36
-1830.06
-1829.76
-1829.48
-1829.22
-1828.98
-1828.75
-1828.55
-1828.37
-1828.21
-1828.09
-1827.98
-1827.91
-1827.86
-1827.84
-1827.85
-1827.89
-1827.96
-1828.05
-1828.17
-1828.31
-1828.47
-1828.65
-1828.85
-1829.06
-1829.27
-1829.49
-1829.7
-1829.9
-1830.09
-1830.26
-1830.4
-1830.51
-1830.58
-1830.59
-1830.55
-1830.45
-1830.28
-1830.03
-1829.7
-1829.28
-1828.77
-1828.15
-1827.43
-1826.6
-1825.66
-1824.6
-1823.42
-1822.11
-1820.68
-1819.12
-1817.44
-1815.63
-1813.7
-1811.64
-1809.46
-1807.16
-1804.75
-1802.22
-1799.59
-1796.86
-1794.03
-1791.12
-1788.12
-1785.06
-1781.93
-1778.75
-1775.53
-1772.28
-1769.02
-1765.74
-1762.48
-1759.23
-1756.02
-1752.84
-1749.73
-1746.69
-1743.73
-1740.86
-1738.09
-1735.44
-1732.92
-1730.53
-1728.28
-1726.18
-1724.23
-1722.45
-1720.83
-1719.38
-1718.11
-1717.02
-1716.11
-1715.39
-1714.86
-1714.51
-1714.37
-1714.41
-1714.65
-1715.09
-1715.73
-1716.57
-1717.61
-1718.85
-1720.29
-1721.93
-1723.76
-1725.78
-1727.99
-1730.38
-1732.94
-1735.68
-1738.57
-1741.62
-1744.81
-1748.13
-1751.57
-1755.12
-1758.76
-1762.48
-1766.27
-1770.1
-1773.96
-1777.85
-1781.73
-1785.59
-1789.42
-1793.2
-1796.9
-1800.52
-1804.04
-1807.43
-1810.7
-1813.81
-1816.76
-1819.53
-1822.11
-1824.48
-1826.65
-1828.59
-1830.31
-1831.78
-1833.01
-1834
-1834.72
-1835.19
-1835.4
-1835.35
-1835.04
-1834.47
-1833.65
-1832.57
-1831.24
-1829.67
-1827.86
-1825.83
-1823.58
-1821.12
-1818.47
-1815.63
-1812.63
-1809.47
-1806.18
-1802.77
-1799.26
-1795.67
-1792.03
-1788.34
-1784.64
-1780.95
-1777.29
-1773.67
-1770.13
-1766.69
-1763.36
-1760.16
-1757.13
-1754.27
-1751.6
-1749.15
-1746.93
-1744.94
-1743.21
-1741.75
-1740.56
-1739.66
-1739.04
-1738.72
-1738.69
-1738.96
-1739.53
-1740.39
-1741.55
-1742.99
-1744.71
-1746.7
-1748.96
-1751.47
-1754.22
-1757.19
-1760.38
-1763.77
-1767.34
-1771.08
-1774.96
-1778.98
-1783.11
-1787.33
-1791.63
-1795.98
-1800.37
-1804.79
-1809.2
-1813.59
-1817.95
-1822.26
-1826.51
-1830.67
-1834.73
-1838.69
-1842.52
-1846.22
-1849.78
-1853.18
-1856.43
-1859.5
-1862.41
-1865.13
-1867.68
-1870.03
-1872.2
-1874.18
-1875.96
-1877.55
-1878.94
-1880.13
-1881.13
-1881.93
-1882.53
-1882.93
-1883.13
-1883.13
-1882.93
-1882.54
-1881.94
-1881.14
-1880.14
-1878.93
-1877.53
-1875.92
-1874.12
-1872.11
-1869.9
-1867.49
-1864.88
-1862.07
-1859.07
-1855.87
-1852.49
-1848.93
-1845.18
-1841.26
-1837.17
-1832.92
-1828.51
-1823.96
-1819.28
-1814.47
-1809.54
-1804.51
-1799.38
-1794.18
-1788.9
-1783.57
-1778.18
-1772.77
-1767.32
-1761.87
-1756.42
-1750.97
-1745.54
-1740.14
-1734.77
-1729.45
-1724.17
-1718.96
-1713.81
-1708.72
-1703.71
-1698.79
-1693.94
-1689.19
-1684.53
-1679.97
-1675.51
-1671.17
-1666.94
-1662.83
-1658.84
-1654.99
-1651.27
-1647.71
-1644.29
-1641.03
-1637.94
-1635.03
-1632.3
-1629.76
-1627.41
-1625.28
-1623.36
-1621.66
-1620.19
-1618.96
-1617.97
-1617.24
-1616.76
-1616.53
-1616.58
-1616.89
-1617.47
-1618.32
-1619.45
-1620.84
-1622.51
-1624.44
-1626.63
-1629.07
-1631.76
-1634.69
-1637.85
-1641.22
-1644.79
-1648.56
-1652.5
-1656.61
-1660.86
-1665.24
-1669.73
-1674.33
-1679.01
-1683.75
-1688.55
-1693.39
-1698.25
-1703.12
-1707.99
-1712.85
-1717.7
-1722.51
-1727.28
-1732.01
-1736.7
-1741.32
-1745.89
-1750.39
-1754.83
-1759.2
-1763.5
-1767.73
-1771.89
-1775.97
-1779.98
-1783.92
-1787.77
-1791.55
-1795.25
-1798.87
-1802.4
-1805.85
-1809.21
-1812.47
-1815.64
-1818.71
-1821.68
-1824.54
-1827.29
-1829.93
-1832.44
-1834.83
-1837.1
-1839.23
-1841.23
-1843.09
-1844.81
-1846.39
-1847.82
-1849.11
-1850.24
-1851.24
-1852.08
-1852.78
-1853.33
-1853.74
-1854
-1854.13
-1854.12
-1853.99
-1853.72
-1853.33
-1852.83
-1852.21
-1851.49
-1850.66
-1849.75
-1848.75
-1847.67
-1846.52
-1845.31
-1844.04
-1842.72
-1841.37
-1839.98
-1838.57
-1837.15
-1835.71
-1834.28
-1832.86
-1831.45
-1830.07
-1828.72
-1827.41
-1826.14
-1824.92
-1823.76
-1822.67
-1821.64
-1820.69
-1819.82
-1819.03
-1818.34
-1817.74
-1817.23
-1816.83
-1816.53
-1816.34
-1816.26
-1816.3
-1816.44
-1816.7
-1817.08
-1817.56
-1818.17
-1818.88
-1819.7
-1820.63
-1821.65
-1822.78
-1823.99
-1825.29
-1826.66
-1828.1
-1829.6
-1831.14
-1832.73
-1834.34
-1835.96
-1837.59
-1839.22
-1840.82
-1842.39
-1843.92
-1845.4
-1846.81
-1848.15
-1849.4
-1850.56
-1851.62
-1852.56
-1853.39
-1854.1
-1854.68
-1855.12
-1855.43
-1855.6
-1855.63
-1855.53
-1855.28
-1854.9
-1854.38
-1853.74
-1852.96
-1852.07
-1851.06
-1849.94
-1848.72
-1847.41
-1846.01
-1844.53
-1842.98
-1841.36
-1839.7
-1837.98
-1836.23
-1834.44
-1832.63
-1830.79
-1828.94
-1827.07
-1825.2
-1823.31
-1821.42
-1819.52
-1817.61
-1815.69
-1813.75
-1811.8
-1809.83
-1807.84
-1805.82
-1803.77
-1801.68
-1799.55
-1797.38
-1795.17
-1792.91
-1790.61
-1788.27
-1785.89
-1783.48
-1781.04
-1778.58
-1776.11
-1773.64
-1771.18
-1768.75
-1766.37
-1764.05
-1761.8
-1759.66
-1757.63
-1755.73
-1754
-1752.44
-1751.08
-1749.93
-1749.02
-1748.36
-1747.97
-1747.86
-1748.04
-1748.53
-1749.33
-1750.44
-1751.87
-1753.63
-1755.69
-1758.07
-1760.74
-1763.71
-1766.94
-1770.44
-1774.18
-1778.14
-1782.29
-1786.62
-1791.09
-1795.68
-1800.37
-1805.13
-1809.92
-1814.73
-1819.53
-1824.29
-1828.98
-1833.59
-1838.09
-1842.46
-1846.69
-1850.75
-1854.63
-1858.32
-1861.81
-1865.08
-1868.13
-1870.95
-1873.54
-1875.9
-1878.03
-1879.93
-1881.59
-1883.03
-1884.25
-1885.25
-1886.05
-1886.64
-1887.04
-1887.26
-1887.29
-1887.16
-1886.88
-1886.44
-1885.86
-1885.15
-1884.31
-1883.36
-1882.3
-1881.15
-1879.9
-1878.56
-1877.15
-1875.67
-1874.13
-1872.52
-1870.87
-1869.17
-1867.43
-1865.66
-1863.87
-1862.05
-1860.22
-1858.38
-1856.54
-1854.7
-1852.88
-1851.07
-1849.29
-1847.54
-1845.83
-1844.17
-1842.57
-1841.03
-1839.56
-1838.17
-1836.86
-1835.65
-1834.54
-1833.53
-1832.64
-1831.87
-1831.22
-1830.69
-1830.3
-1830.04
-1829.92
-1829.92
-1830.07
-1830.34
-1830.74
-1831.26
-1831.9
-1832.65
-1833.5
-1834.44
-1835.46
-1836.55
-1837.69
-1838.88
-1840.1
-1841.34
-1842.57
-1843.79
-1844.98
-1846.13
-1847.22
-1848.24
-1849.18
-1850.02
-1850.76
-1851.38
-1851.87
-1852.23
-1852.46
-1852.54
-1852.47
-1852.25
-1851.87
-1851.35
-1850.68
-1849.86
-1848.9
-1847.81
-1846.59
-1845.25
-1843.8
-1842.25
-1840.62
-1838.92
-1837.16
-1835.35
-1833.51
-1831.66
-1829.81
-1827.98
-1826.18
-1824.43
-1822.75
-1821.14
-1819.62
-1818.2
-1816.89
-1815.71
-1814.66
-1813.75
-1812.98
-1812.36
-1811.89
-1811.58
-1811.42
-1811.41
-1811.55
-1811.84
-1812.28
-1812.85
-1813.56
-1814.41
-1815.38
-1816.46
-1817.67
-1818.98
-1820.39
-1821.91
-1823.51
-1825.21
-1826.98
-1828.84
-1830.76
-1832.76
-1834.81
-1836.92
-1839.09
-1841.29
-1843.53
-1845.8
-1848.1
-1850.41
-1852.72
-1855.02
-1857.31
-1859.57
-1861.8
-1863.97
-1866.08
-1868.11
-1870.06
-1871.91
-1873.65
-1875.26
-1876.74
-1878.07
-1879.25
-1880.26
-1881.1
-1881.76
-1882.22
-1882.49
-1882.57
-1882.44
-1882.11
-1881.57
-1880.83
-1879.89
-1878.75
-1877.4
-1875.87
-1874.15
-1872.25
-1870.18
-1867.94
-1865.54
-1863
-1860.33
-1857.53
-1854.61
-1851.59
-1848.49
-1845.3
-1842.05
-1838.75
-1835.42
-1832.06
-1828.69
-1825.33
-1821.98
-1818.67
-1815.41
-1812.22
-1809.1
-1806.07
-1803.15
-1800.34
-1797.67
-1795.14
-1792.76
-1790.55
-1788.51
-1786.65
-1784.97
-1783.5
-1782.21
-1781.14
-1780.26
-1779.59
-1779.13
-1778.87
-1778.82
-1778.98
-1779.33
-1779.88
-1780.63
-1781.56
-1782.69
-1783.99
-1785.47
-1787.12
-1788.94
-1790.93
-1793.07
-1795.36
-1797.81
-1800.4
-1803.12
-1805.98
-1808.97
-1812.08
-1815.31
-1818.64
-1822.08
-1825.6
-1829.21
-1832.89
-1836.63
-1840.42
-1844.24
-1848.08
-1851.93
-1855.77
-1859.58
-1863.35
-1867.06
-1870.7
-1874.24
-1877.68
-1880.99
-1884.16
-1887.18
-1890.03
-1892.7
-1895.18
-1897.46
-1899.53
-1901.38
-1903.01
-1904.42
-1905.6
-1906.55
-1907.27
-1907.77
-1908.04
-1908.09
-1907.93
-1907.56
-1906.99
-1906.23
-1905.28
-1904.16
-1902.87
-1901.43
-1899.84
-1898.12
-1896.28
-1894.34
-1892.29
-1890.15
-1887.94
-1885.67
-1883.34
-1880.97
-1878.56
-1876.14
-1873.71
-1871.27
-1868.85
-1866.44
-1864.06
-1861.71
-1859.41
-1857.14
-1854.93
-1852.78
-1850.69
-1848.66
-1846.7
-1844.8
-1842.98
-1841.22
-1839.53
-1837.9
-1836.34
-1834.84
-1833.4
-1832.01
-1830.67
-1829.39
-1828.15
-1826.95
-1825.79
-1824.67
-1823.57
-1822.51
-1821.47
-1820.46
-1819.47
-1818.51
-1817.56
-1816.64
-1815.74
-1814.85
-1813.99
-1813.15
-1812.34
-1811.54
-1810.78
-1810.04
-1809.33
-1808.65
-1808.01
-1807.39
-1806.82
-1806.28
-1805.78
-1805.32
-1804.9
-1804.53
-1804.19
-1803.91
-1803.66
-1803.46
-1803.31
-1803.2
-1803.13
-1803.11
-1803.12
-1803.18
-1803.28
-1803.41
-1803.58
-1803.78
-1804.02
-1804.28
-1804.57
-1804.89
-1805.23
-1805.59
-1805.97
-1806.38
-1806.81
-1807.25
-1807.72
-1808.21
-1808.71
-1809.24
-1809.8
-1810.38
-1810.99
-1811.63
-1812.3
-1813.01
-1813.75
-1814.53
-1815.36
-1816.23
-1817.14
-1818.09
-1819.1
-1820.15
-1821.24
-1822.38
-1823.57
-1824.8
-1826.06
-1827.36
-1828.7
-1830.06
-1831.45
-1832.86
-1834.29
-1835.73
-1837.17
-1838.61
-1840.05
-1841.49
-1842.91
-1844.31
-1845.68
-1847.03
-1848.35
-1849.63
-1850.86
-1852.05
-1853.19
-1854.28
-1855.3
-1856.26
-1857.15
-1857.97
-1858.7
-1859.35
-1859.91
-1860.38
-1860.74
-1861
-1861.14
-1861.15
-1861.05
-1860.81
-1860.43
-1859.91
-1859.24
-1858.42
-1857.43
-1856.29
-1854.98
-1853.51
-1851.88
-1850.08
-1848.11
-1845.99
-1843.72
-1841.3
-1838.75
-1836.07
-1833.28
-1830.39
-1827.41
-1824.36
-1821.26
-1818.13
-1814.99
-1811.85
-1808.73
-1805.65
-1802.63
-1799.69
-1796.83
-1794.07
-1791.43
-1788.91
-1786.52
-1784.26
-1782.15
-1780.17
-1778.34
-1776.65
-1775.11
-1773.7
-1772.43
-1771.3
-1770.31
-1769.45
-1768.72
-1768.11
-1767.64
-1767.29
-1767.06
-1766.95
-1766.97
-1767.1
-1767.34
-1767.7
-1768.16
-1768.73
-1769.39
-1770.15
-1770.99
-1771.92
-1772.92
-1773.98
-1775.1
-1776.28
-1777.49
-1778.75
-1780.03
-1781.34
-1782.65
-1783.98
-1785.31
-1786.64
-1787.96
-1789.27
-1790.56
-1791.83
-1793.08
-1794.31
-1795.51
-1796.68
-1797.81
-1798.92
-1799.99
-1801.03
-1802.03
-1803
-1803.93
-1804.82
-1805.68
-1806.5
-1807.28
-1808.02
-1808.73
-1809.39
-1810.02
-1810.6
-1811.15
-1811.66
-1812.13
-1812.57
-1812.97
-1813.33
-1813.66
-1813.96
-1814.22
-1814.46
-1814.68
-1814.87
-1815.05
-1815.21
-1815.36
-1815.51
-1815.66
-1815.81
-1815.98
-1816.16
-1816.36
-1816.59
-1816.85
-1817.15
-1817.5
-1817.89
-1818.34
-1818.84
-1819.4
-1820.03
-1820.72
-1821.47
-1822.3
-1823.18
-1824.14
-1825.16
-1826.25
-1827.39
-1828.6
-1829.86
-1831.18
-1832.55
-1833.97
-1835.44
-1836.94
-1838.49
-1840.07
-1841.69
-1843.33
-1845.01
-1846.7
-1848.43
-1850.17
-1851.92
-1853.7
-1855.49
-1857.29
-1859.09
-1860.91
-1862.73
-1864.55
-1866.36
-1868.18
-1869.98
-1871.77
-1873.55
-1875.31
-1877.04
-1878.74
-1880.41
-1882.04
-1883.62
-1885.16
-1886.65
-1888.07
-1889.43
-1890.73
-1891.95
-1893.1
-1894.17
-1895.17
-1896.08
-1896.91
-1897.67
-1898.34
-1898.93
-1899.45
-1899.89
-1900.25
-1900.55
-1900.78
-1900.95
-1901.07
-1901.12
-1901.13
-1901.08
-1901
-1900.87
-1900.69
-1900.48
-1900.23
-1899.95
-1899.62
-1899.25
-1898.84
-1898.39
-1897.89
-1897.34
-1896.73
-1896.06
-1895.34
-1894.54
-1893.68
-1892.73
-1891.71
-1890.61
-1889.41
-1888.13
-1886.76
-1885.3
-1883.74
-1882.09
-1880.36
-1878.53
-1876.62
-1874.63
-1872.56
-1870.43
-1868.24
-1865.99
-1863.69
-1861.37
-1859.01
-1856.64
-1854.26
-1851.89
-1849.53
-1847.19
-1844.89
-1842.64
-1840.43
-1838.29
-1836.21
-1834.21
-1832.28
-1830.44
-1828.68
-1827
-1825.42
-1823.92
-1822.51
-1821.19
-1819.95
-1818.79
-1817.7
-1816.69
-1815.74
-1814.86
-1814.04
-1813.29
-1812.59
-1811.94
-1811.34
-1810.8
-1810.31
-1809.86
-1809.47
-1809.13
-1808.84
-1808.6
-1808.42
-1808.29
-1808.21
-1808.19
-1808.21
-1808.29
-1808.42
-1808.59
-1808.8
-1809.04
-1809.32
-1809.63
-1809.96
-1810.3
-1810.65
-1811
-1811.35
-1811.69
-1812.03
-1812.34
-1812.64
-1812.91
-1813.17
-1813.4
-1813.61
-1813.81
-1813.99
-1814.17
-1814.34
-1814.52
-1814.71
-1814.92
-1815.17
-1815.45
-1815.79
-1816.18
-1816.65
-1817.19
-1817.83
-1818.56
-1819.39
-1820.33
-1821.38
-1822.55
-1823.84
-1825.25
-1826.78
-1828.42
-1830.17
-1832.02
-1833.98
-1836.02
-1838.14
-1840.34
-1842.59
-1844.89
-1847.23
-1849.58
-1851.94
-1854.3
-1856.64
-1858.94
-1861.19
-1863.39
-1865.51
-1867.54
-1869.48
-1871.31
-1873.01
-1874.59
-1876.03
-1877.32
-1878.46
-1879.44
-1880.25
-1880.89
-1881.37
-1881.66
-1881.79
-1881.73
-1881.5
-1881.1
-1880.52
-1879.77
-1878.86
-1877.79
-1876.56
-1875.18
-1873.65
-1871.99
-1870.2
-1868.29
-1866.26
-1864.13
-1861.91
-1859.6
-1857.22
-1854.78
-1852.28
-1849.74
-1847.17
-1844.58
-1841.98
-1839.39
-1836.8
-1834.24
-1831.71
-1829.21
-1826.76
-1824.37
-1822.04
-1819.77
-1817.57
-1815.44
-1813.39
-1811.42
-1809.53
-1807.71
-1805.98
-1804.32
-1802.75
-1801.25
-1799.82
-1798.46
-1797.17
-1795.95
-1794.79
-1793.69
-1792.64
-1791.64
-1790.7
-1789.8
-1788.94
-1788.12
-1787.34
-1786.59
-1785.88
-1785.2
-1784.54
-1783.91
-1783.31
-1782.73
-1782.17
-1781.62
-1781.1
-1780.59
-1780.09
-1779.61
-1779.13
-1778.67
-1778.21
-1777.75
-1777.3
-1776.85
-1776.39
-1775.93
-1775.47
-1775
-1774.52
-1774.03
-1773.53
-1773.02
-1772.49
-1771.95
-1771.4
-1770.84
-1770.26
-1769.67
-1769.06
-1768.44
-1767.81
-1767.17
-1766.52
-1765.85
-1765.18
-1764.49
-1763.78
-1763.07
-1762.34
-1761.59
-1760.82
-1760.03
-1759.22
-1758.38
-1757.52
-1756.63
-1755.7
-1754.74
-1753.74
-1752.7
-1751.62
-1750.49
-1749.33
-1748.12
-1746.86
-1745.57
-1744.23
-1742.85
-1741.44
-1740
-1738.53
-1737.03
-1735.52
-1734
-1732.47
-1730.95
-1729.44
-1727.96
-1726.5
-1725.09
-1723.72
-1722.42
-1721.18
-1720.03
-1718.96
-1718
-1717.14
-1716.4
-1715.79
-1715.32
-1714.98
-1714.8
-1714.77
-1714.9
-1715.19
-1715.64
-1716.26
-1717.05
-1718.01
-1719.13
-1720.41
-1721.84
-1723.43
-1725.17
-1727.04
-1729.05
-1731.17
-1733.42
-1735.77
-1738.21
-1740.74
-1743.34
-1746.01
-1748.73
-1751.5
-1754.3
-1757.12
-1759.95
-1762.79
-1765.63
-1768.44
-1771.24
-1774.01
-1776.74
-1779.42
-1782.06
-1784.65
-1787.18
-1789.65
-1792.05
-1794.39
-1796.66
-1798.87
-1801.01
-1803.08
-1805.09
-1807.04
-1808.92
-1810.76
-1812.53
-1814.27
-1815.95
-1817.6
-1819.21
-1820.8
-1822.36
-1823.9
-1825.43
-1826.94
-1828.46
-1829.97
-1831.48
-1833.01
-1834.55
-1836.1
-1837.68
-1839.28
-1840.9
-1842.55
-1844.23
-1845.94
-1847.68
-1849.46
-1851.27
-1853.12
-1855
-1856.92
-1858.87
-1860.85
-1862.87
-1864.92
-1866.99
-1869.1
-1871.22
-1873.37
-1875.53
-1877.71
-1879.9
-1882.09
-1884.29
-1886.47
-1888.65
-1890.82
-1892.96
-1895.07
-1897.15
-1899.19
-1901.19
-1903.13
-1905.02
-1906.84
-1908.59
-1910.26
-1911.85
-1913.35
-1914.77
-1916.08
-1917.29
-1918.4
-1919.4
-1920.29
-1921.06
-1921.72
-1922.26
-1922.69
-1922.99
-1923.17
-1923.24
-1923.18
-1923.01
-1922.71
-1922.3
-1921.78
-1921.13
-1920.37
-1919.5
-1918.52
-1917.42
-1916.21
-1914.88
-1913.44
-1911.89
-1910.21
-1908.42
-1906.51
-1904.47
-1902.31
-1900.01
-1897.58
-1895.01
-1892.3
-1889.45
-1886.44
-1883.28
-1879.97
-1876.49
-1872.86
-1869.06
-1865.11
-1860.99
-1856.72
-1852.29
-1847.71
-1842.99
-1838.13
-1833.15
-1828.04
-1822.83
-1817.53
-1812.16
-1806.72
-1801.24
-1795.73
-1790.22
-1784.73
-1779.27
-1773.87
-1768.55
-1763.33
-1758.24
-1753.29
-1748.51
-1743.92
-1739.53
-1735.36
-1731.43
-1727.76
-1724.35
-1721.21
-1718.35
-1715.78
-1713.5
-1711.51
-1709.81
-1708.4
-1707.26
-1706.4
-1705.8
-1705.46
-1705.36
-1705.49
-1705.85
-1706.4
-1707.16
-1708.09
-1709.18
-1710.44
-1711.83
-1713.35
-1714.98
-1716.72
-1718.56
-1720.48
-1722.47
-1724.53
-1726.64
-1728.81
-1731.01
-1733.24
-1735.51
-1737.79
-1740.08
-1742.39
-1744.69
-1746.99
-1749.29
-1751.56
-1753.82
-1756.06
-1758.27
-1760.44
-1762.58
-1764.68
-1766.74
-1768.75
-1770.71
-1772.62
-1774.48
-1776.29
-1778.04
-1779.74
-1781.39
-1782.99
-1784.54
-1786.04
-1787.5
-1788.93
-1790.32
-1791.67
-1793
-1794.31
-1795.61
-1796.88
-1798.15
-1799.41
-1800.67
-1801.93
-1803.18
-1804.44
-1805.69
-1806.94
-1808.19
-1809.44
-1810.67
-1811.89
-1813.1
-1814.28
-1815.44
-1816.56
-1817.65
-1818.69
-1819.69
-1820.63
-1821.5
-1822.31
-1823.05
-1823.71
-1824.29
-1824.78
-1825.17
-1825.47
-1825.67
-1825.76
-1825.73
-1825.6
-1825.34
-1824.96
-1824.45
-1823.82
-1823.05
-1822.15
-1821.11
-1819.93
-1818.61
-1817.14
-1815.54
-1813.8
-1811.92
-1809.9
-1807.76
-1805.48
-1803.08
-1800.56
-1797.94
-1795.21
-1792.39
-1789.49
-1786.51
-1783.48
-1780.4
-1777.28
-1774.14
-1771
-1767.86
-1764.75
-1761.67
-1758.64
-1755.67
-1752.78
-1749.99
-1747.3
-1744.73
-1742.3
-1740
-1737.86
-1735.88
-1734.08
-1732.45
-1731.02
-1729.78
-1728.75
-1727.92
-1727.3
-1726.9
-1726.71
-1726.73
-1726.97
-1727.43
-1728.1
-1728.98
-1730.06
-1731.34
-1732.81
-1734.47
-1736.3
-1738.31
-1740.47
-1742.78
-1745.23
-1747.8
-1750.49
-1753.27
-1756.14
-1759.09
-1762.09
-1765.14
-1768.23
-1771.32
-1774.42
-1777.51
-1780.58
-1783.61
-1786.58
-1789.5
-1792.33
-1795.08
-1797.74
-1800.28
-1802.71
-1805.02
-1807.19
-1809.23
-1811.11
-1812.85
-1814.44
-1815.87
-1817.15
-1818.26
-1819.22
-1820.01
-1820.66
-1821.15
-1821.48
-1821.68
-1821.73
-1821.64
-1821.43
-1821.09
-1820.63
-1820.06
-1819.38
-1818.61
-1817.75
-1816.79
-1815.76
-1814.66
-1813.48
-1812.24
-1810.95
-1809.6
-1808.2
-1806.76
-1805.28
-1803.76
-1802.21
-1800.64
-1799.06
-1797.46
-1795.87
-1794.28
-1792.71
-1791.17
-1789.66
-1788.22
-1786.83
-1785.53
-1784.32
-1783.21
-1782.22
-1781.35
-1780.62
-1780.03
-1779.6
-1779.31
-1779.18
-1779.21
-1779.39
-1779.72
-1780.19
-1780.8
-1781.53
-1782.39
-1783.35
-1784.41
-1785.56
-1786.78
-1788.07
-1789.41
-1790.8
-1792.22
-1793.66
-1795.13
-1796.6
-1798.07
-1799.53
-1800.99
-1802.42
-1803.83
-1805.21
-1806.55
-1807.85
-1809.11
-1810.32
-1811.47
-1812.56
-1813.6
-1814.57
-1815.47
-1816.3
-1817.06
-1817.75
-1818.35
-1818.89
-1819.34
-1819.72
-1820.02
-1820.24
-1820.39
-1820.47
-1820.49
-1820.44
-1820.34
-1820.18
-1819.98
-1819.73
-1819.46
-1819.15
-1818.83
-1818.49
-1818.14
-1817.79
-1817.45
-1817.11
-1816.8
-1816.5
-1816.22
-1815.97
-1815.75
-1815.56
-1815.4
-1815.27
-1815.17
-1815.11
-1815.07
-1815.07
-1815.09
-1815.15
-1815.24
-1815.35
-1815.49
-1815.66
-1815.86
-1816.1
-1816.36
-1816.65
-1816.98
-1817.35
-1817.75
-1818.19
-1818.67
-1819.19
-1819.76
-1820.37
-1821.02
-1821.72
-1822.46
-1823.24
-1824.06
-1824.92
-1825.8
-1826.72
-1827.66
-1828.61
-1829.57
-1830.54
-1831.5
-1832.46
-1833.39
-1834.3
-1835.17
-1836.01
-1836.8
-1837.53
-1838.21
-1838.82
-1839.36
-1839.83
-1840.21
-1840.52
-1840.73
-1840.87
-1840.91
-1840.86
-1840.72
-1840.49
-1840.17
-1839.76
-1839.26
-1838.67
-1838
-1837.25
-1836.42
-1835.52
-1834.54
-1833.49
-1832.39
-1831.22
-1830
-1828.73
-1827.42
-1826.07
-1824.69
-1823.27
-1821.84
-1820.39
-1818.93
-1817.46
-1815.98
-1814.51
-1813.05
-1811.59
-1810.15
-1808.72
-1807.31
-1805.92
-1804.56
-1803.23
-1801.92
-1800.64
-1799.4
-1798.19
-1797.01
-1795.87
-1794.76
-1793.69
-1792.66
-1791.68
-1790.73
-1789.82
-1788.96
-1788.14
-1787.36
-1786.63
-1785.95
-1785.32
-1784.73
-1784.19
-1783.7
-1783.26
-1782.88
-1782.54
-1782.26
-1782.03
-1781.86
-1781.74
-1781.68
-1781.68
-1781.73
-1781.85
-1782.03
-1782.27
-1782.58
-1782.96
-1783.41
-1783.94
-1784.54
-1785.21
-1785.97
-1786.81
-1787.72
-1788.73
-1789.81
-1790.98
-1792.23
-1793.56
-1794.97
-1796.45
-1798
-1799.62
-1801.29
-1803.02
-1804.79
-1806.59
-1808.43
-1810.27
-1812.12
-1813.97
-1815.8
-1817.61
-1819.38
-1821.09
-1822.75
-1824.34
-1825.85
-1827.28
-1828.6
-1829.83
-1830.94
-1831.94
-1832.83
-1833.59
-1834.23
-1834.74
-1835.14
-1835.42
-1835.58
-1835.63
-1835.58
-1835.43
-1835.2
-1834.89
-1834.52
-1834.09
-1833.62
-1833.12
-1832.6
-1832.07
-1831.55
-1831.05
-1830.59
-1830.16
-1829.79
-1829.48
-1829.24
-1829.08
-1829
-1829
-1829.1
-1829.28
-1829.56
-1829.94
-1830.4
-1830.95
-1831.58
-1832.29
-1833.07
-1833.92
-1834.82
-1835.77
-1836.75
-1837.77
-1838.8
-1839.83
-1840.87
-1841.89
-1842.88
-1843.83
-1844.73
-1845.58
-1846.36
-1847.06
-1847.67
-1848.18
-1848.6
-1848.9
-1849.09
-1849.16
-1849.11
-1848.94
-1848.63
-1848.21
-1847.66
-1846.98
-1846.19
-1845.28
-1844.26
-1843.14
-1841.91
-1840.6
-1839.2
-1837.73
-1836.19
-1834.59
-1832.94
-1831.26
-1829.54
-1827.8
-1826.05
-1824.29
-1822.54
-1820.79
-1819.05
-1817.34
-1815.65
-1813.98
-1812.34
-1810.74
-1809.16
-1807.6
-1806.08
-1804.57
-1803.09
-1801.62
-1800.17
-1798.72
-1797.27
-1795.82
-1794.36
-1792.88
-1791.38
-1789.85
-1788.29
-1786.69
-1785.04
-1783.36
-1781.62
-1779.82
-1777.98
-1776.07
-1774.1
-1772.08
-1769.99
-1767.85
-1765.65
-1763.4
-1761.09
-1758.74
-1756.35
-1753.92
-1751.46
-1748.97
-1746.47
-1743.95
-1741.43
-1738.91
-1736.41
-1733.92
-1731.45
-1729.01
-1726.62
-1724.26
-1721.96
-1719.71
-1717.52
-1715.4
-1713.35
-1711.37
-1709.47
-1707.64
-1705.89
-1704.23
-1702.64
-1701.14
-1699.72
-1698.39
-1697.13
-1695.96
-1694.87
-1693.85
-1692.92
-1692.06
-1691.28
-1690.58
-1689.95
-1689.39
-1688.9
-1688.49
-1688.15
-1687.88
-1687.69
-1687.56
-1687.51
-1687.52
-1687.61
-1687.78
-1688.01
-1688.32
-1688.69
-1689.14
-1689.67
-1690.26
-1690.93
-1691.66
-1692.47
-1693.34
-1694.28
-1695.28
-1696.34
-1697.46
-1698.63
-1699.85
-1701.11
-1702.42
-1703.76
-1705.13
-1706.53
-1707.94
-1709.36
-1710.79
-1712.22
-1713.64
-1715.05
-1716.44
-1717.8
-1719.13
-1720.42
-1721.66
-1722.86
-1724
-1725.09
-1726.11
-1727.07
-1727.97
-1728.79
-1729.54
-1730.22
-1730.82
-1731.35
-1731.81
-1732.2
-1732.51
-1732.75
-1732.93
-1733.04
-1733.08
-1733.06
-1732.98
-1732.85
-1732.66
-1732.42
-1732.13
-1731.8
-1731.42
-1731.01
-1730.56
-1730.08
-1729.58
-1729.04
-1728.49
-1727.92
-1727.34
-1726.74
-1726.15
-1725.55
-1724.96
-1724.38
-1723.82
-1723.28
-1722.76
-1722.27
-1721.83
-1721.42
-1721.06
-1720.76
-1720.51
-1720.33
-1720.21
-1720.17
-1720.2
-1720.32
-1720.51
-1720.79
-1721.15
-1721.61
-1722.15
-1722.77
-1723.49
-1724.29
-1725.17
-1726.14
-1727.17
-1728.28
-1729.46
-1730.69
-1731.98
-1733.31
-1734.68
-1736.08
-1737.49
-1738.92
-1740.35
-1741.77
-1743.17
-1744.55
-1745.9
-1747.2
-1748.46
-1749.66
-1750.8
-1751.87
-1752.87
-1753.81
-1754.66
-1755.44
-1756.14
-1756.76
-1757.3
-1757.77
-1758.17
-1758.5
-1758.76
-1758.96
-1759.1
-1759.2
-1759.24
-1759.25
-1759.22
-1759.16
-1759.07
-1758.97
-1758.85
-1758.73
-1758.6
-1758.48
-1758.35
-1758.24
-1758.14
-1758.05
-1757.98
-1757.93
-1757.9
-1757.89
-1757.91
-1757.94
-1758
-1758.07
-1758.17
-1758.29
-1758.43
-1758.58
-1758.76
-1758.94
-1759.15
-1759.36
-1759.59
-1759.83
-1760.08
-1760.34
-1760.62
-1760.9
-1761.19
-1761.49
-1761.8
-1762.12
-1762.45
-1762.79
-1763.13
-1763.49
-1763.84
-1764.2
-1764.57
-1764.94
-1765.31
-1765.67
-1766.03
-1766.39
-1766.73
-1767.06
-1767.37
-1767.67
-1767.94
-1768.19
-1768.41
-1768.59
-1768.74
-1768.86
-1768.93
-1768.97
-1768.95
-1768.9
-1768.8
-1768.65
-1768.46
-1768.22
-1767.93
-1767.61
-1767.24
-1766.83
-1766.39
-1765.91
-1765.41
-1764.87
-1764.32
-1763.75
-1763.16
-1762.57
-1761.97
-1761.37
-1760.78
-1760.2
-1759.63
-1759.09
-1758.57
-1758.08
-1757.62
-1757.21
-1756.83
-1756.5
-1756.23
-1756
-1755.83
-1755.73
-1755.68
-1755.7
-1755.78
-1755.93
-1756.14
-1756.43
-1756.78
-1757.19
-1757.67
-1758.21
-1758.82
-1759.48
-1760.2
-1760.97
-1761.79
-1762.66
-1763.57
-1764.52
-1765.5
-1766.51
-1767.55
-1768.61
-1769.68
-1770.77
-1771.87
-1772.98
-1774.08
-1775.19
-1776.3
-1777.4
-1778.49
-1779.58
-1780.66
-1781.72
-1782.78
-1783.83
-1784.86
-1785.88
-1786.89
-1787.89
-1788.87
-1789.85
-1790.8
-1791.75
-1792.68
-1793.59
-1794.48
-1795.36
-1796.22
-1797.05
-1797.86
-1798.65
-1799.4
-1800.14
-1800.84
-1801.51
-1802.16
-1802.77
-1803.35
-1803.91
-1804.43
-1804.92
-1805.39
-1805.84
-1806.26
-1806.65
-1807.03
-1807.39
-1807.73
-1808.06
-1808.38
-1808.68
-1808.97
-1809.26
-1809.53
-1809.8
-1810.05
-1810.3
-1810.55
-1810.78
-1811.01
-1811.23
-1811.43
-1811.63
-1811.81
-1811.99
-1812.15
-1812.29
-1812.42
-1812.53
-1812.62
-1812.69
-1812.75
-1812.77
-1812.78
-1812.76
-1812.71
-1812.63
-1812.52
-1812.38
-1812.21
-1812
-1811.76
-1811.49
-1811.18
-1810.84
-1810.47
-1810.07
-1809.65
-1809.2
-1808.73
-1808.24
-1807.74
-1807.23
-1806.72
-1806.21
-1805.71
-1805.23
-1804.77
-1804.34
-1803.95
-1803.6
-1803.3
-1803.06
-1802.87
-1802.76
-1802.72
-1802.76
-1802.88
-1803.09
-1803.4
-1803.79
-1804.29
-1804.89
-1805.59
-1806.39
-1807.3
-1808.32
-1809.44
-1810.67
-1812
-1813.43
-1814.97
-1816.61
-1818.36
-1820.19
-1822.13
-1824.15
-1826.26
-1828.46
-1830.73
-1833.08
-1835.5
-1837.98
-1840.52
-1843.1
-1845.72
-1848.37
-1851.04
-1853.72
-1856.4
-1859.07
-1861.71
-1864.31
-1866.86
-1869.35
-1871.75
-1874.06
-1876.26
-1878.34
-1880.28
-1882.07
-1883.68
-1885.12
-1886.37
-1887.41
-1888.22
-1888.81
-1889.16
-1889.26
-1889.11
-1888.69
-1888
-1887.05
-1885.82
-1884.33
-1882.57
-1880.55
-1878.28
-1875.76
-1873
-1870.02
-1866.82
-1863.43
-1859.85
-1856.11
-1852.22
-1848.19
-1844.05
-1839.82
-1835.51
-1831.14
-1826.74
-1822.31
-1817.87
-1813.45
-1809.05
-1804.69
-1800.39
-1796.15
-1792
-1787.93
-1783.96
-1780.1
-1776.35
-1772.71
-1769.2
-1765.82
-1762.56
-1759.43
-1756.44
-1753.57
-1750.84
-1748.24
-1745.77
-1743.43
-1741.22
-1739.14
-1737.19
-1735.36
-1733.66
-1732.09
-1730.65
-1729.33
-1728.13
-1727.07
-1726.13
-1725.31
-1724.63
-1724.06
-1723.63
-1723.31
-1723.11
-1723.03
-1723.06
-1723.2
-1723.43
-1723.75
-1724.15
-1724.63
-1725.16
-1725.74
-1726.36
-1727
-1727.65
-1728.29
-1728.93
-1729.54
-1730.12
-1730.65
-1731.12
-1731.54
-1731.9
-1732.19
-1732.41
-1732.57
-1732.66
-1732.7
-1732.68
-1732.61
-1732.51
-1732.39
-1732.25
-1732.1
-1731.97
-1731.87
-1731.8
-1731.79
-1731.83
-1731.96
-1732.16
-1732.47
-1732.88
-1733.39
-1734.02
-1734.77
-1735.63
-1736.62
-1737.71
-1738.92
-1740.23
-1741.63
-1743.13
-1744.71
-1746.36
-1748.07
-1749.83
-1751.63
-1753.46
-1755.32
-1757.19
-1759.06
-1760.93
-1762.79
-1764.64
-1766.47
-1768.28
-1770.06
-1771.83
-1773.56
-1775.28
-1776.97
-1778.64
-1780.3
-1781.94
-1783.58
-1785.21
-1786.85
-1788.5
-1790.16
-1791.83
-1793.53
-1795.26
-1797.02
-1798.82
-1800.66
-1802.54
-1804.47
-1806.45
-1808.49
-1810.58
-1812.72
-1814.91
-1817.17
-1819.47
-1821.83
-1824.25
-1826.71
-1829.22
-1831.78
-1834.38
-1837.03
-1839.71
-1842.42
-1845.16
-1847.93
-1850.71
-1853.51
-1856.32
-1859.13
-1861.93
-1864.72
-1867.48
-1870.22
-1872.92
-1875.56
-1878.15
-1880.67
-1883.11
-1885.45
-1887.7
-1889.83
-1891.83
-1893.7
-1895.42
-1896.98
-1898.38
-1899.6
-1900.63
-1901.48
-1902.12
-1902.57
-1902.81
-1902.84
-1902.66
-1902.28
-1901.69
-1900.9
-1899.91
-1898.73
-1897.37
-1895.84
-1894.14
-1892.29
-1890.3
-1888.18
-1885.94
-1883.61
-1881.18
-1878.68
-1876.11
-1873.5
-1870.85
-1868.18
-1865.5
-1862.83
-1860.16
-1857.51
-1854.9
-1852.32
-1849.79
-1847.32
-1844.89
-1842.53
-1840.23
-1838
-1835.83
-1833.73
-1831.69
-1829.71
-1827.8
-1825.94
-1824.13
-1822.37
-1820.66
-1818.99
-1817.35
-1815.74
-1814.15
-1812.58
-1811.02
-1809.47
-1807.93
-1806.37
-1804.81
-1803.24
-1801.65
-1800.04
-1798.4
-1796.73
-1795.03
-1793.29
-1791.51
-1789.69
-1787.83
-1785.93
-1783.99
-1782
-1779.97
-1777.9
-1775.79
-1773.65
-1771.48
-1769.28
-1767.07
-1764.84
-1762.61
-1760.38
-1758.17
-1755.97
-1753.8
-1751.67
-1749.58
-1747.55
-1745.59
-1743.7
-1741.89
-1740.17
-1738.54
-1737.02
-1735.6
-1734.29
-1733.1
-1732.02
-1731.06
-1730.22
-1729.49
-1728.87
-1728.37
-1727.98
-1727.69
-1727.5
-1727.41
-1727.42
-1727.5
-1727.67
-1727.92
-1728.23
-1728.61
-1729.05
-1729.54
-1730.08
-1730.66
-1731.28
-1731.93
-1732.61
-1733.31
-1734.02
-1734.75
-1735.48
-1736.22
-1736.96
-1737.7
-1738.43
-1739.16
-1739.87
-1740.58
-1741.27
-1741.95
-1742.63
-1743.29
-1743.94
-1744.59
-1745.24
-1745.89
-1746.55
-1747.21
-1747.89
-1748.59
-1749.31
-1750.06
-1750.85
-1751.68
-1752.55
-1753.47
-1754.45
-1755.48
-1756.58
-1757.75
-1758.98
-1760.29
-1761.67
-1763.12
-1764.65
-1766.26
-1767.94
-1769.68
-1771.5
-1773.38
-1775.32
-1777.32
-1779.37
-1781.46
-1783.58
-1785.73
-1787.91
-1790.09
-1792.28
-1794.46
-1796.63
-1798.78
-1800.89
-1802.97
-1805
-1806.97
-1808.87
-1810.71
-1812.47
-1814.14
-1815.73
-1817.22
-1818.61
-1819.91
-1821.09
-1822.17
-1823.14
-1824
-1824.76
-1825.4
-1825.93
-1826.35
-1826.66
-1826.87
-1826.98
-1826.98
-1826.89
-1826.71
-1826.43
-1826.06
-1825.62
-1825.09
-1824.48
-1823.8
-1823.04
-1822.22
-1821.33
-1820.38
-1819.36
-1818.29
-1817.16
-1815.97
-1814.73
-1813.44
-1812.1
-1810.71
-1809.28
-1807.81
-1806.3
-1804.77
-1803.2
-1801.61
-1800.01
-1798.4
-1796.78
-1795.16
-1793.55
-1791.96
-1790.39
-1788.85
-1787.35
-1785.89
-1784.49
-1783.14
-1781.85
-1780.64
-1779.5
-1778.45
-1777.48
-1776.6
-1775.81
-1775.11
-1774.52
-1774.03
-1773.63
-1773.34
-1773.14
-1773.05
-1773.06
-1773.16
-1773.35
-1773.64
-1774.03
-1774.49
-1775.05
-1775.68
-1776.39
-1777.18
-1778.04
-1778.97
-1779.97
-1781.03
-1782.16
-1783.34
-1784.57
-1785.86
-1787.2
-1788.58
-1790.01
-1791.48
-1792.98
-1794.52
-1796.1
-1797.69
-1799.31
-1800.96
-1802.61
-1804.28
-1805.95
-1807.63
-1809.31
-1810.98
-1812.64
-1814.29
-1815.92
-1817.53
-1819.13
-1820.69
-1822.24
-1823.75
-1825.25
-1826.71
-1828.15
-1829.56
-1830.95
-1832.32
-1833.67
-1835
-1836.32
-1837.63
-1838.92
-1840.21
-1841.49
-1842.77
-1844.04
-1845.3
-1846.56
-1847.81
-1849.04
-1850.26
-1851.47
-1852.65
-1853.8
-1854.92
-1856
-1857.03
-1858.01
-1858.94
-1859.8
-1860.6
-1861.31
-1861.95
-1862.5
-1862.96
-1863.32
-1863.59
-1863.74
-1863.79
-1863.74
-1863.56
-1863.28
-1862.87
-1862.35
-1861.72
-1860.97
-1860.1
-1859.13
-1858.04
-1856.85
-1855.55
-1854.16
-1852.67
-1851.09
-1849.44
-1847.71
-1845.92
-1844.06
-1842.15
-1840.21
-1838.22
-1836.22
-1834.19
-1832.16
-1830.12
-1828.09
-1826.08
-1824.09
-1822.12
-1820.19
-1818.3
-1816.45
-1814.64
-1812.89
-1811.18
-1809.53
-1807.93
-1806.38
-1804.88
-1803.43
-1802.03
-1800.67
-1799.35
-1798.06
-1796.81
-1795.58
-1794.38
-1793.19
-1792.01
-1790.84
-1789.68
-1788.51
-1787.34
-1786.15
-1784.95
-1783.74
-1782.5
-1781.24
-1779.96
-1778.64
-1777.3
-1775.93
-1774.53
-1773.1
-1771.65
-1770.16
-1768.65
-1767.12
-1765.56
-1763.99
-1762.4
-1760.79
-1759.18
-1757.55
-1755.92
-1754.29
-1752.67
-1751.05
-1749.43
-1747.83
-1746.25
-1744.68
-1743.14
-1741.62
-1740.13
-1738.68
-1737.26
-1735.88
-1734.55
-1733.26
-1732.03
-1730.85
-1729.72
-1728.66
-1727.66
-1726.72
-1725.85
-1725.06
-1724.33
-1723.68
-1723.1
-1722.6
-1722.17
-1721.82
-1721.54
-1721.34
-1721.21
-1721.16
-1721.17
-1721.25
-1721.4
-1721.6
-1721.87
-1722.2
-1722.58
-1723.02
-1723.5
-1724.04
-1724.62
-1725.25
-1725.93
-1726.65
-1727.42
-1728.24
-1729.1
-1730.02
-1730.99
-1732.01
-1733.09
-1734.24
-1735.45
-1736.73
-1738.08
-1739.5
-1740.99
-1742.57
-1744.22
-1745.95
-1747.77
-1749.66
-1751.63
-1753.68
-1755.8
-1757.99
-1760.25
-1762.57
-1764.95
-1767.38
-1769.87
-1772.39
-1774.96
-1777.55
-1780.17
-1782.81
-1785.46
-1788.12
-1790.77
-1793.42
-1796.06
-1798.67
-1801.26
-1803.82
-1806.34
-1808.81
-1811.24
-1813.61
-1815.93
-1818.18
-1820.36
-1822.47
-1824.5
-1826.45
-1828.32
-1830.1
-1831.79
-1833.38
-1834.88
-1836.27
-1837.55
-1838.72
-1839.77
-1840.71
-1841.51
-1842.18
-1842.71
-1843.1
-1843.34
-1843.43
-1843.36
-1843.12
-1842.71
-1842.13
-1841.38
-1840.45
-1839.33
-1838.04
-1836.57
-1834.92
-1833.09
-1831.09
-1828.92
-1826.59
-1824.1
-1821.45
-1818.66
-1815.74
-1812.68
-1809.52
-1806.24
-1802.87
-1799.42
-1795.89
-1792.31
-1788.67
-1785.01
-1781.32
-1777.63
-1773.94
-1770.27
-1766.63
-1763.02
-1759.47
-1755.98
-1752.57
-1749.23
-1745.98
-1742.82
-1739.77
-1736.82
-1733.98
-1731.26
-1728.65
-1726.17
-1723.8
-1721.56
-1719.45
-1717.47
-1715.62
-1713.9
-1712.32
-1710.87
-1709.57
-1708.41
-1707.4
-1706.54
-1705.84
-1705.29
-1704.9
-1704.68
-1704.62
-1704.74
-1705.02
-1705.47
-1706.1
-1706.9
-1707.86
-1708.99
-1710.28
-1711.72
-1713.31
-1715.05
-1716.91
-1718.9
-1721
-1723.2
-1725.49
-1727.86
-1730.29
-1732.76
-1735.27
-1737.79
-1740.33
-1742.85
-1745.35
-1747.81
-1750.22
-1752.58
-1754.85
-1757.05
-1759.15
-1761.15
-1763.03
-1764.8
-1766.45
-1767.96
-1769.35
-1770.6
-1771.72
-1772.7
-1773.54
-1774.26
-1774.85
-1775.31
-1775.65
-1775.88
-1776.01
-1776.04
-1775.97
-1775.83
-1775.62
-1775.34
-1775.01
-1774.64
-1774.25
-1773.83
-1773.4
-1772.98
-1772.57
-1772.18
-1771.83
-1771.52
-1771.26
-1771.06
-1770.92
-1770.86
-1770.88
-1770.99
-1771.19
-1771.48
-1771.87
-1772.36
-1772.94
-1773.62
-1774.4
-1775.26
-1776.21
-1777.24
-1778.35
-1779.51
-1780.74
-1782.02
-1783.33
-1784.67
-1786.03
-1787.4
-1788.76
-1790.11
-1791.44
-1792.73
-1793.98
-1795.18
-1796.31
-1797.39
-1798.38
-1799.3
-1800.14
-1800.89
-1801.54
-1802.1
-1802.56
-1802.92
-1803.18
-1803.34
-1803.4
-1803.35
-1803.19
-1802.94
-1802.57
-1802.1
-1801.53
-1800.85
-1800.07
-1799.18
-1798.19
-1797.1
-1795.9
-1794.61
-1793.22
-1791.74
-1790.17
-1788.52
-1786.78
-1784.98
-1783.11
-1781.19
-1779.23
-1777.23
-1775.21
-1773.18
-1771.15
-1769.14
-1767.16
-1765.24
-1763.37
-1761.59
-1759.9
-1758.31
-1756.86
-1755.54
-1754.36
-1753.36
-1752.52
-1751.86
-1751.39
-1751.12
-1751.04
-1751.17
-1751.49
-1752.01
-1752.72
-1753.63
-1754.71
-1755.97
-1757.39
-1758.96
-1760.67
-1762.51
-1764.45
-1766.49
-1768.61
-1770.79
-1773.01
-1775.26
-1777.52
-1779.78
-1782.01
-1784.21
-1786.35
-1788.42
-1790.41
-1792.31
-1794.1
-1795.78
-1797.34
-1798.76
-1800.05
-1801.19
-1802.2
-1803.06
-1803.78
-1804.37
-1804.82
-1805.15
-1805.36
-1805.46
-1805.47
-1805.41
-1805.28
-1805.1
-1804.9
-1804.69
-1804.5
-1804.33
-1804.23
-1804.2
-1804.27
-1804.46
-1804.78
-1805.26
-1805.9
-1806.72
-1807.74
-1808.95
-1810.36
-1811.98
-1813.79
-1815.81
-1818.01
-1820.39
-1822.94
-1825.64
-1828.48
-1831.43
-1834.48
-1837.62
-1840.81
-1844.04
-1847.3
-1850.55
-1853.79
-1856.99
-1860.15
-1863.23
-1866.23
-1869.13
-1871.93
-1874.6
-1877.14
-1879.54
-1881.78
-1883.87
-1885.8
-1887.55
-1889.13
-1890.53
-1891.75
-1892.78
-1893.64
-1894.31
-1894.79
-1895.1
-1895.23
-1895.18
-1894.96
-1894.57
-1894.02
-1893.31
-1892.44
-1891.42
-1890.26
-1888.96
-1887.52
-1885.95
-1884.26
-1882.45
-1880.53
-1878.5
-1876.36
-1874.13
-1871.81
-1869.4
-1866.9
-1864.33
-1861.68
-1858.96
-1856.18
-1853.35
-1850.45
-1847.51
-1844.53
-1841.5
-1838.45
-1835.36
-1832.25
-1829.13
-1825.99
-1822.85
-1819.72
-1816.58
-1813.47
-1810.37
-1807.3
-1804.26
-1801.25
-1798.29
-1795.38
-1792.52
-1789.72
-1786.97
-1784.3
-1781.69
-1779.15
-1776.68
-1774.29
-1771.97
-1769.74
-1767.58
-1765.51
-1763.52
-1761.61
-1759.79
-1758.05
-1756.4
-1754.83
-1753.34
-1751.95
-1750.64
-1749.41
-1748.27
-1747.21
-1746.24
-1745.34
-1744.53
-1743.79
-1743.13
-1742.54
-1742.02
-1741.56
-1741.17
-1740.83
-1740.54
-1740.3
-1740.11
-1739.95
-1739.82
-1739.72
-1739.64
-1739.57
-1739.52
-1739.48
-1739.44
-1739.41
-1739.37
-1739.33
-1739.29
-1739.25
-1739.21
-1739.17
-1739.14
-1739.12
-1739.1
-1739.11
-1739.14
-1739.2
-1739.3
-1739.44
-1739.62
-1739.87
-1740.18
-1740.55
-1741
-1741.52
-1742.12
-1742.8
-1743.57
-1744.42
-1745.34
-1746.35
-1747.42
-1748.57
-1749.78
-1751.05
-1752.36
-1753.72
-1755.11
-1756.52
-1757.95
-1759.39
-1760.83
-1762.26
-1763.68
-1765.09
-1766.47
-1767.83
-1769.16
-1770.47
-1771.75
-1773
-1774.23
-1775.44
-1776.64
-1777.83
-1779.02
-1780.22
-1781.43
-1782.67
-1783.94
-1785.25
-1786.61
-1788.03
-1789.51
-1791.07
-1792.7
-1794.42
-1796.23
-1798.13
-1800.12
-1802.2
-1804.37
-1806.62
-1808.95
-1811.35
-1813.81
-1816.32
-1818.88
-1821.46
-1824.05
-1826.65
-1829.22
-1831.77
-1834.27
-1836.7
-1839.05
-1841.31
-1843.47
-1845.5
-1847.4
-1849.15
-1850.75
-1852.18
-1853.45
-1854.53
-1855.44
-1856.16
-1856.69
-1857.04
-1857.2
-1857.19
-1856.99
-1856.62
-1856.09
-1855.4
-1854.56
-1853.59
-1852.48
-1851.26
-1849.94
-1848.52
-1847.03
-1845.47
-1843.86
-1842.21
-1840.53
-1838.85
-1837.16
-1835.49
-1833.84
-1832.22
-1830.64
-1829.11
-1827.64
-1826.23
-1824.89
-1823.62
-1822.42
-1821.3
-1820.25
-1819.27
-1818.37
-1817.53
-1816.77
-1816.07
-1815.42
-1814.84
-1814.31
-1813.83
-1813.39
-1812.99
-1812.63
-1812.31
-1812.02
-1811.75
-1811.51
-1811.29
-1811.09
-1810.9
-1810.73
-1810.56
-1810.4
-1810.25
-1810.09
-1809.93
-1809.77
-1809.59
-1809.4
-1809.2
-1808.97
-1808.73
-1808.46
-1808.16
-1807.83
-1807.48
-1807.09
-1806.67
-1806.21
-1805.72
-1805.2
-1804.64
-1804.05
-1803.42
-1802.76
-1802.07
-1801.35
-1800.59
-1799.8
-1798.98
-1798.14
-1797.26
-1796.35
-1795.42
-1794.46
-1793.47
-1792.46
-1791.42
-1790.36
-1789.28
-1788.17
-1787.05
-1785.9
-1784.74
-1783.56
-1782.36
-1781.16
-1779.95
-1778.74
-1777.52
-1776.31
-1775.1
-1773.91
-1772.74
-1771.59
-1770.47
-1769.38
-1768.34
-1767.35
-1766.41
-1765.54
-1764.74
-1764.01
-1763.37
-1762.81
-1762.35
-1761.97
-1761.69
-1761.5
-1761.41
-1761.4
-1761.48
-1761.63
-1761.84
-1762.12
-1762.44
-1762.8
-1763.18
-1763.57
-1763.96
-1764.33
-1764.66
-1764.96
-1765.19
-1765.36
-1765.45
-1765.46
-1765.38
-1765.19
-1764.91
-1764.52
-1764.02
-1763.42
-1762.71
-1761.9
-1761
-1760
-1758.93
-1757.78
-1756.56
-1755.29
-1753.98
-1752.64
-1751.28
-1749.92
-1748.57
-1747.24
-1745.94
-1744.7
-1743.52
-1742.42
-1741.41
-1740.5
-1739.71
-1739.04
-1738.5
-1738.11
-1737.87
-1737.78
-1737.86
-1738.1
-1738.5
-1739.07
-1739.8
-1740.69
-1741.74
-1742.94
-1744.28
-1745.76
-1747.37
-1749.1
-1750.94
-1752.88
-1754.91
-1757.01
-1759.19
-1761.42
-1763.71
-1766.03
-1768.38
-1770.75
-1773.14
-1775.52
-1777.91
-1780.28
-1782.64
-1784.98
-1787.29
-1789.57
-1791.81
-1794
-1796.15
-1798.24
-1800.28
-1802.26
-1804.17
-1806.02
-1807.79
-1809.48
-1811.09
-1812.62
-1814.07
-1815.42
-1816.68
-1817.84
-1818.91
-1819.88
-1820.75
-1821.52
-1822.19
-1822.77
-1823.24
-1823.63
-1823.93
-1824.13
-1824.26
-1824.32
-1824.3
-1824.22
-1824.09
-1823.91
-1823.69
-1823.44
-1823.18
-1822.9
-1822.62
-1822.35
-1822.1
-1821.89
-1821.7
-1821.57
-1821.5
-1821.49
-1821.55
-1821.69
-1821.92
-1822.25
-1822.67
-1823.2
-1823.82
-1824.56
-1825.41
-1826.37
-1827.43
-1828.61
-1829.89
-1831.27
-1832.75
-1834.33
-1835.99
-1837.73
-1839.55
-1841.44
-1843.38
-1845.38
-1847.41
-1849.47
-1851.56
-1853.65
-1855.74
-1857.82
-1859.88
-1861.9
-1863.88
-1865.81
-1867.67
-1869.46
-1871.16
-1872.77
-1874.28
-1875.68
-1876.96
-1878.12
-1879.16
-1880.06
-1880.82
-1881.45
-1881.93
-1882.27
-1882.47
-1882.53
-1882.44
-1882.22
-1881.86
-1881.37
-1880.75
-1880.01
-1879.15
-1878.18
