4.8243
4.82246
4.81988
4.81654
4.81245
4.80761
4.80201
4.79565
4.78852
4.78063
4.77195
4.76249
4.75224
4.74119
4.72934
4.71667
4.70317
4.68884
4.67366
4.65763
4.64074
4.62297
4.60431
4.58475
4.56428
4.54289
4.52057
4.4973
4.47308
4.44789
4.42173
4.39458
4.36643
4.33729
4.30713
4.27596
4.24377
4.21056
4.17632
4.14106
4.10478
4.06749
4.02919
3.98989
3.94961
3.90836
3.86617
3.82306
3.77905
3.73419
3.6885
3.64204
3.59483
3.54695
3.49844
3.44936
3.39978
3.34977
3.2994
3.24877
3.19794
3.147
3.09606
3.0452
2.99451
2.9441
2.89407
2.84451
2.79553
2.74722
2.69968
2.65301
2.60729
2.56261
2.51906
2.47672
2.43566
2.39594
2.35762
2.32077
2.28542
2.25163
2.21941
2.18881
2.15984
2.13251
2.10683
2.0828
2.06041
2.03967
2.02054
2.003
1.98704
1.97262
1.9597
1.94824
1.93821
1.92956
1.92224
1.91621
1.9114
1.90777
1.90526
1.90382
1.90339
1.90391
1.90534
1.9076
1.91065
1.91443
1.91888
1.92396
1.9296
1.93575
1.94237
1.94941
1.95682
1.96455
1.97256
1.9808
1.98924
1.99784
2.00657
2.01538
2.02425
2.03314
2.04204
2.05091
2.05972
2.06847
2.07713
2.08568
2.0941
2.10239
2.11054
2.11852
2.12635
2.134
2.14149
2.14879
2.15592
2.16288
2.16966
2.17627
2.18271
2.189
2.19512
2.20109
2.20692
2.21261
2.21816
2.22359
2.22889
2.23408
2.23915
2.2441
2.24894
2.25366
2.25826
2.26275
2.2671
2.27132
2.2754
2.27934
2.28311
2.28672
2.29016
2.29342
2.29649
2.29936
2.30203
2.3045
2.30676
2.30882
2.31066
2.3123
2.31373
2.31496
2.316
2.31685
2.31753
2.31803
2.31837
2.31856
2.31861
2.31853
2.31833
2.31803
2.31763
2.31715
2.3166
2.31599
2.31533
2.31463
2.3139
2.31315
2.31239
2.31162
2.31085
2.31008
2.30933
2.3086
2.30788
2.30719
2.30652
2.30588
2.30526
2.30467
2.3041
2.30356
2.30303
2.30253
2.30204
2.30156
2.30109
2.30063
2.30017
2.2997
2.29922
2.29874
2.29824
2.29772
2.29718
2.29661
2.29602
2.2954
2.29475
2.29407
2.29336
2.29262
2.29186
2.29106
2.29025
2.28941
2.28856
2.28769
2.28682
2.28595
2.28508
2.28422
2.28338
2.28256
2.28178
2.28103
2.28033
2.27968
2.27909
2.27857
2.27812
2.27775
2.27746
2.27726
2.27715
2.27714
2.27722
2.27741
2.2777
2.2781
2.2786
2.2792
2.2799
2.28071
2.28162
2.28262
2.28372
2.2849
2.28618
2.28753
2.28897
2.29048
2.29205
2.2937
2.29541
2.29717
2.29899
2.30086
2.30278
2.30474
2.30674
2.30878
2.31085
2.31296
2.31511
2.31728
2.31949
2.32172
2.32398
2.32627
2.32859
2.33094
2.33331
2.33572
2.33815
2.34061
2.3431
2.34561
2.34816
2.35073
2.35333
2.35595
2.3586
2.36128
2.36398
2.3667
2.36944
2.3722
2.37498
2.37777
2.38057
2.38338
2.38619
2.389
2.39182
2.39463
2.39743
2.40022
2.403
2.40576
2.4085
2.41122
2.41391
2.41657
2.4192
2.4218
2.42435
2.42687
2.42934
2.43177
2.43415
2.43647
2.43874
2.44095
2.4431
2.44517
2.44718
2.44912
2.45097
2.45275
2.45443
2.45603
2.45753
2.45894
2.46024
2.46144
2.46252
2.4635
2.46437
2.46512
2.46575
2.46627
2.46668
2.46697
2.46715
2.46722
2.46719
2.46706
2.46684
2.46652
2.46612
2.46565
2.46511
2.46451
2.46385
2.46316
2.46243
2.46167
2.46089
2.46011
2.45932
2.45854
2.45777
2.45701
2.45628
2.45558
2.4549
2.45426
2.45366
2.45309
2.45257
2.45208
2.45163
2.45121
2.45083
2.45048
2.45016
2.44987
2.4496
2.44935
2.44911
2.44888
2.44865
2.44843
2.4482
2.44796
2.44771
2.44743
2.44713
2.4468
2.44643
2.44602
2.44556
2.44504
2.44446
2.44381
2.44308
2.44227
2.44138
2.44038
2.43929
2.43808
2.43676
2.43532
2.43374
2.43204
2.43019
2.4282
2.42605
2.42376
2.4213
2.41869
2.41591
2.41297
2.40986
2.40658
2.40314
2.39954
2.39578
2.39186
2.38779
2.38357
2.37921
2.37472
2.3701
2.36537
2.36053
2.35559
2.35058
2.34549
2.34034
2.33515
2.32993
2.3247
2.31946
2.31425
2.30906
2.30392
2.29884
2.29385
2.28895
2.28416
2.2795
2.27498
2.27061
2.26642
2.2624
2.25859
2.25498
2.25159
2.24843
2.2455
2.24282
2.2404
2.23824
2.23634
2.23471
2.23335
2.23227
2.23146
2.23093
2.23068
2.2307
2.23099
2.23154
2.23236
2.23344
2.23476
2.23633
2.23813
2.24016
2.24241
2.24487
2.24752
2.25037
2.25339
2.25658
2.25993
2.26343
2.26706
2.27082
2.2747
2.27869
2.28277
2.28694
2.2912
2.29552
2.29991
2.30435
2.30884
2.31337
2.31794
2.32253
2.32715
2.33177
2.33641
2.34105
2.34569
2.35032
2.35493
2.35953
2.36409
2.36863
2.37313
2.37759
2.38201
2.38637
2.39067
2.39491
2.39908
2.40318
2.4072
2.41114
2.415
2.41876
2.42243
2.426
2.42947
2.43283
2.43608
2.43922
2.44225
2.44515
2.44794
2.45061
2.45315
2.45557
2.45786
2.46003
2.46206
2.46396
2.46572
2.46735
2.46885
2.4702
2.47142
2.47249
2.47343
2.47422
2.47487
2.47537
2.47574
2.47596
2.47605
2.47599
2.47581
2.47549
2.47504
2.47448
2.4738
2.47302
2.47214
2.47117
2.47011
2.46899
2.46781
2.46658
2.4653
2.464
2.46269
2.46136
2.46004
2.45873
2.45745
2.45619
2.45496
2.45378
2.45264
2.45156
2.45052
2.44954
2.44861
2.44773
2.4469
2.44612
2.44539
2.4447
2.44406
2.44344
2.44286
2.44231
2.44178
2.44127
2.44077
2.44028
2.4398
2.43933
2.43885
2.43838
2.43789
2.4374
2.43689
2.43637
2.43584
2.43528
2.4347
2.4341
2.43347
2.43281
2.43213
2.43141
2.43065
2.42985
2.42902
2.42814
2.42722
2.42625
2.42524
2.42416
2.42304
2.42186
2.42062
2.41931
2.41795
2.41651
2.41501
2.41344
2.41179
2.41008
2.40828
2.40641
2.40446
2.40243
2.40033
2.39814
2.39587
2.39353
2.39111
2.38861
2.38603
2.38339
2.38067
2.37789
2.37505
2.37214
2.36919
2.36618
2.36313
2.36005
2.35693
2.35379
2.35064
2.34747
2.34431
2.34115
2.33801
2.3349
2.33182
2.32879
2.32581
2.32289
2.32004
2.31727
2.3146
2.31202
2.30954
2.30718
2.30495
2.30284
2.30087
2.29904
2.29735
2.29582
2.29445
2.29323
2.29217
2.29128
2.29056
2.29
2.2896
2.28937
2.2893
2.2894
2.28964
2.29005
2.2906
2.2913
2.29214
2.29311
2.29421
2.29544
2.29678
2.29823
2.29978
2.30143
2.30316
2.30498
2.30687
2.30882
2.31083
2.3129
2.315
2.31713
2.3193
2.32148
2.32367
2.32587
2.32806
2.33024
2.33241
2.33455
2.33666
2.33875
2.34079
2.34279
2.34475
2.34666
2.34853
2.35034
2.3521
2.35381
2.35548
2.35709
2.35867
2.3602
2.3617
2.36316
2.36461
2.36603
2.36743
2.36884
2.37024
2.37164
2.37306
2.37451
2.37598
2.37748
2.37902
2.38061
2.38225
2.38394
2.3857
2.38751
2.38939
2.39134
2.39336
2.39544
2.39759
2.39981
2.40209
2.40443
2.40683
2.40929
2.4118
2.41436
2.41696
2.4196
2.42228
2.42498
2.4277
2.43045
2.4332
2.43597
2.43874
2.4415
2.44426
2.447
2.44973
2.45244
2.45512
2.45776
2.46038
2.46295
2.46548
2.46796
2.47038
2.47275
2.47506
2.4773
2.47948
2.48158
2.4836
2.48555
2.48741
2.48918
2.49086
2.49246
2.49395
2.49536
2.49666
2.49787
2.49898
2.49999
2.5009
2.50172
2.50245
2.50308
2.50363
2.5041
2.50449
2.50481
2.50507
2.50527
2.50542
2.50553
2.5056
2.50565
2.50569
2.50572
2.50576
2.50581
2.50589
2.506
2.50615
2.50636
2.50664
2.50698
2.50741
2.50792
2.50852
2.50922
2.51003
2.51094
2.51197
2.51311
2.51437
2.51574
2.51724
2.51885
2.52058
2.52242
2.52437
2.52643
2.52859
2.53085
2.53321
2.53565
2.53818
2.54078
2.54345
2.54618
2.54896
2.55179
2.55466
2.55756
2.56048
2.56341
2.56635
2.56929
2.57221
2.57511
2.57798
2.58082
2.58361
2.58634
2.58901
2.59161
2.59413
2.59656
2.5989
2.60113
2.60325
2.60525
2.60713
2.60887
2.61046
2.61192
2.61321
2.61435
2.61531
2.61611
2.61673
2.61717
2.61742
2.61748
2.61735
2.61703
2.61651
2.61579
2.61487
2.61375
2.61244
2.61093
2.60923
2.60734
2.60526
2.603
2.60056
2.59794
2.59516
2.59223
2.58914
2.5859
2.58253
2.57904
2.57543
2.5717
2.56789
2.56398
2.56
2.55595
2.55185
2.54771
2.54354
2.53935
2.53515
2.53096
2.52679
2.52265
2.51855
2.51451
2.51054
2.50666
2.50286
2.49918
2.49562
2.49219
2.4889
2.48578
2.48282
2.48004
2.47746
2.47507
2.47289
2.47094
2.46921
2.46771
2.46646
2.46545
2.46469
2.46419
2.46394
2.46395
2.46422
2.46475
2.46553
2.46656
2.46784
2.46937
2.47113
2.47312
2.47533
2.47776
2.48039
2.4832
2.4862
2.48937
2.49268
2.49614
2.49972
2.50341
2.50719
2.51104
2.51496
2.51892
2.52291
2.5269
2.53089
2.53485
2.53877
2.54262
2.5464
2.55009
2.55367
2.55713
2.56045
2.56362
2.56662
2.56944
2.57207
2.5745
2.57672
2.57872
2.58049
2.58203
2.58332
2.58437
2.58517
2.58572
2.58602
2.58607
2.58586
2.58541
2.58472
2.58379
2.58263
2.58124
2.57964
2.57784
2.57585
2.57367
2.57133
2.56883
2.5662
2.56343
2.56056
2.55758
2.55453
2.5514
2.54822
2.545
2.54175
2.53849
2.53522
2.53196
2.52871
2.52549
2.5223
2.51915
2.51604
2.51299
2.50999
2.50705
2.50417
2.50135
2.4986
2.49592
2.4933
2.49075
2.48826
2.48585
2.4835
2.48122
2.47901
2.47687
2.47479
2.47278
2.47084
2.46897
2.46717
2.46543
2.46377
2.46217
2.46065
2.4592
2.45783
2.45653
2.45532
2.45418
2.45313
2.45216
2.45128
2.4505
2.4498
2.4492
2.4487
2.4483
2.448
2.44781
2.44773
2.44776
2.4479
2.44816
2.44854
2.44904
2.44966
2.4504
2.45127
2.45227
2.45339
2.45463
2.45601
2.4575
2.45913
2.46087
2.46274
2.46472
2.46682
2.46902
2.47133
2.47374
2.47624
2.47883
2.4815
2.48424
2.48704
2.4899
2.4928
2.49574
2.49871
2.50169
2.50468
2.50768
2.51066
2.51363
2.51657
2.51948
2.52235
2.52517
2.52794
2.53065
2.5333
2.53588
2.5384
2.54084
2.54321
2.54551
2.54773
2.54987
2.55195
2.55394
2.55587
2.55772
2.55951
2.56123
2.56288
2.56447
2.56599
2.56746
2.56887
2.57022
2.57152
2.57277
2.57396
2.5751
2.57618
2.57722
2.57821
2.57914
2.58003
2.58086
2.58165
2.58238
2.58306
2.5837
2.58428
2.58481
2.5853
2.58574
2.58613
2.58648
2.58678
2.58705
2.58728
2.58748
2.58765
2.5878
2.58792
2.58804
2.58814
2.58824
2.58834
2.58845
2.58857
2.58871
2.58888
2.58908
2.58931
2.58958
2.5899
2.59027
2.59068
2.59115
2.59167
2.59225
2.59289
2.59358
2.59432
2.59512
2.59596
2.59685
2.59778
2.59875
2.59975
2.60077
2.60182
2.60287
2.60393
2.60499
2.60603
2.60707
2.60808
2.60905
2.60999
2.61089
2.61173
2.61252
2.61324
2.61389
2.61446
2.61496
2.61537
2.61568
2.61591
2.61603
2.61605
2.61597
2.61578
2.61548
2.61506
2.61453
2.61389
2.61313
2.61226
2.61127
2.61016
2.60894
2.6076
2.60616
2.6046
2.60294
2.60118
2.59932
2.59737
2.59533
2.59322
2.59103
2.58877
2.58646
2.5841
2.58171
2.57929
2.57685
2.57442
2.57199
2.56959
2.56723
2.56492
2.56268
2.56051
2.55844
2.55648
2.55463
2.55292
2.55135
2.54993
2.54866
2.54756
2.54662
2.54586
2.54526
2.54483
2.54455
2.54444
2.54446
2.54463
2.54492
2.54532
2.54583
2.54641
2.54707
2.54779
2.54856
2.54935
2.55017
2.55099
2.55182
2.55263
2.55343
2.5542
2.55494
2.55565
2.55633
2.55698
2.55759
2.55816
2.55871
2.55923
2.55972
2.5602
2.56066
2.56111
2.56156
2.562
2.56245
2.56292
2.56339
2.56389
2.56441
2.56496
2.56554
2.56615
2.5668
2.56748
2.5682
2.56896
2.56975
2.57058
2.57144
2.57233
2.57325
2.57419
2.57516
2.57614
2.57713
2.57814
2.57915
2.58016
2.58116
2.58215
2.58312
2.58408
2.585
2.58589
2.58675
2.58756
2.58832
2.58903
2.58968
2.59026
2.59077
2.59121
2.59156
2.59183
2.59201
2.59208
2.59206
2.59193
2.5917
2.59134
2.59087
2.59028
2.58957
2.58872
2.58776
2.58666
2.58543
2.58407
2.58258
2.58097
2.57922
2.57736
2.57538
2.57328
2.57108
2.56877
2.56637
2.56388
2.5613
2.55866
2.55595
2.55318
2.55037
2.54752
2.54464
2.54174
2.53883
2.53592
2.53301
2.53011
2.52723
2.52437
2.52154
2.51874
2.51598
2.51325
2.51057
2.50793
2.50534
2.50279
2.50029
2.49783
2.49542
2.49306
2.49074
2.48847
2.48625
2.48408
2.48196
2.47989
2.47788
2.47592
2.47403
2.47219
2.47042
2.46872
2.4671
2.46555
2.46408
2.4627
2.4614
2.4602
2.45909
2.45808
2.45716
2.45635
2.45563
2.45502
2.4545
2.45409
2.45377
2.45354
2.45341
2.45337
2.45341
2.45353
2.45374
2.45401
2.45436
2.45478
2.45526
2.4558
2.45639
2.45705
2.45775
2.45851
2.45931
2.46016
2.46105
2.46198
2.46295
2.46396
2.46501
2.46609
2.46721
2.46835
2.46952
2.47072
2.47193
2.47316
2.47441
2.47567
2.47693
2.4782
2.47946
2.48071
2.48196
2.48318
2.48439
2.48558
2.48674
2.48787
2.48897
2.49004
2.49107
2.49207
2.49303
2.49395
2.49485
2.4957
2.49653
2.49733
2.49811
2.49886
2.4996
2.50031
2.50102
2.50172
2.50241
2.50309
2.50378
2.50447
2.50516
2.50585
2.50655
2.50726
2.50796
2.50867
2.50939
2.5101
2.5108
2.5115
2.51219
2.51286
2.51352
2.51415
2.51476
2.51534
2.51589
2.5164
2.51688
2.51732
2.51771
2.51806
2.51836
2.51863
2.51884
2.51901
2.51914
2.51923
2.51928
2.51929
2.51927
2.51922
2.51914
2.51904
2.51892
2.51879
2.51864
2.5185
2.51835
2.5182
2.51807
2.51795
2.51785
2.51777
2.51773
2.51772
2.51775
2.51782
2.51794
2.51812
2.51835
2.51865
2.51901
2.51944
2.51994
2.52052
2.52117
2.5219
2.52271
2.5236
2.52457
2.52561
2.52674
2.52794
2.52921
2.53056
2.53198
2.53346
2.53501
2.53662
2.53829
2.54001
2.54178
2.5436
2.54547
2.54737
2.54932
2.55131
2.55333
2.55539
2.55748
2.5596
2.56175
2.56393
2.56613
2.56836
2.57061
2.57289
2.5752
2.57752
2.57987
2.58224
2.58463
2.58704
2.58946
2.5919
2.59436
2.59683
2.59931
2.6018
2.60429
2.60679
2.6093
2.6118
2.6143
2.61679
2.61927
2.62175
2.6242
2.62663
2.62904
2.63143
2.63378
2.6361
2.63837
2.64061
2.64279
2.64492
2.647
2.64902
2.65097
2.65285
2.65466
2.6564
2.65805
2.65962
2.6611
2.66249
2.66378
2.66498
2.66607
2.66706
2.66793
2.6687
2.66935
2.66988
2.67029
2.67057
2.67073
2.67075
2.67065
2.6704
2.67002
2.6695
2.66884
2.66803
2.66707
2.66597
2.66471
2.66331
2.66175
2.66004
2.65819
2.65617
2.65401
2.6517
2.64924
2.64664
2.64389
2.641
2.63796
2.6348
2.6315
2.62807
2.62452
2.62085
2.61706
2.61316
2.60915
2.60504
2.60084
2.59654
2.59215
2.58768
2.58313
2.5785
2.57381
2.56906
2.56425
2.55939
2.55448
2.54954
2.54456
2.53956
2.53454
2.5295
2.52447
2.51944
2.51442
2.50943
2.50446
2.49954
2.49467
2.48985
2.48511
2.48044
2.47586
2.47138
2.46701
2.46275
2.45863
2.45463
2.45079
2.44709
2.44356
2.4402
2.43701
2.434
2.43118
2.42856
2.42614
2.42392
2.4219
2.4201
2.41851
2.41714
2.41598
2.41504
2.41431
2.4138
2.4135
2.41341
2.41352
2.41384
2.41435
2.41505
2.41593
2.417
2.41823
2.41962
2.42117
2.42286
2.42469
2.42664
2.4287
2.43088
2.43315
2.4355
2.43794
2.44044
2.443
2.44561
2.44826
2.45095
2.45366
2.45639
2.45913
2.46188
2.46463
2.46738
2.47012
2.47284
2.47556
2.47826
2.48095
2.48362
2.48627
2.48891
2.49153
2.49414
2.49674
2.49932
2.50191
2.50448
2.50706
2.50963
2.5122
2.51478
2.51736
2.51995
2.52254
2.52514
2.52775
2.53036
2.53297
2.53558
2.5382
2.54081
2.54341
2.54601
2.54858
2.55114
2.55367
2.55617
2.55864
2.56107
2.56345
2.56579
2.56806
2.57028
2.57244
2.57452
2.57654
2.57847
2.58033
2.58211
2.5838
2.5854
2.58692
2.58834
2.58968
2.59092
2.59207
2.59313
2.59409
2.59497
2.59575
2.59644
2.59705
2.59756
2.59799
2.59833
2.59859
2.59877
2.59886
2.59887
2.59881
2.59867
2.59845
2.59816
2.5978
2.59737
2.59688
2.59632
2.5957
2.59502
2.59428
2.5935
2.59266
2.59178
2.59086
2.5899
2.58891
2.5879
2.58686
2.58581
2.58475
2.58369
2.58263
2.58158
2.58055
2.57954
2.57856
2.57762
2.57672
2.57587
2.57507
2.57433
2.57365
2.57305
2.57251
2.57205
2.57167
2.57136
2.57112
2.57096
2.57087
2.57086
2.5709
2.57101
2.57117
2.57138
2.57163
2.57191
2.57222
2.57254
2.57287
2.57319
2.57351
2.5738
2.57406
2.57429
2.57447
2.57459
2.57466
2.57466
2.57459
2.57444
2.5742
2.57389
2.57349
2.573
2.57242
2.57176
2.57101
2.57017
2.56926
2.56826
2.5672
2.56606
2.56486
2.56361
2.5623
2.56096
2.55957
2.55817
2.55674
2.5553
2.55386
2.55243
2.55101
2.54962
2.54827
2.54695
2.54569
2.54448
2.54334
2.54228
2.54129
2.5404
2.53959
2.53889
2.53828
2.53779
2.5374
2.53713
2.53697
2.53693
2.537
2.53719
2.5375
2.53792
2.53844
2.53908
2.53981
2.54065
2.54157
2.54258
2.54367
2.54483
2.54606
2.54734
2.54867
2.55004
2.55145
2.55288
2.55432
2.55577
2.55722
2.55866
2.56009
2.5615
2.56288
2.56422
2.56553
2.5668
2.56802
2.56919
2.57031
2.57137
2.57239
2.57335
2.57426
2.57511
2.57592
2.57667
2.57739
2.57806
2.57868
2.57928
2.57984
2.58037
2.58088
2.58137
2.58184
2.5823
2.58275
2.5832
2.58364
2.58409
2.58454
2.585
2.58547
2.58595
2.58645
2.58696
2.58749
2.58804
2.58861
2.5892
2.58981
2.59044
2.59109
2.59175
2.59243
2.59312
2.59382
2.59452
2.59523
2.59594
2.59665
2.59735
2.59803
2.5987
2.59934
2.59996
2.60054
2.60109
2.60159
2.60205
2.60246
2.60281
2.60311
2.60335
2.60353
2.60364
2.60369
2.60367
2.60359
2.60345
2.60325
2.60298
2.60267
2.6023
2.60189
2.60144
2.60095
2.60044
2.5999
2.59935
2.59879
2.59824
2.5977
2.59717
2.59667
2.59621
2.5958
2.59543
2.59513
2.5949
2.59474
2.59467
2.59469
2.59481
2.59504
2.59537
2.59581
2.59638
2.59706
2.59787
2.5988
2.59985
2.60103
2.60232
2.60374
2.60527
2.60691
2.60865
2.61049
2.61242
2.61443
2.61652
2.61867
2.62088
2.62313
2.62542
2.62774
2.63007
2.6324
2.63473
2.63705
2.63935
2.64162
2.64384
2.64602
2.64815
2.65022
2.65222
2.65416
2.65602
2.65781
2.65952
2.66115
2.6627
2.66418
2.66558
2.6669
2.66814
2.66932
2.67043
2.67148
2.67247
2.6734
2.67428
2.67511
2.67591
2.67666
2.67738
2.67807
2.67873
2.67937
2.67998
2.68057
2.68114
2.68169
2.68222
2.68272
2.68319
2.68364
2.68405
2.68443
2.68477
2.68506
2.68531
2.6855
2.68563
2.68569
2.68569
2.68561
2.68545
2.6852
2.68486
2.68443
2.6839
2.68327
2.68254
2.68169
2.68074
2.67967
2.67849
2.6772
2.6758
2.67428
2.67265
2.67092
2.66907
2.66712
2.66507
2.66291
2.66067
2.65833
2.65592
2.65342
2.65085
2.64821
2.64551
2.64275
2.63995
2.6371
2.63422
2.63132
2.62839
2.62545
2.6225
2.61955
2.6166
2.61367
2.61075
2.60785
2.60498
2.60215
2.59935
2.59658
2.59387
2.59119
2.58857
2.586
2.58349
2.58103
2.57863
2.57628
2.57399
2.57177
2.5696
2.56748
2.56543
2.56343
2.56149
2.5596
2.55777
2.55599
2.55425
2.55257
2.55093
2.54933
2.54777
2.54626
2.54478
2.54333
2.54192
2.54055
2.5392
2.53788
2.53659
2.53533
2.5341
2.53289
2.5317
2.53054
2.52941
2.52831
2.52723
2.52617
2.52515
2.52415
2.52319
2.52226
2.52135
2.52048
2.51965
2.51885
2.51808
2.51735
2.51666
2.516
2.51538
2.5148
2.51425
2.51373
2.51324
2.51279
2.51236
2.51195
2.51157
2.51121
2.51087
2.51054
2.51021
2.5099
2.50959
2.50927
2.50895
2.50862
2.50828
2.50792
2.50755
2.50715
2.50673
2.50627
2.50579
2.50528
2.50474
2.50416
2.50356
2.50291
2.50224
2.50153
2.50079
2.50003
2.49924
2.49843
2.49761
2.49678
2.49594
2.4951
2.49426
2.49345
2.49265
2.49189
2.49116
2.49048
2.48985
2.48929
2.4888
2.48839
2.48807
2.48784
2.48772
2.48771
2.48781
2.48803
2.48837
2.48884
2.48943
2.49015
2.491
2.49197
2.49307
2.49429
2.49562
2.49706
2.49861
2.50026
2.50199
2.50381
2.5057
2.50766
2.50968
2.51175
2.51386
2.51599
2.51815
2.52033
2.5225
2.52468
2.52684
2.52899
2.53111
2.53319
2.53524
2.53724
2.53919
2.54109
2.54293
2.54471
2.54642
2.54806
2.54964
2.55114
2.55257
2.55393
2.55521
2.55642
2.55756
2.55863
2.55963
2.56057
2.56144
2.56225
2.56299
2.56369
2.56432
2.56491
2.56545
2.56594
2.5664
2.56681
2.56719
2.56753
2.56784
2.56812
2.56837
2.56859
2.56879
2.56896
2.56911
2.56923
2.56932
2.56939
2.56943
2.56943
2.56941
2.56936
2.56927
2.56914
2.56897
2.56876
2.56851
2.56821
2.56786
2.56746
2.56701
2.56651
2.56595
2.56533
2.56466
2.56393
2.56314
2.56229
2.56138
2.56042
2.55941
2.55834
2.55722
2.55606
2.55485
2.55361
2.55232
2.55101
2.54967
2.54831
2.54694
2.54556
2.54418
2.5428
2.54144
2.54009
2.53878
2.53749
2.53625
2.53505
2.53391
2.53282
2.53181
2.53087
2.53
2.52923
2.52853
2.52794
2.52743
2.52703
2.52672
2.52652
2.52642
2.52642
2.52653
2.52673
2.52704
2.52743
2.52792
2.5285
2.52916
2.5299
2.53071
2.53159
2.53252
2.53351
2.53454
2.53561
2.53671
2.53783
2.53896
2.5401
2.54124
2.54237
2.54348
2.54456
2.54562
2.54663
2.54761
2.54853
2.54939
2.55019
2.55092
2.55159
2.55217
2.55268
2.5531
2.55344
2.55369
2.55385
2.55392
2.55389
2.55377
2.55356
2.55325
2.55285
2.55235
2.55176
2.55108
2.55031
2.54945
2.5485
2.54747
2.54635
2.54516
2.54389
2.54255
2.54113
2.53966
2.53811
2.53652
2.53486
2.53316
2.53141
2.52963
2.52781
2.52596
2.52408
2.52219
2.52028
2.51837
2.51645
2.51454
2.51264
2.51075
2.50888
2.50703
2.50521
2.50342
2.50166
2.49995
2.49828
2.49666
2.49508
2.49355
2.49208
2.49066
2.48929
2.48798
2.48673
2.48553
2.48439
2.48331
2.48229
2.48132
2.48041
2.47957
2.47878
2.47804
2.47737
2.47676
2.47621
2.47573
2.4753
2.47494
2.47465
2.47443
2.47428
2.4742
2.4742
2.47429
2.47445
2.4747
2.47504
2.47547
2.476
2.47663
2.47737
2.47821
2.47916
2.48023
2.48142
2.48272
2.48415
2.4857
2.48738
2.48919
2.49112
2.49318
2.49537
2.49768
2.50012
2.50268
2.50535
2.50814
2.51103
2.51403
2.51713
2.52031
2.52357
2.52691
2.53032
2.53378
2.53728
2.54082
2.54439
2.54797
2.55156
2.55514
2.55871
2.56225
2.56575
2.56921
2.5726
2.57593
2.57918
2.58234
2.58541
2.58836
2.5912
2.59392
2.5965
2.59895
2.60124
2.60338
2.60536
2.60717
2.60881
2.61027
2.61156
2.61265
2.61357
2.61429
2.61483
2.61518
2.61534
2.61532
2.61511
2.61473
2.61417
2.61345
2.61256
2.61151
2.61032
2.60898
2.60751
2.60593
2.60422
2.60242
2.60052
2.59854
2.59649
2.59438
2.59222
2.59001
2.58778
2.58553
2.58327
2.58101
2.57875
2.57652
2.5743
2.57211
2.56996
2.56785
2.56578
2.56376
2.5618
2.55989
2.55804
2.55625
2.55453
2.55286
2.55126
2.54972
2.54825
2.54684
2.54549
2.54421
2.54299
2.54183
2.54074
2.53971
2.53874
2.53783
2.53699
2.5362
2.53548
2.53482
2.53421
2.53367
2.53319
2.53276
2.5324
2.53209
2.53184
2.53165
2.53151
2.53143
2.5314
2.53143
2.53151
2.53165
2.53184
2.53208
2.53237
2.53271
2.5331
2.53354
2.53404
2.53457
2.53516
2.5358
2.53648
2.5372
2.53797
2.53879
2.53965
2.54056
2.5415
2.54249
2.54352
2.54459
2.5457
2.54684
2.54802
2.54924
2.55049
2.55177
2.55309
2.55443
2.55579
2.55719
2.5586
2.56003
2.56148
2.56295
2.56442
2.5659
2.56739
2.56888
2.57037
2.57186
2.57333
2.5748
2.57624
2.57768
2.57908
2.58047
2.58182
2.58315
2.58444
2.58569
2.5869
2.58807
2.5892
2.59028
2.59132
2.5923
2.59324
2.59412
2.59495
2.59573
2.59646
2.59713
2.59775
2.59832
2.59884
2.5993
2.59971
2.60008
2.60039
2.60065
2.60087
2.60104
2.60117
2.60125
2.6013
2.6013
2.60126
2.60118
2.60107
2.60092
2.60075
2.60054
2.60031
2.60005
2.59977
2.59947
2.59915
2.59882
2.59849
2.59814
2.59779
2.59744
2.5971
2.59676
2.59643
2.59611
2.59581
2.59553
2.59527
2.59504
2.59483
2.59464
2.59449
2.59436
2.59427
2.5942
2.59417
2.59416
2.59417
2.59421
2.59428
2.59437
2.59447
2.59459
2.59472
2.59487
2.59502
2.59517
2.59532
2.59548
2.59562
2.59576
2.59589
2.59601
2.59611
2.59619
2.59625
2.59628
2.5963
2.59628
2.59624
2.59616
2.59606
2.59592
2.59575
2.59554
2.59529
2.595
2.59468
2.59431
2.59391
2.59346
2.59297
2.59244
2.59186
2.59125
2.59058
2.58988
2.58913
2.58833
2.5875
2.58662
2.58569
2.58473
2.58372
2.58267
2.58158
2.58046
2.57929
2.57809
2.57684
2.57557
2.57426
2.57292
2.57155
2.57015
2.56872
2.56726
2.56579
2.56429
2.56277
2.56124
2.55969
2.55813
2.55656
2.55498
2.55339
2.5518
2.55021
2.54861
2.54702
2.54543
2.54385
2.54227
2.5407
2.53913
2.53758
2.53603
2.5345
2.53298
2.53147
2.52997
2.52848
2.52701
2.52556
2.52412
2.5227
2.5213
2.51992
2.51857
2.51724
2.51593
2.51466
2.51342
2.51221
2.51105
2.50993
2.50886
2.50785
2.50689
2.50599
2.50516
2.5044
2.50371
2.50311
2.50258
2.50215
2.5018
2.50154
2.50138
2.50131
2.50135
2.50147
2.5017
2.50202
2.50243
2.50293
2.50352
2.5042
2.50495
2.50578
2.50667
2.50763
2.50864
2.5097
2.5108
2.51193
2.51308
2.51425
2.51542
2.51659
2.51776
2.5189
2.52001
2.52109
2.52213
2.52311
2.52404
2.5249
2.52569
2.5264
2.52702
2.52756
2.528
2.52834
2.52858
2.52872
2.52874
2.52866
2.52847
2.52817
2.52775
2.52723
2.5266
2.52586
2.52501
2.52407
2.52303
2.52189
2.52067
2.51937
2.51799
2.51654
2.51504
2.51347
2.51187
2.51022
2.50855
2.50686
2.50515
2.50344
2.50174
2.50005
2.49838
2.49674
2.49513
2.49357
2.49205
2.49058
2.48916
2.4878
2.4865
2.48526
2.48408
2.48296
2.4819
2.4809
2.47995
2.47906
2.47821
2.47742
2.47668
2.47598
2.47532
2.4747
2.47413
2.47359
2.47309
2.47262
2.47219
2.4718
2.47145
2.47113
2.47085
2.47061
2.47041
2.47026
2.47014
2.47006
2.47003
2.47004
2.4701
2.4702
2.47034
2.47052
2.47075
2.47101
2.47132
2.47166
2.47204
2.47245
2.4729
2.47337
2.47388
2.47441
2.47496
2.47554
2.47613
2.47675
2.47738
2.47802
2.47867
2.47934
2.48001
2.48069
2.48137
2.48205
2.48274
2.48342
2.4841
2.48478
2.48546
2.48613
2.48679
2.48744
2.48809
2.48872
2.48935
2.48997
2.49057
2.49117
2.49176
2.49234
2.49291
2.49347
2.49403
2.49458
2.49514
2.49569
2.49626
2.49683
2.49741
2.49802
2.49864
2.4993
2.49999
2.50072
2.5015
2.50233
2.50323
2.50419
2.50523
2.50635
2.50755
2.50885
2.51025
2.51175
2.51335
2.51507
2.51689
2.51883
2.52089
2.52305
2.52533
2.52772
2.53022
2.53282
2.53552
2.53832
2.54121
2.54419
2.54724
2.55037
2.55357
2.55682
2.56014
2.56349
2.56689
2.57033
2.57379
2.57726
2.58076
2.58425
2.58775
2.59123
2.5947
2.59815
2.60157
2.60495
2.60828
2.61156
2.61478
2.61794
2.62102
2.62402
2.62694
2.62976
2.63249
2.6351
2.63761
2.64
2.64227
2.64441
2.64643
2.6483
2.65004
2.65164
2.65309
2.6544
2.65556
2.65657
2.65743
2.65813
2.65869
2.6591
2.65935
2.65946
2.65943
2.65924
2.65892
2.65847
2.65787
2.65715
2.65631
2.65534
2.65426
2.65307
2.65178
2.65038
2.6489
2.64732
2.64567
2.64394
2.64215
2.64029
2.63837
2.6364
2.63439
2.63234
2.63026
2.62814
2.62601
2.62385
2.62169
2.61952
2.61735
2.61518
2.61302
2.61088
2.60875
2.60665
2.60458
2.60254
2.60053
2.59858
2.59666
2.5948
2.59299
2.59124
2.58955
2.58793
2.58637
2.58488
2.58346
2.58212
2.58085
2.57966
2.57855
2.57751
2.57656
2.57568
2.57489
2.57417
2.57354
2.57299
2.57251
2.57212
2.5718
2.57157
2.57141
2.57133
2.57132
2.57139
2.57154
2.57176
2.57205
2.57242
2.57286
2.57336
2.57394
2.57458
2.57529
2.57607
2.57691
2.57781
2.57876
2.57978
2.58084
2.58196
2.58313
2.58434
2.5856
2.58689
2.58822
2.58959
2.59098
2.5924
2.59385
2.59531
2.59678
2.59827
2.59976
2.60125
2.60275
2.60424
2.60571
2.60718
2.60863
2.61006
2.61146
2.61284
2.61418
2.61549
2.61676
2.61799
2.61917
2.6203
2.62138
2.62241
2.62338
2.6243
2.62515
2.62593
2.62665
2.62731
2.62789
2.6284
2.62883
2.62919
2.62947
2.62967
2.62979
2.62982
2.62977
2.62963
2.6294
2.62907
2.62866
2.62814
2.62753
2.62683
2.62602
2.62512
2.62411
2.62301
2.62181
2.62051
2.61911
2.61762
2.61604
2.61437
2.61261
2.61077
2.60886
2.60688
2.60483
2.60272
2.60055
2.59834
2.59609
2.5938
2.59149
2.58916
2.58682
2.58448
2.58214
2.57981
2.5775
2.57521
2.57296
2.57075
2.56858
2.56647
2.56442
2.56243
2.56051
2.55866
2.5569
2.55521
2.55362
2.55212
2.55072
2.54941
2.54821
2.54711
2.54612
2.54523
2.54446
2.54379
2.54324
2.5428
2.54247
2.54226
2.54215
2.54216
2.54228
2.5425
2.54283
2.54327
2.54381
2.54446
2.5452
2.54603
2.54696
2.54798
2.54908
2.55026
2.55152
2.55286
2.55426
2.55572
2.55724
2.55882
2.56044
2.56211
2.56381
2.56555
2.56731
2.56909
2.57089
2.5727
2.57451
2.57631
2.57812
2.5799
2.58167
2.58342
2.58514
2.58683
2.58848
2.59009
2.59166
2.59317
2.59464
2.59606
2.59742
2.59873
2.59998
2.60117
2.60231
2.60339
2.60442
2.60539
2.60632
2.60719
2.60802
2.6088
2.60954
2.61024
2.61091
2.61155
2.61215
2.61272
2.61327
2.61378
2.61427
2.61473
2.61516
2.61555
2.61591
2.61623
2.6165
2.61673
2.6169
2.617
2.61704
2.617
2.61689
2.61668
2.61639
2.61599
2.61549
2.61488
2.61416
2.61331
2.61235
2.61126
2.61004
2.60869
2.60721
2.60559
2.60385
2.60197
2.59996
2.59782
2.59555
2.59314
2.59062
2.58796
2.58518
2.58228
2.57926
2.57613
2.57288
2.56951
2.56604
2.56245
2.55876
2.55497
2.55108
2.54709
2.54301
2.53884
2.53459
2.53025
2.52583
2.52134
2.51679
2.51217
2.5075
2.50278
2.49801
2.49322
2.48839
2.48355
2.4787
2.47385
2.46901
2.46419
2.4594
2.45465
2.44996
2.44532
2.44076
2.43627
2.43189
2.42761
2.42344
2.4194
2.41549
2.41173
2.40813
2.40469
2.40142
2.39833
2.39542
2.39271
2.39021
2.3879
2.38581
2.38394
2.38228
2.38085
2.37965
2.37868
2.37793
2.37742
2.37714
2.37709
2.37728
2.3777
2.37834
2.37922
2.38032
2.38164
2.38317
2.38492
2.38688
2.38903
2.39138
2.39392
2.39663
2.39952
2.40256
2.40576
2.4091
2.41258
2.41617
2.41988
2.42369
2.42758
2.43156
2.4356
2.43969
2.44383
2.44801
2.4522
2.45641
2.46062
2.46481
2.46899
2.47314
2.47724
2.4813
2.48529
2.48922
2.49307
2.49683
2.5005
2.50406
2.50751
2.51085
2.51405
2.51713
2.52007
2.52286
2.5255
2.52799
2.53032
2.53248
2.53448
2.53632
2.53798
2.53948
2.5408
2.54195
2.54294
2.54376
2.54442
2.54492
2.54527
2.54546
2.54552
2.54543
2.54521
2.54488
2.54442
2.54386
2.5432
2.54245
2.54162
2.54072
2.53976
2.53875
2.53769
2.5366
2.53548
2.53435
2.53322
2.53208
2.53096
2.52986
2.52878
2.52773
2.52673
2.52576
2.52485
2.52398
2.52317
2.52242
2.52173
2.52109
2.52051
2.51998
2.51951
2.51908
2.5187
2.51835
2.51804
2.51775
2.51749
2.51723
2.51698
2.51673
2.51646
2.51618
2.51587
2.51553
2.51516
2.51474
2.51428
2.51377
2.5132
2.51258
2.5119
2.51116
2.51037
2.50953
2.50864
2.5077
2.50671
2.50569
2.50463
2.50355
2.50244
2.50132
2.50019
2.49906
2.49793
2.49682
2.49572
2.49464
2.49359
2.49258
2.4916
2.49066
2.48977
2.48893
2.48814
2.48741
2.48673
2.48611
2.48555
2.48505
2.48461
2.48423
2.48391
2.48366
2.48346
2.48332
2.48325
2.48323
2.48326
2.48336
2.4835
2.4837
2.48395
2.48425
2.48459
2.48498
2.48541
2.48588
2.48639
2.48693
2.4875
2.4881
2.48872
2.48936
2.49003
2.4907
2.49139
2.49209
2.4928
2.49351
2.49423
2.49494
2.49565
2.49636
2.49707
2.49777
2.49846
2.49915
2.49984
2.50052
2.50119
2.50187
2.50254
2.50321
2.50389
2.50457
2.50525
2.50594
2.50665
2.50736
2.50809
2.50883
2.5096
2.51038
2.51118
2.512
2.51284
2.5137
2.51459
2.51549
2.51642
2.51736
2.51832
2.5193
2.52029
2.52129
2.52229
2.5233
2.52431
2.52531
2.52631
2.52729
2.52826
2.52921
2.53013
2.53103
2.53189
2.53271
2.53348
2.53421
2.53489
2.5355
2.53606
2.53655
2.53697
2.53732
2.5376
2.53779
2.5379
2.53792
2.53786
2.5377
2.53745
2.53711
2.53667
2.53613
2.5355
2.53477
2.53394
2.53302
2.53199
2.53087
2.52965
2.52834
2.52693
2.52543
2.52384
2.52216
2.5204
2.51855
2.51662
2.51461
2.51252
2.51036
2.50813
2.50583
2.50347
2.50105
2.49858
2.49605
2.49348
2.49087
2.48822
2.48554
2.48284
2.48012
2.47739
2.47465
2.47191
2.46918
2.46647
2.46377
2.46111
2.45849
2.45591
2.45339
2.45093
2.44855
2.44624
2.44401
2.44189
2.43986
2.43795
2.43615
2.43448
2.43294
2.43154
2.43027
2.42916
2.4282
2.42739
2.42673
2.42624
2.42591
2.42574
2.42573
2.42588
2.42618
2.42664
2.42725
2.42801
2.42891
2.42995
2.43111
2.4324
2.43381
2.43532
2.43693
2.43863
2.44042
2.44228
2.4442
2.44619
2.44821
2.45028
2.45238
2.4545
2.45664
2.45878
2.46091
2.46305
2.46516
2.46726
2.46933
2.47138
2.47339
2.47536
2.47729
2.47918
2.48103
2.48283
2.48459
2.4863
2.48797
2.4896
2.49119
2.49273
2.49425
2.49573
2.49717
2.49859
2.49999
2.50136
2.50272
2.50406
2.50539
2.50671
2.50802
2.50933
2.51064
2.51194
2.51326
2.51457
2.5159
2.51723
2.51857
2.51992
2.52128
2.52265
2.52404
2.52544
2.52685
2.52827
2.52971
2.53116
2.53262
2.5341
2.53559
2.53708
2.53859
2.54011
2.54164
2.54318
2.54473
2.54628
2.54784
2.5494
2.55097
2.55253
2.5541
2.55567
2.55724
2.5588
2.56035
2.56189
2.56342
2.56494
2.56644
2.56791
2.56937
2.57079
2.57218
2.57354
2.57486
2.57614
2.57736
2.57854
2.57966
2.58072
2.58172
2.58265
2.5835
2.58428
2.58499
2.5856
2.58613
2.58657
2.58692
2.58718
2.58734
2.5874
2.58736
2.58723
2.58699
2.58666
2.58622
2.58569
2.58507
2.58435
2.58355
2.58266
2.58168
2.58063
2.57951
2.57831
2.57706
2.57574
2.57438
2.57297
2.57151
2.57003
2.56851
2.56698
2.56542
2.56386
2.56229
2.56072
2.55915
2.5576
2.55605
2.55452
2.55301
2.55152
2.55006
2.54862
2.54722
2.54583
2.54448
2.54316
2.54187
2.54061
2.53937
2.53816
2.53698
2.53582
2.53469
2.53357
2.53248
2.53141
2.53035
2.52931
2.52829
2.52729
2.52631
2.52535
2.5244
2.52349
2.5226
2.52174
2.52092
2.52014
2.51941
2.51873
2.51811
2.51756
2.51708
2.51668
2.51637
2.51616
2.51604
2.51603
2.51614
2.51635
2.51668
2.51712
2.51769
2.51837
2.51916
2.52007
2.52109
2.52221
2.52344
2.52475
2.52616
2.52764
2.5292
2.53083
2.53252
2.53426
2.53605
2.53788
2.53974
2.54164
2.54356
2.54549
2.54744
2.5494
2.55136
2.55332
2.55528
2.55724
2.55918
2.56112
2.56303
2.56493
2.56681
2.56866
2.57049
2.57229
2.57405
2.57577
2.57746
2.57909
2.58068
2.58222
2.5837
2.58512
2.58647
2.58776
2.58897
2.59011
2.59116
2.59213
2.59302
2.59381
2.59452
2.59512
2.59564
2.59605
2.59637
2.59659
2.59671
2.59674
2.59668
2.59652
2.59627
2.59593
2.59551
2.59502
2.59445
2.59381
2.5931
2.59234
2.59152
2.59066
2.58976
2.58883
2.58788
2.58691
2.58593
2.58494
2.58396
2.58299
2.58205
2.58113
2.58024
2.57939
2.57859
2.57784
2.57715
2.57652
2.57596
2.57547
2.57505
2.57471
2.57446
2.57429
2.5742
2.57421
2.5743
2.57448
2.57475
2.57512
2.57557
2.57612
2.57676
2.57749
2.57831
2.57921
2.58021
2.58129
2.58246
2.58372
2.58506
2.58647
2.58797
2.58954
2.59118
2.59289
2.59466
2.59648
2.59836
2.60029
2.60225
2.60424
2.60626
2.6083
2.61034
2.61238
2.61441
2.61643
2.61841
2.62036
2.62227
2.62412
2.62591
2.62763
2.62928
2.63084
2.63232
2.6337
2.63498
2.63617
2.63724
2.63821
2.63906
2.6398
2.64043
2.64094
2.64133
2.64161
2.64177
2.64183
2.64177
2.6416
2.64133
2.64095
2.64047
2.6399
2.63924
2.63849
2.63766
2.63675
2.63577
2.63473
2.63362
2.63246
2.63125
2.63
2.62872
2.6274
2.62606
2.62471
2.62334
2.62196
2.62059
2.61923
2.61787
2.61654
2.61522
2.61394
2.61269
2.61148
2.61031
2.60919
2.60812
2.6071
2.60615
2.60525
2.60443
2.60367
2.60299
2.60238
2.60185
2.6014
2.60103
2.60075
2.60056
2.60046
2.60045
2.60053
2.60071
2.60099
2.60136
2.60184
2.60241
2.60308
2.60385
2.60472
2.60569
2.60675
2.60792
2.60918
2.61053
2.61197
2.6135
2.61511
2.6168
2.61856
2.6204
2.6223
2.62426
2.62627
2.62832
2.63042
2.63254
2.63468
2.63684
2.639
2.64115
2.64329
2.64541
2.64749
2.64953
2.65151
2.65344
2.65529
2.65706
2.65875
2.66034
2.66182
2.6632
2.66446
2.6656
2.66662
2.6675
2.66825
2.66887
2.66935
2.66969
2.6699
2.66997
2.6699
2.6697
2.66936
2.6689
2.66832
2.66761
2.66679
2.66586
2.66482
2.66368
2.66245
2.66113
2.65972
2.65824
2.65668
2.65506
2.65337
2.65163
2.64984
2.64801
2.64613
2.64421
2.64226
2.64028
2.63828
2.63625
2.63421
2.63214
2.63007
2.62798
2.62588
2.62376
2.62165
2.61952
2.61738
2.61524
2.61309
2.61094
2.60877
2.6066
2.60442
2.60223
2.60003
2.59781
2.59558
2.59333
2.59107
2.58878
2.58648
2.58415
2.58179
2.57941
2.57701
2.57457
2.57211
2.56961
2.56708
2.56452
2.56193
2.55931
2.55666
2.55398
2.55128
2.54855
2.5458
2.54304
2.54026
2.53748
2.53469
2.53191
2.52914
2.52639
2.52367
2.52098
2.51834
2.51576
2.51323
2.51079
2.50842
2.50615
2.50399
2.50195
2.50003
2.49824
2.49661
2.49512
2.49381
2.49267
2.49171
2.49093
2.49035
2.48997
2.4898
2.48983
2.49007
2.49052
2.49118
2.49205
2.49312
2.4944
2.49588
2.49755
2.49941
2.50145
2.50366
2.50603
2.50856
2.51123
2.51402
2.51694
2.51997
2.5231
2.5263
2.52958
2.53291
2.5363
2.53971
2.54315
2.54659
2.55004
2.55347
2.55687
2.56024
2.56356
2.56684
2.57004
2.57318
2.57623
2.57919
2.58206
2.58483
2.58749
2.59003
2.59245
2.59475
2.59691
2.59894
2.60083
2.60258
2.60418
2.60564
2.60694
2.60809
2.60909
2.60993
2.61062
2.61115
2.61152
2.61175
2.61182
2.61175
2.61152
2.61116
2.61066
2.61002
2.60926
2.60837
2.60736
2.60624
2.60502
2.6037
2.60228
2.60079
2.59921
2.59757
2.59586
2.5941
2.59229
2.59044
2.58855
2.58664
2.58471
2.58277
2.58082
2.57887
2.57692
2.57499
2.57307
2.57117
2.56931
2.56747
2.56567
2.56391
2.5622
2.56054
2.55893
2.55738
2.55589
2.55447
2.55311
2.55182
2.5506
2.54946
2.5484
2.54741
2.5465
2.54567
2.54493
2.54426
2.54368
2.54317
2.54275
2.54241
2.54214
2.54195
2.54184
2.54179
2.54182
2.54191
2.54207
2.54229
2.54256
2.5429
2.54329
2.54372
2.54421
2.54475
2.54532
2.54594
2.5466
2.5473
2.54804
2.54881
2.54963
2.55047
2.55136
2.55227
2.55323
2.55421
2.55523
2.55629
2.55738
2.5585
2.55964
2.56082
2.56202
2.56325
2.56449
2.56575
2.56702
2.56829
2.56956
2.57082
2.57207
2.57329
2.57448
2.57564
2.57674
2.57779
2.57877
2.57968
2.5805
2.58124
2.58187
2.5824
2.58281
2.5831
2.58327
2.5833
2.5832
2.58295
2.58257
2.58203
2.58135
2.58052
2.57955
2.57843
2.57716
2.57575
2.5742
2.57252
2.5707
2.56876
2.5667
2.56453
2.56225
2.55986
2.55738
2.55482
2.55217
2.54946
2.54667
2.54384
2.54095
2.53802
2.53505
2.53206
2.52905
2.52603
2.523
2.51998
2.51696
2.51396
2.51098
2.50802
2.5051
2.50222
2.49938
2.49658
2.49384
2.49115
2.48852
2.48596
2.48346
2.48103
2.47867
2.47638
2.47417
2.47203
2.46997
2.46798
2.46606
2.46422
2.46246
2.46076
2.45913
2.45757
2.45608
2.45464
2.45327
2.45195
2.45068
2.44946
2.44828
2.44714
2.44604
2.44497
2.44393
2.44292
2.44193
2.44096
2.44001
2.43908
2.43817
2.43728
2.4364
2.43554
2.4347
2.43388
2.43309
2.43233
2.4316
2.43091
2.43026
2.42967
2.42913
2.42866
2.42826
2.42793
2.4277
2.42755
2.42751
2.42757
2.42774
2.42803
2.42843
2.42896
2.42962
2.4304
2.43131
2.43235
2.43351
2.43479
2.43619
2.43769
2.43931
2.44103
2.44284
2.44474
2.44671
2.44877
2.45088
2.45306
2.45529
2.45756
2.45988
2.46222
2.46459
2.46698
2.46939
2.4718
2.47422
2.47664
2.47905
2.48146
2.48384
2.48622
2.48856
2.49089
2.49318
2.49544
2.49767
2.49986
2.502
2.5041
2.50615
2.50814
2.51009
2.51197
2.5138
2.51556
2.51726
2.51889
2.52045
2.52194
2.52336
2.5247
2.52596
2.52715
2.52825
2.52928
2.53023
2.53109
2.53188
2.53259
2.53322
2.53378
2.53426
2.53468
2.53502
2.53531
2.53554
2.53572
2.53586
2.53595
2.53601
2.53604
2.53604
2.53603
2.53601
2.53599
2.53597
2.53596
2.53595
2.53597
2.53601
2.53607
2.53616
2.53628
2.53643
2.53661
2.53683
2.53707
2.53736
2.53767
2.53802
2.53839
2.5388
2.53923
2.53969
2.54017
2.54068
2.54121
2.54176
2.54233
2.54292
2.54352
2.54415
2.54479
2.54546
2.54614
2.54684
2.54755
2.54829
2.54905
2.54982
2.55061
2.55142
2.55224
2.55308
2.55393
2.55479
2.55566
2.55653
2.5574
2.55826
2.55911
2.55994
2.56076
2.56154
2.56229
2.56299
2.56365
2.56424
2.56477
2.56523
2.56561
2.56589
2.56608
2.56617
2.56615
2.56602
2.56576
2.56537
2.56485
2.5642
2.56341
2.56247
2.5614
2.56017
2.5588
2.55729
2.55564
2.55384
2.55191
2.54985
2.54766
2.54536
2.54294
2.54042
2.53781
2.53512
2.53235
2.52954
2.52668
2.5238
2.5209
2.51802
2.51515
2.51233
2.50956
2.50687
2.50427
2.50178
2.49941
2.49719
2.49512
2.49322
2.4915
2.48998
2.48865
2.48754
2.48664
2.48596
2.48549
2.48525
2.48523
2.48543
2.48583
2.48644
2.48725
2.48825
2.48942
2.49076
2.49226
2.4939
2.49568
2.49757
2.49957
2.50166
2.50383
2.50607
2.50836
2.51069
2.51305
2.51543
2.51781
2.52019
2.52256
2.5249
2.52721
2.52948
2.5317
2.53386
2.53596
2.53799
2.53994
2.54182
2.54361
2.54532
2.54693
2.54846
2.54989
2.55123
2.55248
2.55363
2.55469
2.55566
2.55655
2.55734
2.55806
2.5587
2.55926
2.55976
2.56019
2.56056
2.56088
2.56116
2.56139
2.56159
2.56177
2.56192
2.56205
2.56218
2.56231
2.56245
2.5626
2.56277
2.56296
2.56318
2.56345
2.56375
2.56411
2.56451
2.56498
2.56551
2.56611
2.56679
2.56753
2.56836
2.56926
2.57025
2.57132
2.57247
2.57371
2.57503
2.57644
2.57792
2.57947
2.5811
2.5828
2.58457
2.58639
2.58826
2.59018
2.59213
2.59412
2.59612
2.59814
2.60016
2.60218
2.60419
2.60617
2.60812
2.61002
2.61188
2.61367
2.6154
2.61705
2.61861
2.62007
2.62144
2.6227
2.62384
2.62486
2.62576
2.62652
2.62714
2.62762
2.62795
2.62812
2.62815
2.62801
2.6277
2.62723
2.62659
2.62577
2.62477
2.62359
2.62223
2.62068
2.61893
2.617
2.61486
2.61253
2.60999
2.60725
2.60431
2.60116
2.5978
2.59424
2.59048
2.58651
2.58234
2.57797
2.57341
2.56866
2.56374
2.55864
2.55339
2.54798
2.54243
2.53676
2.53098
2.5251
2.51915
2.51315
2.50711
2.50107
2.49503
2.48904
2.48311
2.47728
2.47158
2.46603
2.46066
2.4555
2.45059
2.44596
2.44162
2.43761
2.43395
2.43067
2.42777
2.42529
2.42322
2.42158
2.42036
2.41958
2.41923
2.41929
2.41976
2.42063
2.42187
2.42346
2.42539
2.42763
2.43016
2.43294
2.43597
2.4392
2.44263
2.44621
2.44994
2.45379
2.45775
2.46178
2.46589
2.47005
2.47425
2.47848
2.48272
2.48698
2.49124
2.49549
2.49973
2.50395
2.50815
2.51233
2.51647
2.52058
2.52465
2.52868
2.53267
2.5366
2.54049
2.54432
2.54809
2.5518
2.55544
2.55901
2.56251
2.56593
2.56927
2.57253
2.5757
2.57877
2.58176
2.58464
2.58743
2.59011
2.59269
2.59516
2.59752
2.59977
2.60191
2.60393
2.60584
2.60763
2.6093
2.61086
2.6123
2.61363
2.61484
2.61593
2.61691
2.61778
2.61853
2.61918
2.61971
2.62014
2.62046
2.62069
2.6208
2.62082
2.62075
2.62057
2.6203
2.61995
2.6195
2.61896
2.61834
2.61764
2.61685
2.61599
2.61505
2.61404
2.61296
2.61182
2.61061
2.60935
2.60803
2.60667
2.60526
2.60381
2.60233
2.60083
2.59931
2.59777
2.59623
2.5947
2.59317
2.59167
2.59019
2.58874
2.58734
2.58599
2.5847
2.58347
2.58232
2.58124
2.58025
2.57935
2.57854
2.57783
2.57722
2.57672
2.57632
2.57603
2.57584
2.57576
2.57578
2.57591
2.57613
2.57645
2.57686
2.57735
2.57792
2.57857
2.57928
2.58005
2.58087
2.58173
2.58263
2.58356
2.58452
2.58548
2.58645
2.58742
2.58838
2.58933
2.59025
2.59114
2.59199
2.5928
2.59356
2.59427
2.59493
2.59551
2.59604
2.59649
2.59686
2.59716
2.59738
2.59751
2.59756
2.59753
2.5974
2.59719
2.59689
2.59651
2.59603
2.59547
2.59483
2.5941
2.5933
2.59242
2.59147
2.59045
2.58937
2.58824
2.58705
2.58581
2.58454
2.58324
2.58191
2.58056
2.5792
2.57783
2.57647
2.57511
2.57377
2.57245
2.57116
2.56989
2.56867
2.56749
2.56635
2.56526
2.56423
2.56324
2.56232
2.56146
2.56065
2.55991
2.55922
2.55859
2.55803
2.55752
2.55706
2.55666
2.55632
2.55602
2.55577
2.55557
2.55541
2.55529
2.55521
2.55516
2.55515
2.55518
2.55524
2.55533
2.55545
2.5556
2.55579
2.55601
2.55626
2.55655
2.55688
2.55726
2.55767
2.55814
2.55865
2.55922
2.55985
2.56054
2.56128
2.5621
2.56298
2.56393
2.56494
2.56602
2.56717
2.56838
2.56965
2.57098
2.57237
2.5738
2.57527
2.57677
2.5783
2.57985
2.58142
2.58298
2.58454
2.58609
2.58761
2.5891
2.59055
2.59196
2.59332
2.59462
2.59585
2.59702
2.59812
2.59914
2.60009
2.60096
2.60176
2.60248
2.60313
2.60371
2.60422
2.60467
2.60507
2.60541
2.6057
2.60596
2.60618
2.60638
2.60655
2.60672
2.60688
2.60704
2.60721
2.60739
2.6076
2.60782
2.60807
2.60835
2.60867
2.60902
2.6094
2.60982
2.61027
2.61075
2.61126
2.61179
2.61235
2.61292
2.6135
2.61409
2.61469
2.61527
2.61584
2.6164
2.61693
2.61742
2.61788
2.6183
2.61867
2.61898
2.61923
2.61941
2.61953
2.61957
2.61953
2.61941
2.61921
2.61893
2.61856
2.6181
2.61755
2.61692
2.6162
2.61539
2.6145
2.61353
2.61248
2.61135
2.61015
2.60888
2.60755
2.60616
2.60472
2.60322
2.60169
2.60011
2.59851
2.59688
2.59523
2.59357
2.5919
2.59023
2.58857
2.58692
2.58529
2.58368
2.58209
2.58054
2.57902
2.57754
2.5761
2.5747
2.57335
2.57204
2.57078
2.56956
2.56839
2.56726
2.56616
2.5651
2.56407
2.56307
2.56208
2.56112
2.56016
2.5592
2.55823
2.55725
2.55625
2.55522
2.55415
2.55304
2.55187
2.55064
2.54934
2.54796
2.5465
2.54495
2.5433
2.54155
2.53969
2.53772
2.53563
2.53343
2.5311
2.52866
2.52609
2.52341
2.52061
2.5177
2.51468
2.51155
2.50832
2.505
2.5016
2.49812
2.49458
2.49099
2.48735
2.48368
2.47999
2.4763
2.47262
2.46896
2.46534
2.46177
2.45827
2.45486
2.45154
2.44833
2.44525
2.4423
2.43951
2.43688
2.43443
2.43216
2.43008
2.4282
2.42654
2.42508
2.42385
2.42284
2.42204
2.42148
2.42113
2.421
2.42109
2.42138
2.42189
2.42259
2.42348
2.42456
2.42581
2.42722
2.42879
2.4305
2.43234
2.43431
2.43639
2.43857
2.44085
2.4432
2.44563
2.44812
2.45067
2.45327
2.45591
2.45858
2.46129
2.46402
2.46678
2.46955
2.47235
2.47516
2.47798
2.48082
2.48367
2.48654
2.48942
2.49232
2.49524
2.49817
2.50113
2.5041
2.5071
2.51012
2.51317
2.51624
2.51933
2.52244
2.52557
2.52872
2.53188
2.53506
2.53824
2.54142
2.5446
2.54778
2.55093
2.55407
2.55718
2.56025
2.56328
2.56625
2.56917
2.57202
2.57479
2.57748
2.58009
2.58259
2.585
2.58729
2.58947
2.59154
2.59348
2.59529
2.59698
2.59854
2.59997
2.60126
2.60243
2.60346
2.60437
2.60516
2.60583
2.60638
2.60682
2.60715
2.60738
2.60752
2.60756
2.60753
2.60741
2.60723
2.60698
2.60666
2.6063
2.60589
2.60543
2.60493
2.60439
2.60381
2.60321
2.60257
2.6019
2.60121
2.60048
2.59973
2.59894
2.59812
2.59727
2.59639
2.59547
2.59451
2.59352
2.59248
2.5914
2.59027
2.58909
2.58787
2.5866
2.58528
2.58391
2.58248
2.58101
2.57949
2.57792
2.5763
2.57463
2.57292
2.57117
2.56938
2.56755
2.5657
2.56381
2.5619
2.55996
2.55801
2.55605
2.55408
2.55211
2.55014
2.54817
2.54622
2.54428
2.54236
2.54046
2.53859
2.53674
2.53494
2.53316
2.53143
2.52974
2.52808
2.52648
2.52491
2.52339
2.52192
2.52048
2.5191
2.51775
2.51645
2.51519
2.51397
2.51278
2.51164
2.51052
2.50945
2.5084
2.50739
2.50641
2.50546
2.50454
2.50366
2.50282
2.50201
2.50124
2.50052
2.49984
2.49922
2.49866
2.49817
2.49775
2.49741
2.49716
2.49701
2.49697
2.49704
2.49725
2.49758
2.49806
2.49869
2.49949
2.50045
2.50158
2.5029
2.50439
2.50607
2.50793
2.50998
2.51221
2.51462
2.5172
2.51995
2.52284
2.52589
2.52906
2.53235
2.53574
2.53921
2.54276
2.54635
2.54998
2.55362
2.55726
2.56087
2.56444
2.56795
2.57139
2.57474
2.57798
2.5811
2.58409
2.58693
2.58962
2.59215
2.59451
2.59669
2.5987
2.60052
2.60216
2.60361
2.60489
2.60598
2.60689
2.60763
2.60821
2.60862
2.60889
2.609
2.60898
2.60884
2.60858
2.60821
2.60775
2.6072
2.60658
2.60589
2.60516
2.60439
2.60359
2.60277
2.60195
2.60113
2.60032
2.59953
2.59878
2.59806
2.59738
2.59675
2.59618
2.59567
2.59523
2.59484
2.59453
2.59428
2.59409
2.59397
2.59391
2.59391
2.59396
2.59406
2.59421
2.59439
2.5946
2.59484
2.5951
2.59536
2.59564
2.5959
2.59616
2.59641
2.59663
2.59683
2.59699
2.59712
2.59721
2.59726
2.59726
2.59722
2.59713
2.597
2.59681
2.59658
2.5963
2.59597
2.5956
2.59519
2.59473
2.59423
2.59369
2.5931
2.59248
2.59182
2.59112
2.59037
2.58959
2.58876
2.58788
2.58696
2.58599
2.58496
2.58388
2.58275
2.58156
2.58031
2.579
2.57763
2.57619
2.5747
2.57316
2.57155
2.5699
2.56819
2.56645
2.56466
2.56285
2.56101
2.55916
2.5573
2.55544
2.5536
2.55177
2.54998
2.54823
2.54653
2.54489
2.54332
2.54183
2.54042
2.5391
2.53789
2.53677
2.53576
2.53487
2.53408
2.53341
2.53285
2.5324
2.53205
2.53181
2.53166
2.53161
2.53164
2.53175
2.53192
2.53216
2.53245
2.53277
2.53313
2.53352
2.53391
2.53431
2.53471
2.5351
2.53547
2.53581
2.53612
2.5364
2.53663
2.53683
2.53697
2.53707
2.53712
2.53712
2.53707
2.53698
2.53685
2.53667
2.53646
2.53621
2.53594
2.53564
2.53533
2.535
2.53466
2.53432
2.53397
2.53364
2.53332
2.53301
2.53272
2.53245
2.5322
2.53198
2.53179
2.53163
2.5315
2.53139
2.53131
2.53126
2.53123
2.53122
2.53122
2.53124
2.53127
2.5313
2.53133
2.53135
2.53136
2.53135
2.53131
2.53125
2.53116
2.53102
2.53084
2.53061
2.53032
2.52998
2.52957
2.5291
2.52855
2.52793
2.52724
2.52647
2.52562
2.52469
2.52367
2.52258
2.5214
2.52013
2.51879
2.51736
2.51585
2.51426
2.51259
2.51085
2.50903
2.50715
2.50521
2.5032
2.50114
2.49902
2.49686
2.49467
2.49244
2.49019
2.48791
2.48563
2.48335
2.48107
2.47881
2.47657
2.47436
2.4722
2.47009
2.46803
2.46604
2.46413
2.4623
2.46057
2.45893
2.4574
2.45598
2.45468
2.4535
2.45244
2.45152
2.45072
2.45006
2.44953
2.44913
2.44886
2.44872
2.4487
2.44881
2.44902
2.44935
2.44977
2.45029
2.4509
2.45158
2.45234
2.45315
2.45401
2.45492
2.45586
2.45683
2.45781
2.4588
2.4598
2.46079
2.46178
2.46275
2.46371
2.46465
2.46557
2.46648
2.46736
2.46823
2.46908
2.46991
2.47073
2.47154
2.47234
2.47314
2.47393
2.47471
2.47548
2.47625
2.47701
2.47776
2.47849
2.4792
2.47988
2.48053
2.48115
2.48172
2.48224
2.4827
2.48309
2.48341
2.48365
2.48381
2.48388
2.48384
2.48371
2.48347
2.48313
2.48267
2.48211
2.48143
2.48064
2.47973
2.47872
2.4776
2.47637
2.47505
2.47363
2.47213
2.47053
2.46887
2.46713
2.46534
2.46349
2.46159
2.45966
2.4577
2.45573
2.45373
2.45174
2.44974
2.44775
2.44577
2.44381
2.44186
2.43994
2.43803
2.43615
2.43428
2.43243
2.43058
2.42875
2.42691
2.42506
2.4232
2.42131
2.41939
2.41744
2.41544
2.41338
2.41126
2.40907
2.4068
2.40446
2.40203
2.39951
2.3969
2.3942
2.39141
2.38853
2.38555
2.3825
2.37937
2.37617
2.37291
2.36959
2.36624
2.36285
2.35946
2.35606
2.35268
2.34934
2.34605
2.34283
2.3397
2.33668
2.3338
2.33107
2.32851
2.32614
2.32399
2.32206
2.32038
2.31897
2.31783
2.31698
2.31643
2.3162
2.31628
2.31668
2.3174
2.31845
2.31983
2.32152
2.32352
2.32583
2.32843
2.33131
2.33447
2.33787
2.34152
2.34538
2.34945
2.3537
2.35811
2.36267
2.36735
2.37213
2.37699
2.38191
2.38688
2.39186
2.39685
2.40182
2.40676
2.41164
2.41646
2.42118
2.42581
2.43033
2.43471
2.43896
2.44305
2.44698
2.45075
2.45433
2.45772
2.46092
2.46392
2.46672
2.46931
2.4717
2.47387
2.47583
2.47758
2.47912
2.48046
2.48159
2.48252
2.48326
2.48381
2.48418
2.48437
2.4844
2.48428
2.484
2.4836
2.48306
2.48242
2.48167
2.48083
2.47992
2.47895
2.47794
2.47689
2.47583
2.47476
2.47371
2.47268
2.47169
2.47076
2.46989
2.46911
2.46842
2.46783
2.46735
2.467
2.46678
2.46669
2.46674
2.46693
2.46727
2.46776
2.46838
2.46915
2.47006
2.47111
2.47228
2.47358
2.47499
2.47651
2.47814
2.47985
2.48165
2.48353
2.48547
2.48748
2.48953
2.49162
2.49375
2.49591
2.49808
2.50026
2.50245
2.50464
2.50681
2.50897
2.51111
2.51323
2.51531
2.51735
2.51936
2.52132
2.52324
2.52511
2.52693
2.5287
2.53042
2.53208
2.5337
2.53527
2.53679
2.53828
2.53972
2.54113
2.54251
2.54387
2.54521
2.54653
2.54786
2.54918
2.55051
2.55186
2.55323
2.55463
2.55607
2.55755
2.55907
2.56065
2.5623
2.564
2.56577
2.56762
2.56954
2.57153
2.5736
2.57574
2.57797
2.58026
2.58263
2.58507
2.58758
2.59014
2.59277
2.59544
2.59816
2.60092
2.60371
2.60652
2.60936
2.6122
2.61505
2.61789
2.62073
2.62354
2.62633
2.62908
2.6318
2.63447
2.63709
2.63965
2.64214
2.64457
2.64692
2.64919
2.65137
2.65347
2.65548
2.65739
2.6592
2.66091
2.66251
2.66401
2.66539
2.66666
2.66782
2.66887
2.66979
2.6706
2.67129
2.67186
2.67231
2.67265
2.67286
2.67295
2.67293
2.67278
2.67252
2.67215
2.67166
2.67106
2.67035
2.66953
2.6686
2.66757
2.66644
2.66521
2.66389
2.66248
2.66097
2.65938
2.65771
2.65597
2.65414
2.65225
2.65029
2.64827
2.64618
2.64405
2.64186
2.63963
2.63737
2.63506
2.63272
2.63036
2.62798
2.62559
2.62319
2.62078
2.61838
2.61598
2.6136
2.61124
2.60891
2.60661
2.60435
2.60213
2.59996
2.59785
2.59579
2.5938
2.59188
2.59002
2.58824
2.58653
2.5849
2.58334
2.58185
2.58043
2.57907
2.57777
2.57653
2.57534
2.57418
2.57306
2.57196
2.57087
2.56979
2.56871
2.56761
2.56649
2.56534
2.56416
2.56294
2.56167
2.56036
2.55899
2.55758
2.55611
2.55459
2.55303
2.55143
2.54979
2.54812
2.54643
2.54472
2.543
2.54128
2.53957
2.53787
2.53619
2.53454
2.53293
2.53135
2.52981
2.52833
2.52689
2.52551
2.52418
2.52291
2.52169
2.52053
2.51941
2.51835
2.51734
2.51637
2.51544
2.51455
2.5137
2.51287
2.51207
2.51129
2.51053
2.50977
2.50903
2.50828
2.50754
2.50679
2.50603
2.50525
2.50446
2.50365
2.50281
2.50194
2.50105
2.50013
2.49917
2.49818
2.49716
2.4961
2.495
2.49387
2.49271
2.49151
2.49028
2.48901
2.48772
2.4864
2.48506
2.48369
2.48231
2.48091
2.4795
2.47809
2.47667
2.47525
2.47383
2.47243
2.47104
2.46967
2.46832
2.467
2.46571
2.46446
2.46325
2.46209
2.46097
2.45991
2.45891
2.45796
2.45708
2.45627
2.45552
2.45485
2.45425
2.45372
2.45326
2.45289
2.45259
2.45236
2.45221
2.45214
2.45215
2.45223
2.45238
2.45261
2.45291
2.45328
2.45372
2.45423
2.45481
2.45545
2.45616
2.45694
2.45778
2.45869
2.45966
2.46069
2.46179
2.46296
2.46419
2.46548
2.46685
2.46828
2.46978
2.47135
2.473
2.47471
2.47651
2.47837
2.48032
2.48234
2.48444
2.48662
2.48888
2.49121
2.49363
2.49612
2.49869
2.50133
2.50405
2.50683
2.50968
2.5126
2.51557
2.5186
2.52168
2.5248
2.52796
2.53115
2.53437
2.5376
2.54084
2.54409
2.54733
2.55055
2.55374
2.5569
2.56002
2.56308
2.56607
2.569
2.57183
2.57457
2.57721
2.57973
2.58213
2.58439
2.58651
2.58847
2.59027
2.5919
2.59335
2.5946
2.59566
2.59652
2.59716
2.59758
2.59777
2.59774
2.59746
2.59694
2.59616
2.59514
2.59386
2.59232
2.59052
2.58845
2.58613
2.58354
2.5807
2.57759
2.57424
2.57064
2.5668
2.56273
2.55843
2.55392
2.54921
2.54431
2.53924
2.534
2.52863
2.52313
2.51752
2.51184
2.50609
2.5003
2.4945
2.4887
2.48295
2.47725
2.47165
2.46616
2.46082
2.45566
2.45069
2.44596
2.44149
2.43731
2.43343
2.42989
2.42671
2.42392
2.42152
2.41953
2.41798
2.41687
2.41622
2.41602
2.41628
2.417
2.41818
2.41981
2.42189
2.42439
2.42731
2.43063
2.43433
2.43839
2.44279
2.4475
2.4525
2.45776
2.46327
2.46898
2.47488
2.48093
2.48712
2.49342
2.4998
2.50624
2.51271
2.5192
2.52568
2.53213
2.53854
2.54488
2.55114
2.55731
2.56336
2.56928
2.57507
2.58071
2.58619
2.5915
2.59663
2.60157
2.60632
2.61087
2.61521
2.61934
2.62326
2.62696
2.63044
2.6337
2.63673
2.63954
2.64212
2.64447
2.64659
2.6485
2.65017
2.65163
2.65287
2.65389
2.6547
2.65529
2.65568
2.65586
2.65585
2.65564
2.65523
2.65464
2.65387
2.65292
2.65179
2.65049
2.64902
2.64739
2.6456
2.64364
2.64154
2.63928
2.63687
2.63431
2.6316
2.62876
2.62577
2.62263
2.61937
2.61596
2.61242
2.60875
2.60496
2.60104
2.597
2.59284
2.58858
2.58422
2.57977
2.57523
2.57062
2.56595
2.56122
2.55646
2.55167
2.54686
2.54206
2.53728
2.53253
2.52783
2.52319
2.51862
2.51415
2.50978
2.50554
2.50142
2.49744
2.49361
2.48994
2.48645
2.48312
2.47998
2.47703
2.47427
2.4717
2.46934
2.46717
2.46522
2.46346
2.46191
2.46058
2.45945
2.45852
2.45781
2.4573
2.457
2.45691
2.45701
2.45732
2.45782
2.45852
2.45941
2.46048
2.46174
2.46317
2.46476
2.46653
2.46845
2.47051
2.47273
2.47507
2.47754
2.48014
2.48284
2.48564
2.48853
2.4915
2.49454
2.49764
2.50079
2.50399
2.50721
2.51044
2.51369
2.51693
2.52016
2.52336
2.52652
2.52964
2.53271
2.53571
2.53863
2.54147
2.54422
2.54688
2.54943
2.55187
2.5542
2.55642
2.55851
2.56048
2.56232
2.56405
2.56565
2.56713
2.56849
2.56973
2.57087
2.57189
2.57281
2.57364
2.57438
2.57503
2.57561
2.57611
2.57655
2.57693
2.57726
2.57755
2.57781
2.57803
2.57822
2.5784
2.57856
2.57871
2.57886
2.579
2.57915
2.5793
2.57946
2.57963
2.57981
2.58
2.58021
2.58044
2.58068
2.58095
2.58124
2.58155
2.58188
2.58225
2.58264
2.58306
2.58351
2.584
2.58452
2.58508
2.58569
2.58634
2.58703
2.58777
2.58856
2.5894
2.59029
2.59124
2.59224
2.59329
2.5944
2.59556
2.59677
2.59803
2.59934
2.60068
2.60207
2.60348
2.60492
2.60638
2.60785
2.60932
2.61079
2.61224
2.61367
2.61506
2.61641
2.6177
2.61893
2.62009
2.62115
2.62212
2.62299
2.62374
2.62436
2.62485
2.62519
2.62539
2.62543
2.62531
2.62502
2.62455
2.62392
2.6231
2.62211
2.62094
2.61959
2.61806
2.61637
2.61451
2.61248
2.6103
2.60797
2.6055
2.6029
2.60019
2.59736
2.59444
2.59143
2.58836
2.58522
2.58205
2.57884
2.57562
2.5724
2.5692
2.56602
2.56288
2.55979
2.55676
2.55381
2.55095
2.54818
2.54552
2.54296
2.54053
2.53821
2.53602
2.53396
2.53203
2.53023
2.52857
2.52704
2.52564
2.52438
2.52324
2.52223
2.52135
2.52059
2.51995
2.51943
2.51902
2.51873
2.51856
2.51849
2.51854
2.51869
2.51895
2.51933
2.51981
2.5204
2.5211
2.52191
2.52283
2.52386
2.525
2.52626
2.52763
2.52911
2.53071
2.53242
2.53423
2.53616
2.53819
2.54032
2.54255
2.54488
2.54729
2.54978
2.55235
2.55498
2.55767
2.56041
2.56318
2.56599
2.56881
2.57163
2.57445
2.57725
2.58002
2.58275
2.58542
2.58803
2.59056
2.593
2.59535
2.59758
2.59969
2.60168
2.60352
2.60522
2.60676
2.60814
2.60935
2.61039
2.61125
2.61192
2.6124
2.6127
2.61279
2.6127
2.6124
2.6119
2.61121
2.61032
2.60923
2.60794
2.60646
2.60478
2.60291
2.60086
2.59862
2.59621
2.59362
2.59085
2.58793
2.58484
2.5816
2.57821
2.57469
2.57103
2.56725
2.56336
2.55936
2.55526
2.55108
2.54682
2.5425
2.53813
2.53372
2.52928
2.52483
2.52038
2.51594
2.51152
2.50715
2.50283
2.49857
2.49439
2.49031
2.48632
2.48244
2.47868
2.47504
2.47154
2.46818
2.46496
2.46188
2.45894
2.45615
2.4535
2.45099
2.44861
2.44636
2.44424
2.44223
2.44034
2.43856
2.43687
2.43529
2.43379
2.43238
2.43105
2.4298
2.42862
2.42752
2.42649
2.42553
2.42464
2.42383
2.42308
2.42241
2.42181
2.42129
2.42084
2.42048
2.42019
2.41999
2.41987
2.41984
2.41989
2.42003
2.42026
2.42057
2.42098
2.42148
2.42206
2.42273
2.42349
2.42433
2.42526
2.42627
2.42735
2.42852
2.42975
2.43105
2.43242
2.43384
2.43532
2.43684
2.43841
2.44002
2.44165
2.44331
2.44499
2.44669
2.44839
2.4501
2.4518
2.45351
2.4552
2.45688
2.45855
2.46021
2.46185
2.46348
2.4651
2.46671
2.46831
2.4699
2.4715
2.4731
2.47471
2.47633
2.47797
2.47963
2.48132
2.48305
2.48481
2.48661
2.48845
2.49033
2.49226
2.49423
2.49625
2.49831
2.50041
2.50255
2.50473
2.50694
2.50917
2.51143
2.51371
2.516
2.5183
2.5206
2.5229
2.5252
2.52748
2.52975
2.53201
2.53424
2.53645
2.53863
2.54078
2.5429
2.54498
2.54703
2.54904
2.55102
2.55295
2.55484
2.5567
2.55851
2.56029
2.56203
2.56373
2.56539
2.56702
2.56862
2.57018
2.57171
2.57322
2.5747
2.57615
2.57759
2.579
2.58039
2.58176
2.58312
2.58446
2.58579
2.5871
2.5884
2.58969
2.59096
2.59221
2.59345
2.59467
2.59588
2.59706
2.59822
2.59935
2.60045
2.60152
2.60255
2.60354
2.60449
2.6054
2.60625
2.60705
2.60779
2.60846
2.60908
2.60962
2.61009
2.61049
2.6108
2.61104
2.61119
2.61125
2.61123
2.61111
2.6109
2.61059
2.61019
2.60969
2.60908
2.60838
2.60757
2.60666
2.60565
2.60454
2.60331
2.60199
2.60056
2.59903
2.5974
2.59567
2.59384
2.59191
2.58989
2.58778
2.58558
2.58329
2.58093
2.5785
2.57599
2.57343
2.57081
2.56814
2.56544
2.56271
2.55995
2.55718
2.55442
2.55166
2.54892
2.54622
2.54356
2.54096
2.53842
2.53596
2.53359
2.53132
2.52916
2.52713
2.52522
2.52346
2.52185
2.52039
2.5191
2.51798
2.51703
2.51626
2.51567
2.51526
2.51504
2.515
2.51515
2.51547
2.51598
2.51666
2.51751
2.51852
2.5197
2.52102
2.5225
2.52411
2.52586
2.52772
2.5297
2.53179
2.53397
2.53624
2.53858
2.541
2.54346
2.54598
2.54854
2.55112
2.55372
2.55633
2.55894
2.56154
2.56412
2.56667
2.56918
2.57165
2.57406
2.57642
2.5787
2.5809
2.58302
2.58505
2.58698
2.5888
2.59051
2.59211
2.59358
2.59492
2.59612
2.59719
2.59812
2.5989
2.59953
2.6
2.60032
2.60048
2.60048
2.60032
2.6
2.59952
2.59887
2.59807
2.59711
2.596
2.59474
2.59333
2.59178
2.5901
2.58829
2.58635
2.5843
2.58214
2.57989
2.57754
2.57511
2.57261
2.57005
2.56743
2.56477
2.56207
2.55935
2.55661
2.55386
2.55111
2.54837
2.54564
2.54294
2.54027
2.53763
2.53503
2.53248
2.52998
2.52753
2.52513
2.5228
2.52053
2.51832
2.51618
2.51411
2.5121
2.51015
2.50828
2.50647
2.50473
2.50306
2.50145
2.49991
2.49843
2.49702
2.49568
2.4944
2.49318
2.49203
2.49094
2.48991
2.48895
2.48805
2.48722
2.48645
2.48574
2.4851
2.48453
2.48402
2.48357
2.48319
2.48288
2.48263
2.48246
2.48235
2.4823
2.48233
2.48243
2.4826
2.48283
2.48314
2.48353
2.48399
2.48452
2.48513
2.48581
2.48657
2.48742
2.48834
2.48935
2.49043
2.49161
2.49286
2.4942
2.49563
2.49714
2.49873
2.50041
2.50217
2.504
2.50591
2.50789
2.50994
2.51205
2.51421
2.51643
2.51868
2.52097
2.52328
2.52561
2.52795
2.53029
2.53261
2.53492
2.53719
2.53943
2.54163
2.54376
2.54583
2.54784
2.54976
2.5516
2.55334
2.55499
2.55654
2.55799
2.55933
2.56056
2.56168
2.56269
2.56358
2.56437
2.56504
2.56561
2.56608
2.56645
2.56672
2.5669
2.56699
2.56701
2.56696
2.56684
2.56666
2.56644
2.56617
2.56587
2.56555
2.56521
2.56486
2.56451
2.56417
2.56385
2.56355
2.56328
2.56305
2.56286
2.56273
2.56265
2.56263
2.56267
2.56278
2.56297
2.56322
2.56355
2.56395
2.56442
2.56496
2.56558
2.56626
2.567
2.56781
2.56867
2.56959
2.57055
2.57156
2.5726
2.57367
2.57477
2.57589
2.57702
2.57815
2.57929
2.58043
2.58155
2.58266
2.58375
2.58482
2.58585
2.58685
2.58782
2.58875
2.58963
2.59047
2.59126
2.592
2.59269
2.59333
2.59392
2.59446
2.59495
2.59538
2.59576
2.59609
2.59637
2.59661
2.59679
2.59693
2.59702
2.59707
2.59707
2.59704
2.59697
2.59686
2.59672
2.59655
2.59635
2.59613
2.59589
2.59563
2.59536
2.59508
2.59481
2.59453
2.59427
2.59403
2.59381
2.59361
2.59345
2.59334
2.59327
2.59325
2.59329
2.59339
2.59356
2.5938
2.5941
2.59448
2.59493
2.59545
2.59604
2.59669
2.5974
2.59817
2.59899
2.59986
2.60076
2.60169
2.60264
2.6036
2.60456
2.60552
2.60646
2.60738
2.60826
2.6091
2.60988
2.61061
2.61128
2.61187
2.61238
2.61281
2.61315
2.61339
2.61354
2.6136
2.61355
2.6134
2.61315
2.6128
2.61235
2.6118
2.61115
2.61042
2.60959
2.60868
2.60769
2.60662
2.60548
2.60428
2.60302
2.6017
2.60034
2.59893
2.59749
2.59602
2.59452
2.59301
2.59148
2.58994
2.5884
2.58686
2.58532
2.58379
2.58227
2.58077
2.57928
2.57781
2.57635
2.57491
2.57349
2.57209
2.5707
2.56932
2.56796
2.56659
2.56524
2.56388
2.56251
2.56113
2.55973
2.55832
2.55687
2.55539
2.55387
2.5523
2.55068
2.54901
2.54728
2.54549
2.54363
2.5417
2.5397
2.53764
2.53551
2.53331
2.53105
2.52874
2.52637
2.52396
2.52151
2.51904
2.51655
2.51405
2.51156
2.50909
2.50666
2.50427
2.50196
2.49972
2.49757
2.49554
2.49363
2.49187
2.49026
2.48883
2.48757
2.48652
2.48568
2.48505
2.48466
2.4845
2.48459
2.48493
2.48552
2.48637
2.48748
2.48885
2.49047
2.49235
2.49447
2.49684
2.49945
2.50228
2.50533
2.50858
2.51202
2.51564
2.51943
2.52336
2.52742
2.53161
2.53589
2.54025
2.54468
2.54915
2.55365
2.55817
2.56268
2.56717
2.57161
2.57601
2.58033
2.58457
2.5887
2.59272
2.59662
2.60037
2.60396
2.60739
2.61065
2.61372
2.61659
2.61926
2.62171
2.62395
2.62595
2.62773
2.62927
2.63057
2.63162
2.63243
2.633
2.63332
2.63341
2.63325
2.63286
2.63224
2.6314
2.63035
2.62909
2.62764
2.626
2.6242
2.62223
2.62012
2.61787
2.61551
2.61305
2.6105
2.60788
2.60521
2.60249
2.59976
2.59701
2.59427
2.59154
2.58885
2.5862
2.58361
2.58109
2.57864
2.57628
2.57401
2.57184
2.56977
2.56782
2.56597
2.56424
2.56262
2.56112
2.55973
2.55846
2.55729
2.55623
2.55527
2.55441
2.55365
2.55297
2.55236
2.55184
2.55138
2.55098
2.55064
2.55035
2.55009
2.54987
2.54968
2.54951
2.54935
2.5492
2.54905
2.5489
2.54874
2.54856
2.54837
2.54815
2.5479
2.54762
2.5473
2.54694
2.54654
2.54609
2.54559
2.54504
2.54444
2.54378
2.54306
2.54228
2.54143
2.54052
2.53955
2.53851
2.53741
2.53623
2.53499
2.53368
2.5323
2.53085
2.52934
2.52775
2.5261
2.52439
2.52261
2.52076
2.51886
2.5169
2.51488
2.51281
2.5107
2.50853
2.50633
2.50408
2.50181
2.4995
2.49718
2.49484
2.49248
2.49013
2.48778
2.48543
2.48311
2.48081
2.47855
2.47632
2.47415
2.47203
2.46998
2.468
2.46611
2.4643
2.4626
2.461
2.45951
2.45815
2.45692
2.45581
2.45485
2.45404
2.45337
2.45286
2.45251
2.45232
2.45228
2.45242
2.45271
2.45318
2.4538
2.45458
2.45553
2.45663
2.45787
2.45927
2.4608
2.46247
2.46427
2.46619
2.46822
2.47035
2.47258
2.4749
2.47729
2.47975
2.48226
2.48483
2.48743
2.49006
2.49271
2.49537
2.49804
2.50069
2.50332
2.50593
2.50851
2.51104
2.51353
2.51597
2.51834
2.52066
2.5229
2.52507
2.52717
2.52919
2.53113
2.53298
2.53476
2.53645
2.53806
2.53959
2.54105
2.54242
2.54372
2.54494
2.5461
2.54719
2.54822
2.54919
2.55011
2.55097
2.55179
2.55256
2.55329
2.55398
2.55464
2.55527
2.55588
2.55645
2.557
2.55753
2.55804
2.55852
2.55899
2.55943
2.55985
2.56024
2.56061
2.56094
2.56125
2.56151
2.56174
2.56193
2.56206
2.56214
2.56215
2.5621
2.56198
2.56178
2.5615
2.56113
2.56066
2.56009
2.55942
2.55864
2.55774
2.55673
2.5556
2.55436
2.55299
2.55151
2.54991
2.5482
2.54638
2.54446
2.54244
2.54033
2.53813
2.53586
2.53353
2.53115
2.52873
2.52627
2.5238
2.52132
2.51885
2.51639
2.51397
2.5116
2.50928
2.50703
2.50486
2.50278
2.5008
2.49893
2.49718
2.49556
2.49408
2.49273
2.49153
2.49048
2.48959
2.48885
2.48827
2.48785
2.48759
2.48749
2.48755
2.48777
2.48815
2.48868
2.48936
2.49018
2.49115
2.49226
2.49349
2.49486
2.49635
2.49795
2.49967
2.50148
2.50339
2.50539
2.50747
2.50963
2.51184
2.51411
2.51643
2.51879
2.52118
2.5236
2.52602
2.52845
2.53088
2.5333
2.53571
2.53808
2.54043
2.54274
2.54501
2.54724
2.54941
2.55152
2.55357
2.55556
2.55749
2.55934
2.56112
2.56283
2.56447
2.56602
2.5675
2.56891
2.57023
2.57147
2.57263
2.57372
2.57472
2.57564
2.57648
2.57723
2.5779
2.5785
2.579
2.57943
2.57977
2.58003
2.5802
2.58029
2.58029
2.5802
2.58003
2.57978
2.57944
2.57901
2.5785
2.5779
2.57721
2.57644
2.57559
2.57466
2.57364
2.57254
2.57137
2.57012
2.5688
2.5674
2.56594
2.56441
2.56282
2.56118
2.55948
2.55773
2.55594
2.55411
2.55225
2.55036
2.54845
2.54652
2.54458
2.54264
2.5407
2.53878
2.53687
2.53499
2.53314
2.53133
2.52957
2.52786
2.52622
2.52464
2.52314
2.52172
2.52038
2.51915
2.51801
2.51697
2.51604
2.51522
2.51452
2.51394
2.51347
2.51313
2.51291
2.51281
2.51283
2.51298
2.51324
2.51362
2.51411
2.51471
2.51541
2.51621
2.51711
2.5181
2.51916
2.5203
2.52151
2.52277
2.52408
2.52543
2.52681
2.52821
2.52962
2.53103
2.53243
2.53381
2.53516
2.53647
2.53773
2.53893
2.54007
2.54112
2.54209
2.54296
2.54374
2.5444
2.54495
2.54538
2.54569
2.54588
2.54593
2.54585
2.54565
2.54531
2.54485
2.54426
2.54356
2.54273
2.5418
2.54077
2.53964
2.53842
2.53713
2.53577
2.53435
2.53288
2.53139
2.52986
2.52833
2.5268
2.52528
2.52378
2.52231
2.52089
2.51952
2.51821
2.51698
2.51582
2.51475
2.51378
2.51289
2.51212
2.51144
2.51087
2.51041
2.51006
2.50981
2.50967
2.50963
2.50969
2.50984
2.51008
2.5104
2.5108
2.51126
2.51179
2.51237
2.51299
2.51365
2.51434
2.51505
2.51577
2.51649
2.51722
2.51793
2.51863
2.5193
2.51995
2.52056
2.52113
2.52166
2.52215
2.52258
2.52295
2.52327
2.52352
2.52372
2.52384
2.52389
2.52388
2.52379
2.52362
2.52337
2.52304
2.52263
2.52214
2.52156
2.52089
2.52013
2.51928
2.51834
2.51731
2.51618
2.51497
2.51366
2.51226
2.51077
2.5092
2.50755
2.50582
2.50401
2.50214
2.50021
2.49822
2.49618
2.49411
2.492
2.48987
2.48774
2.4856
2.48347
2.48137
2.47929
2.47726
2.47528
2.47336
2.47152
2.46975
2.46808
2.4665
2.46503
2.46366
2.46241
2.46128
2.46027
2.45938
2.45861
2.45797
2.45745
2.45705
2.45676
2.4566
2.45654
2.4566
2.45676
2.45702
2.45738
2.45783
2.45837
2.45899
2.45969
2.46047
2.46132
2.46223
2.46321
2.46425
2.46534
2.46649
2.46768
2.46893
2.47021
2.47154
2.4729
2.4743
2.47573
2.47719
2.47868
2.4802
2.48174
2.48331
2.4849
2.48651
2.48814
2.48979
2.49146
2.49315
2.49485
2.49658
2.49832
2.50009
2.50187
2.50368
2.50551
2.50736
2.50924
2.51115
2.51308
2.51505
2.51704
2.51907
2.52113
2.52323
2.52536
2.52752
2.52972
2.53196
2.53423
2.53653
2.53887
2.54123
2.54362
2.54604
2.54847
2.55092
2.55337
2.55584
2.5583
2.56076
2.5632
2.56562
2.56802
2.57039
2.57271
2.57499
2.57721
2.57937
2.58146
2.58347
2.5854
2.58724
2.58898
2.59061
2.59214
2.59355
2.59483
2.59599
2.59701
2.59789
2.59863
2.59923
2.59968
2.59998
2.60012
2.60011
2.59994
2.59961
2.59914
2.59851
2.59772
2.5968
2.59572
2.59451
2.59317
2.59171
2.59012
2.58843
2.58664
2.58477
2.58281
2.58079
2.57872
2.57661
2.57447
2.57232
2.57017
2.56804
2.56593
2.56386
2.56185
2.5599
2.55803
2.55625
2.55456
2.55298
2.55151
2.55016
2.54894
2.54784
2.54687
2.54603
2.54532
2.54474
2.54428
2.54396
2.54375
2.54366
2.54368
2.54381
2.54404
2.54437
2.54478
2.54528
2.54585
2.54649
2.54719
2.54795
2.54876
2.54962
2.55051
2.55143
2.55239
2.55336
2.55436
2.55537
2.5564
2.55743
2.55847
2.55952
2.56057
2.56162
2.56268
2.56374
2.5648
2.56586
2.56693
2.56801
2.56909
2.57019
2.57129
2.57242
2.57356
2.57472
2.5759
2.5771
2.57834
2.5796
2.58088
2.5822
2.58355
2.58493
2.58633
2.58777
2.58922
2.5907
2.5922
2.59372
2.59524
2.59678
2.59831
2.59984
2.60135
2.60285
2.60433
2.60577
2.60717
2.60852
2.60982
2.61106
2.61223
2.61332
2.61433
2.61524
2.61606
2.61678
2.61739
2.61789
2.61828
2.61854
2.61868
2.6187
2.61859
2.61835
2.61799
2.61751
2.6169
2.61616
2.61531
2.61435
2.61327
2.61209
2.61081
2.60943
2.60797
2.60642
2.60479
2.60309
2.60133
2.59951
2.59764
2.59572
2.59377
2.59179
2.58977
2.58774
2.58568
2.58362
2.58155
2.57947
2.57739
2.57531
2.57324
2.57117
2.56911
2.56707
2.56504
2.56302
2.56103
2.55905
2.55709
2.55516
2.55326
2.55139
2.54955
2.54774
2.54598
2.54427
2.5426
2.54099
2.53944
2.53796
2.53655
2.53522
2.53398
2.53283
2.53178
2.53084
2.53001
2.5293
2.52871
2.52825
2.52793
2.52775
2.52771
2.52782
2.52808
2.52848
2.52905
2.52976
2.53063
2.53165
2.53283
2.53415
2.53563
2.53725
2.53901
2.54092
2.54296
2.54514
2.54745
2.54988
2.55243
2.5551
2.55789
2.56078
2.56377
2.56686
2.57003
2.5733
2.57664
2.58006
2.58354
2.58709
2.59068
2.59433
2.59801
2.60172
2.60546
2.60922
2.61298
2.61674
2.6205
2.62423
2.62795
2.63163
2.63527
2.63885
2.64238
2.64584
2.64923
2.65254
2.65575
2.65887
2.66188
2.66478
2.66757
2.67023
2.67276
2.67516
2.67743
2.67955
2.68153
2.68337
2.68506
2.6866
2.68799
2.68924
2.69034
2.69129
2.6921
2.69276
2.69329
2.69368
2.69394
2.69408
2.69409
2.69398
2.69377
2.69345
2.69302
2.6925
2.6919
2.69121
2.69044
2.68961
2.68871
2.68774
2.68673
2.68566
2.68456
2.68341
2.68222
2.681
2.67976
2.67848
2.67718
2.67586
2.67452
2.67315
2.67177
2.67036
2.66894
2.66748
2.66601
2.66451
2.66298
2.66143
2.65984
2.65821
2.65655
2.65485
2.65311
2.65133
2.6495
2.64762
2.6457
2.64372
2.6417
2.63962
2.6375
2.63532
2.63309
2.63081
2.62848
2.62611
2.62369
2.62123
2.61873
2.61619
2.61362
2.61101
2.60838
2.60572
2.60304
2.60034
2.59763
2.59491
2.59219
2.58946
2.58674
2.58402
2.58132
2.57864
2.57597
2.57334
2.57074
2.56817
2.56565
2.56318
2.56076
2.55841
2.55611
2.55389
2.55175
2.54969
2.54771
2.54582
2.54403
2.54233
2.54074
2.53924
2.53786
2.53658
2.5354
2.53434
2.53338
2.53252
2.53177
2.53112
2.53056
2.5301
2.52972
2.52943
2.52922
2.52908
2.529
2.52899
2.52903
2.52912
2.52925
2.52941
2.52961
2.52983
2.53006
2.53031
2.53056
2.53082
2.53106
2.5313
2.53152
2.53173
2.53191
2.53206
2.53219
2.53228
2.53233
2.53235
2.53233
2.53227
2.53217
2.53203
2.53184
2.53161
2.53135
2.53104
2.53069
2.53031
2.52989
2.52944
2.52897
2.52846
2.52793
2.52738
2.52681
2.52622
2.52563
2.52502
2.52441
2.52379
2.52317
2.52255
2.52194
2.52132
2.52072
2.52012
2.51953
2.51895
2.51838
2.51782
2.51727
2.51673
2.5162
2.51568
2.51517
2.51467
2.51418
2.5137
2.51323
2.51276
2.5123
2.51185
2.5114
2.51096
2.51053
2.51009
2.50966
2.50924
2.50881
2.50839
2.50797
2.50755
2.50713
2.50672
2.5063
2.50589
2.50548
2.50508
2.50468
2.50429
2.50392
2.50357
2.50323
2.50293
2.50265
2.50242
2.50224
2.50211
2.50204
2.50205
2.50215
2.50233
2.50262
2.50301
2.50352
2.50415
2.50492
2.50581
2.50685
2.50802
2.50933
2.51077
2.51234
2.51404
2.51586
2.51778
2.5198
2.5219
2.52407
2.5263
2.52858
2.53088
2.53319
2.5355
2.53779
2.54005
2.54226
2.54442
2.5465
2.5485
2.5504
2.5522
2.55389
2.55545
2.5569
2.55821
2.55939
2.56043
2.56133
2.5621
2.56273
2.56323
2.5636
2.56384
2.56396
2.56398
2.56389
2.56371
2.56345
2.56311
2.56272
2.56228
2.5618
2.56131
2.56081
2.56032
2.55986
2.55943
2.55905
2.55874
2.55851
2.55837
2.55833
2.5584
2.5586
2.55894
2.55941
2.56003
2.5608
2.56173
2.56281
2.56406
2.56547
2.56704
2.56876
2.57065
2.57268
2.57486
2.57718
2.57964
2.58222
2.58493
2.58774
2.59065
2.59366
2.59676
2.59992
2.60315
2.60644
2.60977
2.61314
2.61654
2.61995
2.62337
2.62678
2.63018
2.63356
2.63691
2.64022
2.64348
2.64668
2.6498
2.65286
2.65582
2.65869
2.66146
2.66412
2.66665
2.66906
2.67134
2.67347
2.67545
2.67727
2.67893
2.68042
2.68174
2.68288
2.68384
2.68461
2.68519
2.68558
2.68578
2.68578
2.68558
2.68519
2.6846
2.68382
2.68284
2.68168
2.68032
2.67878
2.67706
2.67516
2.67308
2.67084
2.66844
2.66588
2.66316
2.6603
2.6573
2.65417
2.65092
2.64755
2.64407
2.6405
2.63683
2.63308
2.62926
2.62538
2.62145
2.61748
2.61348
2.60947
2.60545
2.60144
2.59745
2.59349
2.58959
2.58574
2.58197
2.57829
2.5747
2.57123
2.56788
2.56466
2.56159
2.55868
2.55593
2.55335
2.55096
2.54875
2.54672
2.5449
2.54327
2.54184
2.54061
2.53959
2.53876
2.53814
2.53771
2.53748
2.53744
2.53759
2.53792
2.53843
2.53913
2.53999
2.54101
2.5422
2.54354
2.54502
2.54665
2.5484
2.55028
2.55228
2.55438
2.55657
2.55885
2.56121
2.56363
2.5661
2.5686
2.57114
2.57369
2.57623
2.57877
2.58128
2.58375
2.58616
2.58851
2.59078
2.59296
2.59503
2.59699
2.59883
2.60053
2.60208
2.60349
2.60473
2.60581
2.60671
2.60744
2.60798
2.60834
2.60852
2.6085
2.6083
2.60791
2.60734
2.60659
2.60565
2.60454
2.60326
2.60181
2.6002
2.59844
2.59653
2.59449
2.59231
2.59002
2.58761
2.5851
2.58249
2.5798
2.57703
2.5742
2.57131
2.56838
2.56542
2.56243
2.55943
2.55642
2.55342
2.55044
2.54749
2.54457
2.5417
2.53889
2.53614
2.53347
2.53089
2.52839
2.526
2.52371
2.52155
2.5195
2.51759
2.51581
2.51417
2.51268
2.51135
2.51017
2.50915
2.50829
2.5076
2.50707
2.50671
2.50652
2.5065
2.50665
2.50696
2.50743
2.50807
2.50886
2.50981
2.5109
2.51214
2.51351
2.51501
2.51664
2.51838
2.52023
2.52218
2.52422
2.52634
2.52854
2.53079
2.53309
2.53544
2.53782
2.54021
2.54262
2.54503
2.54743
2.5498
2.55215
2.55446
2.55671
2.55891
2.56105
2.56311
2.56508
2.56697
2.56876
2.57045
2.57203
2.57349
2.57483
2.57604
2.57712
2.57807
2.57888
2.57955
2.58008
2.58046
2.58069
2.58077
2.5807
2.58048
2.5801
2.57958
2.57891
2.57808
2.57712
2.576
2.57475
2.57335
2.57182
2.57016
2.56837
2.56646
2.56443
2.56228
2.56002
2.55766
2.55519
2.55264
2.54999
2.54726
2.54445
2.54158
2.53863
2.53562
2.53256
2.52945
2.52629
2.5231
2.51987
2.51661
2.51334
2.51005
2.50675
2.50344
2.50014
2.49684
2.49356
2.49029
2.48705
2.48384
2.48065
2.47751
2.47441
2.47137
2.46837
2.46544
2.46257
2.45977
2.45704
2.4544
2.45183
2.44936
2.44699
2.44471
2.44254
2.44048
2.43853
2.43671
2.435
2.43343
2.432
2.4307
2.42954
2.42854
2.42768
2.42698
2.42643
2.42604
2.42582
2.42576
2.42587
2.42614
2.42658
2.42718
2.42795
2.42888
2.42997
2.43122
2.43263
2.43419
2.43589
2.43774
2.43973
2.44186
2.44411
2.44648
2.44898
2.45158
2.45429
2.45711
2.46002
2.46301
2.46609
2.46925
2.47248
2.47578
2.47914
2.48256
2.48603
2.48955
2.4931
2.4967
2.50032
2.50397
2.50765
2.51133
2.51503
2.51874
2.52244
2.52614
2.52983
2.5335
2.53714
2.54075
2.54433
2.54786
2.55135
2.55477
2.55813
2.56142
2.56463
2.56776
2.5708
2.57374
2.57658
2.57932
2.58194
2.58444
2.58681
2.58907
2.59119
2.59318
2.59503
2.59675
2.59833
2.59977
2.60107
2.60223
2.60326
2.60415
2.6049
2.60552
2.60602
2.60638
2.60662
2.60675
2.60675
2.60665
2.60644
2.60612
2.6057
2.60519
2.60458
2.60388
2.6031
2.60224
2.6013
2.60028
2.59919
2.59802
2.59679
2.59549
2.59412
2.59269
2.5912
2.58964
2.58802
2.58635
2.58462
2.58282
2.58098
2.57908
2.57713
2.57512
2.57308
2.57098
2.56885
2.56668
2.56447
2.56224
2.55998
2.55771
2.55542
2.55312
2.55082
2.54853
2.54624
2.54396
2.5417
2.53947
2.53726
2.53508
2.53293
2.53082
2.52874
2.5267
2.52469
2.52272
2.52079
2.51889
2.51702
2.51518
2.51337
2.51158
2.50983
2.50809
2.50638
2.50469
2.50302
2.50138
2.49975
2.49815
2.49657
2.49502
2.4935
2.492
2.49054
2.48912
2.48773
2.48638
2.48508
2.48383
2.48263
2.48149
2.4804
2.47938
2.47842
2.47754
2.47672
2.47599
2.47534
2.47477
2.47429
2.4739
2.47361
2.47342
2.47333
2.47335
2.47349
2.47373
2.4741
2.47458
2.4752
2.47594
2.47681
2.47782
2.47896
2.48024
2.48167
2.48323
2.48495
2.4868
2.4888
2.49095
2.49324
2.49567
2.49824
2.50094
2.50378
2.50675
2.50985
2.51306
2.51639
2.51983
2.52337
2.52701
2.53074
2.53454
2.53842
2.54237
2.54637
2.55042
2.55451
2.55864
2.56279
2.56696
2.57113
2.57531
2.57948
2.58363
2.58776
2.59186
2.59592
2.59994
2.60391
2.60782
2.61166
2.61544
2.61913
2.62275
2.62628
2.62972
2.63306
2.63631
2.63945
2.64248
2.6454
2.64821
2.65091
2.65349
2.65596
2.65831
2.66053
2.66264
2.66464
2.66651
2.66827
2.66991
2.67143
2.67285
2.67415
2.67534
2.67642
2.6774
2.67827
2.67904
2.6797
2.68027
2.68074
2.68111
2.68138
2.68156
2.68164
2.68163
2.68152
2.68132
2.68103
2.68064
2.68016
2.67959
2.67892
2.67816
2.67731
2.67636
2.67533
2.6742
2.67299
2.67168
2.6703
2.66883
2.66728
2.66565
2.66395
2.66219
2.66036
2.65847
2.65653
2.65454
2.65252
2.65046
2.64837
2.64626
2.64414
2.64202
2.6399
2.63778
2.63568
2.63361
2.63156
2.62955
2.62758
2.62565
2.62377
2.62196
2.62019
2.6185
2.61686
2.61529
2.6138
2.61236
2.611
2.60971
2.60848
2.60731
2.60621
2.60517
2.60418
2.60324
2.60235
2.60151
2.6007
2.59992
2.59916
2.59843
2.5977
2.59699
2.59627
2.59554
2.5948
2.59404
2.59324
2.59242
2.59155
2.59064
2.58968
2.58866
2.58758
2.58643
2.58521
2.58392
2.58256
2.58112
2.5796
2.57801
2.57634
2.57459
2.57276
2.57086
2.5689
2.56686
2.56477
2.56261
2.56041
2.55816
2.55586
2.55354
2.55119
2.54882
2.54645
2.54407
2.54169
2.53933
2.537
2.5347
2.53243
2.53022
2.52806
2.52596
2.52394
2.522
2.52014
2.51837
2.51669
2.51512
2.51365
2.5123
2.51105
2.50992
2.5089
2.508
2.50722
2.50656
2.50601
2.50558
2.50527
2.50507
2.50497
2.50498
2.5051
2.50532
2.50563
2.50604
2.50653
2.50711
2.50778
2.50851
2.50933
2.51021
2.51115
2.51216
2.51322
2.51433
2.5155
2.5167
2.51795
2.51923
2.52055
2.52189
2.52325
2.52464
2.52603
2.52743
2.52883
2.53023
2.53162
2.53299
2.53434
2.53566
2.53695
2.53819
2.53939
2.54053
2.54161
2.54262
2.54357
2.54443
2.54522
2.54592
2.54653
2.54705
2.54747
2.54779
2.54801
2.54814
2.54817
2.54809
2.54792
2.54766
2.5473
2.54686
2.54633
2.54572
2.54503
2.54428
2.54346
2.54258
2.54165
2.54068
2.53968
2.53864
2.53758
2.53651
2.53544
2.53436
2.5333
2.53226
2.53124
2.53026
2.52933
2.52845
2.52763
2.52689
2.52622
2.52564
2.52515
2.52477
2.5245
2.52435
2.52432
2.52443
2.52467
2.52505
2.52558
2.52626
2.52709
2.52808
2.52922
2.53052
2.53197
2.53358
2.53533
2.53724
2.53928
2.54147
2.54379
2.54624
2.54881
2.5515
2.55429
2.55718
2.56017
2.56324
2.56638
2.56959
2.57285
2.57617
2.57953
2.58292
2.58633
2.58977
2.59321
2.59667
2.60011
2.60356
2.60699
2.6104
2.6138
2.61717
2.62051
2.62383
2.62713
2.63039
2.63362
2.63682
2.63999
2.64313
2.64623
2.64931
2.65235
2.65536
2.65834
2.66127
2.66417
2.66703
2.66984
2.6726
2.6753
2.67793
2.6805
2.68299
2.68539
2.68769
2.68989
2.69197
2.69391
2.69572
2.69738
2.69887
2.70019
2.70133
2.70226
2.70299
2.70349
2.70377
2.70381
2.70361
2.70315
2.70244
2.70147
2.70024
2.69874
2.69697
2.69494
2.69266
2.69011
2.68733
2.6843
2.68105
2.67758
2.67391
2.67005
2.66602
2.66183
2.65752
2.65309
2.64856
2.64396
2.63931
2.63462
2.62993
2.62524
2.62059
2.61598
2.61145
2.607
2.60265
2.59841
2.59431
2.59034
2.58653
2.58287
2.57938
2.57606
2.57292
2.56995
2.56716
2.56454
2.5621
2.55984
2.55774
2.55581
2.55404
2.55242
2.55096
2.54963
2.54844
2.54738
2.54644
2.54562
2.5449
2.54428
2.54376
2.54332
2.54296
2.54268
2.54246
2.5423
2.54219
2.54214
2.54213
2.54215
2.54221
2.5423
2.54241
2.54254
2.54268
2.54284
2.54301
2.54319
2.54338
2.54358
2.54378
2.544
2.54423
2.54447
2.54474
2.54503
2.54535
2.54571
2.5461
2.54655
2.54706
2.54762
2.54825
2.54896
2.54974
2.5506
2.55155
2.55258
2.5537
2.5549
2.55618
2.55754
2.55897
2.56047
2.56203
2.56364
2.5653
2.56699
2.5687
2.57044
2.57218
2.57392
2.57566
2.57739
2.5791
2.58079
2.58246
2.5841
2.58571
2.58729
2.58884
2.59036
2.59185
2.59332
2.59476
2.59617
2.59756
2.59892
2.60026
2.60158
2.60287
2.60414
2.60538
2.60659
2.60777
2.60891
2.61002
2.61108
2.61209
2.61305
2.61395
2.61479
2.61557
2.61628
2.61691
2.61747
2.61794
2.61833
2.61864
2.61886
2.61899
2.61903
2.61899
2.61885
2.61862
2.61831
2.61791
2.61743
2.61686
2.61621
2.61549
2.61469
2.61382
2.61287
2.61186
2.61078
2.60963
2.60842
2.60714
2.60581
2.60441
2.60295
2.60143
2.59986
2.59822
2.59652
2.59476
2.59294
2.59105
2.5891
2.58709
2.58501
2.58287
2.58065
2.57837
2.57603
2.57362
2.57114
2.56859
2.56598
2.5633
2.56057
2.55778
2.55493
2.55203
2.54909
2.54611
2.54309
2.54004
2.53697
2.53389
2.53079
2.52771
2.52463
2.52157
2.51853
2.51554
2.51258
2.50969
2.50685
2.50408
2.50139
2.49878
2.49626
2.49383
2.49151
2.48928
2.48716
2.48515
2.48325
2.48146
2.47979
2.47822
2.47678
2.47544
2.47422
2.47312
2.47213
2.47126
2.4705
2.46986
2.46933
2.46893
2.46864
2.46847
2.46842
2.4685
2.4687
2.46903
2.46948
2.47006
2.47077
2.47161
2.47257
2.47366
2.47487
2.4762
2.47766
2.47923
2.48092
2.48272
2.48462
2.48663
2.48872
2.49091
2.49317
2.49551
2.49792
2.50039
2.50291
2.50547
2.50808
2.5107
2.51335
2.51601
2.51868
2.52134
2.52398
2.52661
2.52921
2.53177
2.53429
2.53677
2.53918
2.54153
2.54381
2.54602
2.54815
2.55018
2.55213
2.55399
2.55574
2.55739
2.55893
2.56036
2.56168
2.56289
2.56397
2.56494
2.56579
2.56652
2.56713
2.56762
2.56798
2.56823
2.56836
2.56837
2.56827
2.56805
2.56772
2.56728
2.56674
2.56609
2.56534
2.5645
2.56356
2.56253
2.56142
2.56022
2.55895
2.5576
2.55618
2.5547
2.55315
2.55154
2.54988
2.54817
2.54641
2.54462
2.54278
2.5409
2.539
2.53706
2.5351
2.53312
2.53112
2.5291
2.52707
2.52503
2.52299
2.52094
2.51889
2.51684
2.5148
2.51277
2.51075
2.50874
2.50676
2.5048
2.50286
2.50096
2.49909
2.49725
2.49546
2.49371
2.49201
2.49036
2.48876
2.48723
2.48575
2.48434
2.48299
2.48171
2.4805
2.47936
2.4783
2.47731
2.47639
2.47555
2.47479
2.4741
2.47349
2.47296
2.4725
2.47212
2.47182
2.4716
2.47145
2.47138
2.47138
2.47147
2.47162
2.47186
2.47217
2.47256
2.47303
2.47358
2.4742
2.47491
2.4757
2.47656
2.47751
2.47854
2.47966
2.48086
2.48214
2.4835
2.48495
2.48649
2.48811
2.48981
2.4916
2.49347
2.49542
2.49745
2.49956
2.50175
2.50402
2.50636
2.50877
2.51125
2.5138
2.51642
2.51909
2.52183
2.52462
2.52747
2.53036
2.5333
2.53629
2.53931
2.54237
2.54545
2.54856
2.5517
2.55485
2.55801
2.56118
2.56436
2.56753
2.57069
2.57385
2.57698
2.58009
2.58318
2.58624
2.58925
2.59223
2.59516
2.59804
2.60087
2.60363
2.60634
2.60898
2.61156
2.61406
2.61649
2.61885
2.62113
2.62334
2.62547
2.62753
2.62951
2.63142
2.63325
2.63501
2.63671
2.63834
2.6399
2.64141
2.64286
2.64425
2.64559
2.64689
2.64814
2.64935
2.65051
2.65164
2.65273
2.65379
2.65481
2.65579
2.65674
2.65765
2.65852
2.65935
2.66013
2.66086
2.66153
2.66215
2.66271
2.6632
2.66362
2.66395
2.66421
2.66438
2.66446
2.66444
2.66431
2.66409
2.66376
2.66332
2.66276
2.6621
2.66132
2.66043
2.65942
2.6583
2.65708
2.65574
2.6543
2.65277
2.65113
2.6494
2.64759
2.64569
2.64372
2.64168
2.63958
2.63742
2.6352
2.63295
2.63066
2.62835
2.62601
2.62366
2.6213
2.61895
2.6166
2.61426
2.61195
2.60966
2.60741
2.6052
2.60303
2.60091
2.59884
2.59683
2.59488
2.59299
2.59117
2.58942
2.58773
2.58612
2.58457
2.58309
2.58168
2.58033
2.57904
2.57782
2.57665
2.57553
2.57446
2.57345
2.57247
2.57153
2.57063
2.56975
2.56891
2.56809
2.56729
2.56652
2.56576
2.56502
2.5643
2.5636
2.56291
2.56225
2.56161
2.56099
2.5604
2.55984
2.55932
2.55883
2.55839
2.558
2.55766
2.55738
2.55716
2.557
2.55692
2.5569
2.55697
2.55711
2.55734
2.55765
2.55804
2.55853
2.5591
2.55975
2.5605
2.56133
2.56225
2.56325
2.56434
2.5655
2.56674
2.56806
2.56945
2.57091
2.57244
2.57402
2.57566
2.57735
2.57909
2.58086
2.58267
2.58451
2.58637
2.58825
2.59014
2.59203
2.59391
