6.46025
6.45772
6.45416
6.44956
6.44391
6.43722
6.42946
6.42063
6.41071
6.3997
6.38756
6.37429
6.35987
6.34428
6.32749
6.30948
6.29023
6.26972
6.24792
6.22479
6.20031
6.17446
6.1472
6.11849
6.08832
6.05664
6.02343
5.98865
5.95227
5.91426
5.87459
5.83324
5.79017
5.74536
5.69879
5.65045
5.60031
5.54837
5.49464
5.4391
5.38176
5.32266
5.26181
5.19925
5.13502
5.06919
5.00183
4.933
4.86283
4.7914
4.71885
4.64531
4.57093
4.49588
4.42033
4.34448
4.26851
4.19263
4.11706
4.04201
3.9677
3.89435
3.82218
3.75138
3.68217
3.61473
3.54925
3.48588
3.42478
3.36608
3.30989
3.25631
3.20541
3.15726
3.11189
3.06934
3.0296
2.99267
2.95853
2.92715
2.89846
2.87243
2.84898
2.82804
2.80952
2.79334
2.77941
2.76763
2.7579
2.75012
2.74419
2.74
2.73745
2.73643
2.73685
2.73859
2.74155
2.74565
2.75077
2.75682
2.76371
2.77136
2.77966
2.78853
2.7979
2.80769
2.81782
2.82822
2.83882
2.84956
2.86038
2.87122
2.88204
2.89278
2.9034
2.91386
2.92412
2.93416
2.94394
2.95345
2.96265
2.97153
2.98008
2.9883
2.99616
3.00367
3.01082
3.01762
3.02407
3.03017
3.03594
3.04138
3.0465
3.05132
3.05585
3.06009
3.06408
3.06782
3.07132
3.07461
3.0777
3.08061
3.08334
3.08593
3.08837
3.09068
3.09289
3.09499
3.09702
3.09896
3.10084
3.10267
3.10446
3.10621
3.10793
3.10963
3.11132
3.113
3.11468
3.11637
3.11806
3.11976
3.12147
3.12321
3.12496
3.12675
3.12856
3.13041
3.13231
3.13426
3.13627
3.13836
3.14053
3.1428
3.14519
3.1477
3.15037
3.1532
3.15621
3.15941
3.16282
3.16644
3.17026
3.1743
3.17855
3.18299
3.1876
3.19237
3.19727
3.20227
3.20734
3.21245
3.21756
3.22264
3.22766
3.23257
3.23736
3.24199
3.24644
3.25068
3.25469
3.25846
3.26196
3.2652
3.26814
3.2708
3.27316
3.27522
3.27697
3.27842
3.27957
3.28041
3.28096
3.28122
3.2812
3.2809
3.28034
3.27952
3.27846
3.27718
3.27568
3.27398
3.2721
3.27005
3.26786
3.26554
3.26312
3.26061
3.25804
3.25543
3.25281
3.2502
3.24764
3.24513
3.24272
3.24043
3.23828
3.2363
3.23452
3.23295
3.23163
3.23056
3.22976
3.22925
3.22903
3.22911
3.22949
3.23016
3.23112
3.23236
3.23385
3.2356
3.23757
3.23975
3.24211
3.24463
3.24728
3.25005
3.25291
3.25583
3.25881
3.26181
3.26482
3.26783
3.27081
3.27376
3.27666
3.27951
3.28229
3.285
3.28764
3.2902
3.29267
3.29507
3.29738
3.29962
3.30178
3.30388
3.3059
3.30788
3.3098
3.31168
3.31352
3.31535
3.31716
3.31897
3.32078
3.3226
3.32445
3.32633
3.32823
3.33018
3.33217
3.33419
3.33626
3.33835
3.34048
3.34263
3.34479
3.34695
3.34909
3.3512
3.35327
3.35527
3.35719
3.35901
3.36071
3.36227
3.36368
3.36492
3.36598
3.36685
3.36751
3.36797
3.36821
3.36825
3.36807
3.3677
3.36713
3.36639
3.36549
3.36445
3.36331
3.36208
3.36079
3.35948
3.35819
3.35694
3.35577
3.35472
3.35382
3.35309
3.35257
3.35228
3.35224
3.35247
3.35299
3.35379
3.35488
3.35627
3.35794
3.35989
3.36212
3.36459
3.36731
3.37025
3.37339
3.37671
3.38019
3.38382
3.38756
3.3914
3.39531
3.39928
3.40328
3.4073
3.4113
3.41528
3.41922
3.42309
3.42688
3.43057
3.43415
3.43759
3.44089
3.44403
3.447
3.44979
3.45238
3.45476
3.45693
3.45888
3.46061
3.4621
3.46336
3.46438
3.46516
3.4657
3.46601
3.46609
3.46594
3.46557
3.46499
3.46421
3.46324
3.46209
3.46078
3.45932
3.45772
3.45602
3.45421
3.45233
3.45038
3.4484
3.4464
3.4444
3.44241
3.44047
3.43858
3.43676
3.43503
3.43339
3.43188
3.43048
3.42922
3.4281
3.42712
3.42629
3.42561
3.42507
3.42468
3.42442
3.42429
3.42428
3.42438
3.42457
3.42485
3.4252
3.42561
3.42605
3.42652
3.42699
3.42746
3.42791
3.42832
3.42868
3.42898
3.4292
3.42934
3.42938
3.42933
3.42917
3.42891
3.42853
3.42805
3.42746
3.42677
3.42598
3.4251
3.42415
3.42312
3.42204
3.42092
3.41977
3.41861
3.41745
3.41631
3.4152
3.41415
3.41317
3.41227
3.41147
3.41077
3.41021
3.40978
3.40949
3.40935
3.40936
3.40953
3.40986
3.41034
3.41097
3.41174
3.41263
3.41365
3.41477
3.41598
3.41726
3.41858
3.41994
3.4213
3.42265
3.42396
3.42521
3.42638
3.42745
3.42839
3.42919
3.42983
3.43029
3.43055
3.43061
3.43044
3.43005
3.42942
3.42855
3.42744
3.42607
3.42447
3.42262
3.42054
3.41822
3.41569
3.41294
3.41
3.40686
3.40356
3.40009
3.39649
3.39275
3.38891
3.38498
3.38097
3.3769
3.37279
3.36866
3.36453
3.36041
3.35632
3.35229
3.34832
3.34444
3.34067
3.33703
3.33353
3.3302
3.32706
3.32413
3.32142
3.31897
3.31679
3.31489
3.3133
3.31204
3.31111
3.31053
3.31031
3.31044
3.31094
3.3118
3.313
3.31455
3.31642
3.31859
3.32105
3.32377
3.32672
3.32987
3.33319
3.33665
3.34021
3.34385
3.34754
3.35124
3.35492
3.35855
3.36211
3.36557
3.36891
3.3721
3.37513
3.37798
3.38062
3.38305
3.38526
3.38723
3.38895
3.39042
3.39162
3.39257
3.39326
3.39368
3.39385
3.39376
3.39341
3.39283
3.392
3.39095
3.38968
3.38821
3.38654
3.38469
3.38267
3.38049
3.37817
3.37571
3.37314
3.37045
3.36767
3.36479
3.36184
3.35882
3.35574
3.3526
3.34941
3.34618
3.34291
3.33961
3.33627
3.33291
3.32952
3.3261
3.32267
3.31922
3.31575
3.31227
3.30878
3.30528
3.30177
3.29827
3.29477
3.29127
3.28779
3.28432
3.28087
3.27744
3.27404
3.27067
3.26733
3.26403
3.26077
3.25756
3.25439
3.25126
3.24818
3.24515
3.24216
3.23922
3.23633
3.23348
3.23067
3.2279
3.22517
3.22249
3.21984
3.21722
3.21465
3.21211
3.20961
3.20715
3.20474
3.20238
3.20008
3.19783
3.19566
3.19356
3.19155
3.18962
3.1878
3.18609
3.1845
3.18304
3.1817
3.18051
3.17947
3.17857
3.17783
3.17725
3.17682
3.17655
3.17644
3.17648
3.17668
3.17702
3.1775
3.17813
3.1789
3.17979
3.18082
3.18196
3.18323
3.18462
3.18613
3.18774
3.18947
3.19132
3.19327
3.19534
3.19751
3.19979
3.20217
3.20466
3.20724
3.20992
3.21268
3.21552
3.21843
3.22139
3.22441
3.22745
3.23051
3.23358
3.23663
3.23966
3.24265
3.24557
3.24843
3.25119
3.25386
3.25642
3.25885
3.26116
3.26334
3.26538
3.26727
3.26903
3.27064
3.27212
3.27346
3.27468
3.27578
3.27676
3.27765
3.27844
3.27915
3.27978
3.28036
3.28089
3.28138
3.28184
3.28228
3.28272
3.28315
3.2836
3.28406
3.28455
3.28507
3.28563
3.28623
3.28687
3.28757
3.28833
3.28914
3.29001
3.29094
3.29193
3.29298
3.29409
3.29525
3.29647
3.29774
3.29906
3.30043
3.30183
3.30326
3.30472
3.3062
3.3077
3.3092
3.3107
3.31219
3.31366
3.3151
3.31652
3.31789
3.31922
3.32049
3.3217
3.32284
3.32391
3.32491
3.32582
3.32665
3.32739
3.32804
3.32861
3.32908
3.32947
3.32977
3.32998
3.33011
3.33015
3.33012
3.33002
3.32985
3.32961
3.32931
3.32896
3.32857
3.32813
3.32766
3.32716
3.32665
3.32611
3.32558
3.32504
3.3245
3.32398
3.32347
3.32298
3.3225
3.32205
3.32163
3.32122
3.32082
3.32044
3.32005
3.31967
3.31926
3.31883
3.31836
3.31783
3.31724
3.31656
3.31578
3.31489
3.31387
3.3127
3.31139
3.30991
3.30826
3.30642
3.3044
3.30218
3.29977
3.29717
3.29437
3.29138
3.28821
3.28486
3.28135
3.27768
3.27388
3.26995
3.26592
3.26181
3.25763
3.25341
3.24918
3.24496
3.24076
3.23664
3.23259
3.22867
3.22488
3.22127
3.21784
3.21463
3.21166
3.20894
3.2065
3.20433
3.20246
3.20089
3.19962
3.19865
3.19798
3.1976
3.1975
3.19765
3.19806
3.1987
3.19954
3.20057
3.20177
3.20311
3.20458
3.20614
3.20777
3.20946
3.21119
3.21293
3.21468
3.21641
3.21812
3.21979
3.22142
3.22299
3.22451
3.22598
3.22738
3.22873
3.23003
3.23128
3.23249
3.23366
3.23481
3.23594
3.23707
3.23821
3.23937
3.24056
3.2418
3.24309
3.24445
3.24589
3.24742
3.24904
3.25077
3.2526
3.25455
3.25661
3.25879
3.26108
3.26348
3.26598
3.26857
3.27125
3.27401
3.27683
3.27971
3.28262
3.28556
3.28852
3.29148
3.29442
3.29733
3.30021
3.30303
3.30579
3.30848
3.31108
3.31359
3.316
3.3183
3.32049
3.32256
3.32451
3.32632
3.328
3.32955
3.33096
3.33222
3.33335
3.33433
3.33517
3.33586
3.33641
3.3368
3.33706
3.33716
3.33712
3.33692
3.33658
3.33609
3.33545
3.33466
3.33373
3.33264
3.3314
3.33
3.32846
3.32677
3.32492
3.32293
3.32078
3.31848
3.31604
3.31345
3.31071
3.30784
3.30482
3.30168
3.29841
3.29502
3.29151
3.28791
3.28422
3.28044
3.2766
3.2727
3.26877
3.26482
3.26087
3.25693
3.25303
3.24919
3.24542
3.24176
3.2382
3.23479
3.23153
3.22845
3.22556
3.22287
3.22041
3.21818
3.2162
3.21447
3.213
3.21179
3.21085
3.21018
3.20978
3.20965
3.20977
3.21015
3.21077
3.21163
3.21272
3.21403
3.21554
3.21723
3.21911
3.22115
3.22333
3.22564
3.22807
3.2306
3.2332
3.23588
3.2386
3.24135
3.24412
3.24689
3.24965
3.25237
3.25506
3.25769
3.26024
3.26272
3.26511
3.26739
3.26956
3.27161
3.27354
3.27533
3.27699
3.2785
3.27987
3.28108
3.28215
3.28306
3.28381
3.2844
3.28483
3.2851
3.2852
3.28514
3.2849
3.2845
3.28393
3.28318
3.28226
3.28116
3.27989
3.27844
3.27681
3.27501
3.27305
3.27091
3.26862
3.26618
3.26359
3.26087
3.25803
3.25508
3.25203
3.24891
3.24572
3.2425
3.23924
3.23597
3.23272
3.22949
3.2263
3.22318
3.22014
3.21719
3.21434
3.21162
3.20904
3.20659
3.2043
3.20218
3.20021
3.19842
3.19681
3.19536
3.1941
3.19301
3.19209
3.19133
3.19073
3.19029
3.18999
3.18982
3.18977
3.18983
3.18999
3.19022
3.19051
3.19085
3.19122
3.19159
3.19196
3.1923
3.19259
3.19283
3.19298
3.19305
3.193
3.19284
3.19255
3.19212
3.19153
3.1908
3.18991
3.18885
3.18764
3.18627
3.18475
3.18308
3.18127
3.17933
3.17727
3.17511
3.17286
3.17053
3.16815
3.16572
3.16327
3.16082
3.15838
3.15598
3.15363
3.15136
3.14918
3.1471
3.14516
3.14335
3.1417
3.14022
3.13892
3.13781
3.1369
3.13619
3.13568
3.13539
3.1353
3.13542
3.13574
3.13625
3.13696
3.13784
3.13888
3.14009
3.14143
3.1429
3.14449
3.14618
3.14795
3.14979
3.15169
3.15364
3.15562
3.15762
3.15963
3.16164
3.16364
3.16562
3.16758
3.1695
3.1714
3.17325
3.17506
3.17682
3.17853
3.18019
3.18179
3.18334
3.18483
3.18625
3.18762
3.18892
3.19015
3.19131
3.1924
3.19342
3.19435
3.19521
3.19598
3.19666
3.19725
3.19776
3.19816
3.19847
3.19869
3.1988
3.19881
3.19873
3.19854
3.19825
3.19787
3.19739
3.19682
3.19617
3.19542
3.1946
3.1937
3.19272
3.19169
3.19059
3.18944
3.18825
3.18702
3.18575
3.18445
3.18314
3.18181
3.18048
3.17915
3.17782
3.17652
3.17523
3.17397
3.17275
3.17157
3.17044
3.16937
3.16837
3.16743
3.16657
3.1658
3.1651
3.1645
3.16398
3.16355
3.16321
3.16296
3.16278
3.16268
3.16265
3.16266
3.16273
3.16282
3.16294
3.16307
3.16319
3.16329
3.16337
3.1634
3.16338
3.16331
3.16316
3.16294
3.16264
3.16225
3.16177
3.16121
3.16056
3.15982
3.159
3.1581
3.15712
3.15607
3.15496
3.15379
3.15258
3.15132
3.15003
3.14872
3.14739
3.14606
3.14473
3.14342
3.14212
3.14087
3.13965
3.13848
3.13737
3.13633
3.13537
3.13448
3.13369
3.133
3.13241
3.13193
3.13156
3.13132
3.1312
3.1312
3.13134
3.13162
3.13203
3.13259
3.13329
3.13414
3.13513
3.13627
3.13757
3.13902
3.14062
3.14238
3.14429
3.14636
3.14858
3.15096
3.1535
3.15618
3.15901
3.16199
3.16512
3.16838
3.17178
3.1753
3.17896
3.18273
3.18663
3.19063
3.19475
3.19897
3.20328
3.2077
3.21221
3.2168
3.22149
3.22625
3.2311
3.23602
3.24102
3.24609
3.25121
3.2564
3.26163
3.2669
3.27221
3.27754
3.28288
3.28822
3.29354
3.29883
3.30407
3.30925
3.31435
3.31935
3.32424
3.32899
3.33359
3.33802
3.34227
3.34632
3.35015
3.35375
3.35711
3.36021
3.36304
3.3656
3.36786
3.36983
3.37149
3.37284
3.37388
3.3746
3.375
3.37507
3.37482
3.37425
3.37335
3.37213
3.3706
3.36875
3.3666
3.36415
3.3614
3.35837
3.35507
3.35151
3.34769
3.34364
3.33936
3.33488
3.33019
3.32533
3.32031
3.31514
3.30985
3.30444
3.29894
3.29337
3.28774
3.28208
3.27639
3.2707
3.26503
3.25939
3.25379
3.24826
3.2428
3.23744
3.23218
3.22704
3.22204
3.21718
3.21249
3.20796
3.20361
3.19946
3.19552
3.19179
3.18829
3.18503
3.18201
3.17925
3.17675
3.17453
3.17259
3.17094
3.16958
3.16852
3.16775
3.16729
3.16713
3.16727
3.1677
3.16842
3.16942
3.17069
3.17222
3.174
3.17601
3.17824
3.18066
3.18326
3.18601
3.1889
3.1919
3.19499
3.19814
3.20133
3.20454
3.20773
3.2109
3.21401
3.21704
3.21996
3.22277
3.22543
3.22792
3.23024
3.23235
3.23425
3.23592
3.23734
3.2385
3.2394
3.24002
3.24036
3.2404
3.24015
3.23961
3.23877
3.23765
3.23623
3.23453
3.23256
3.23033
3.22786
3.22515
3.22222
3.21909
3.21578
3.21231
3.2087
3.20497
3.20114
3.19724
3.19328
3.18929
3.18528
3.18128
3.1773
3.17335
3.16945
3.16561
3.16184
3.15815
3.15455
3.15104
3.14762
3.1443
3.14108
3.13796
3.13495
3.13203
3.12921
3.1265
3.12388
3.12138
3.11898
3.11669
3.11452
3.11247
3.11055
3.10876
3.10711
3.10561
3.10427
3.1031
3.10209
3.10127
3.10062
3.10017
3.09992
3.09986
3.1
3.10034
3.10088
3.10162
3.10255
3.10367
3.10497
3.10644
3.10807
3.10986
3.11178
3.11384
3.11601
3.11829
3.12065
3.12309
3.12559
3.12813
3.13071
3.13331
3.13591
3.13851
3.1411
3.14365
3.14617
3.14864
3.15106
3.15342
3.15572
3.15794
3.1601
3.16218
3.16418
3.1661
3.16794
3.16969
3.17137
3.17296
3.17447
3.1759
3.17725
3.17851
3.17969
3.18077
3.18177
3.18268
3.18349
3.1842
3.1848
3.1853
3.18568
3.18593
3.18606
3.18605
3.18589
3.18558
3.18511
3.18447
3.18365
3.18265
3.18145
3.18005
3.17844
3.17662
3.17459
3.17234
3.16986
3.16717
3.16427
3.16115
3.15784
3.15433
3.15064
3.14678
3.14278
3.13864
3.13439
3.13005
3.12564
3.12119
3.11673
3.11226
3.10782
3.10343
3.09911
3.09488
3.09074
3.08672
3.08283
3.07907
3.07545
3.07197
3.06863
3.06543
3.06237
3.05944
3.05664
3.05395
3.05138
3.04892
3.04656
3.04429
3.04212
3.04003
3.03802
3.03609
3.03424
3.03247
3.03078
3.02917
3.02764
3.02619
3.02482
3.02355
3.02237
3.02128
3.0203
3.01942
3.01864
3.01798
3.01743
3.01699
3.01668
3.01649
3.01642
3.01648
3.01667
3.01699
3.01744
3.01802
3.01874
3.01959
3.02058
3.0217
3.02297
3.02436
3.0259
3.02757
3.02937
3.0313
3.03337
3.03557
3.03789
3.04034
3.0429
3.04558
3.04837
3.05126
3.05425
3.05734
3.0605
3.06374
3.06705
3.07041
3.07383
3.07728
3.08076
3.08426
3.08776
3.09126
3.09475
3.09821
3.10163
3.105
3.10832
3.11156
3.11473
3.1178
3.12078
3.12364
3.12638
3.12899
3.13147
3.13379
3.13596
3.13796
3.13979
3.14144
3.1429
3.14417
3.14525
3.14613
3.14681
3.14729
3.14756
3.14763
3.14751
3.14719
3.14668
3.14599
3.14513
3.1441
3.14291
3.14159
3.14013
3.13857
3.1369
3.13514
3.13331
3.13143
3.12951
3.12756
3.12561
3.12366
3.12173
3.11982
3.11797
3.11616
3.11443
3.11276
3.11118
3.10969
3.10829
3.10699
3.10579
3.1047
3.10372
3.10284
3.10208
3.10142
3.10088
3.10044
3.1001
3.09988
3.09976
3.09974
3.09982
3.10001
3.10029
3.10068
3.10116
3.10174
3.10243
3.10321
3.10409
3.10508
3.10617
3.10736
3.10865
3.11004
3.11153
3.11313
3.11481
3.11659
3.11846
3.12042
3.12245
3.12454
3.1267
3.12891
3.13117
3.13345
3.13575
3.13805
3.14034
3.14262
3.14485
3.14704
3.14917
3.15121
3.15317
3.15503
3.15677
3.15838
3.15987
3.1612
3.16239
3.16342
3.16429
3.16499
3.16553
3.1659
3.1661
3.16614
3.16602
3.16575
3.16533
3.16477
3.16409
3.16329
3.16238
3.16138
3.16029
3.15914
3.15793
3.15667
3.15538
3.15406
3.15274
3.15141
3.15009
3.14878
3.14749
3.14623
3.145
3.14381
3.14265
3.14152
3.14043
3.13938
3.13836
3.13736
3.1364
3.13546
3.13453
3.13363
3.13273
3.13183
3.13094
3.13005
3.12914
3.12823
3.1273
3.12635
3.12538
3.12439
3.12337
3.12233
3.12126
3.12017
3.11905
3.11791
3.11675
3.11556
3.11436
3.11315
3.11193
3.1107
3.10947
3.10824
3.10702
3.10582
3.10464
3.10349
3.10237
3.10129
3.10026
3.09929
3.09838
3.09754
3.09678
3.0961
3.09552
3.09503
3.09466
3.09439
3.09424
3.09422
3.09433
3.09456
3.09493
3.09543
3.09608
3.09685
3.09776
3.0988
3.09996
3.10124
3.10263
3.10412
3.10571
3.10738
3.10911
3.1109
3.11273
3.11459
3.11645
3.11832
3.12016
3.12196
3.12371
3.12539
3.12699
3.1285
3.12989
3.13116
3.13231
3.13331
3.13416
3.13486
3.13539
3.13576
3.13597
3.13601
3.13588
3.13558
3.13512
3.13451
3.13374
3.13282
3.13177
3.13059
3.12929
3.12788
3.12637
3.12477
3.1231
3.12137
3.11959
3.11779
3.11596
3.11414
3.11233
3.11056
3.10884
3.10718
3.10561
3.10414
3.10279
3.10157
3.10051
3.09961
3.09888
3.09834
3.09801
3.09788
3.09797
3.09828
3.09881
3.09956
3.10053
3.10172
3.10312
3.10472
3.10651
3.10848
3.11062
3.11292
3.11535
3.1179
3.12055
3.12329
3.12611
3.12898
3.13189
3.13483
3.13778
3.14072
3.14365
3.14655
3.14941
3.15223
3.15499
3.15768
3.1603
3.16284
3.1653
3.16765
3.16991
3.17206
3.1741
3.17601
3.1778
3.17946
3.18098
3.18235
3.18358
3.18464
3.18554
3.18627
3.18683
3.18721
3.18741
3.18742
3.18724
3.18687
3.18632
3.18557
3.18464
3.18353
3.18225
3.18079
3.17918
3.17741
3.1755
3.17347
3.17132
3.16907
3.16673
3.16432
3.16187
3.15938
3.15688
3.15439
3.15193
3.14951
3.14716
3.1449
3.14275
3.14072
3.13885
3.13713
3.1356
3.13425
3.13312
3.1322
3.13151
3.13105
3.13083
3.13085
3.1311
3.13158
3.13228
3.1332
3.13433
3.13564
3.13712
3.13876
3.14053
3.14242
3.1444
3.14645
3.14854
3.15066
3.15278
3.15488
3.15693
3.15892
3.16082
3.16262
3.16429
3.16582
3.1672
3.1684
3.16942
3.17025
3.17088
3.17129
3.17148
3.17146
3.1712
3.17072
3.17001
3.16908
3.16791
3.16653
3.16492
3.16311
3.16108
3.15886
3.15644
3.15383
3.15104
3.14809
3.14497
3.1417
3.13829
3.13474
3.13106
3.12727
3.12337
3.11937
3.11528
3.11112
3.10688
3.10257
3.09822
3.09382
3.08938
3.08492
3.08043
3.07594
3.07145
3.06697
3.06251
3.05808
3.05369
3.04935
3.04508
3.04087
3.03676
3.03274
3.02883
3.02505
3.02141
3.01792
3.01459
3.01145
3.0085
3.00576
3.00324
3.00096
2.99892
2.99714
2.99561
2.99436
2.99338
2.99267
2.99223
2.99206
2.99215
2.99248
2.99306
2.99386
2.99486
2.99605
2.9974
2.9989
3.00051
3.00223
3.00402
3.00586
3.00773
3.00962
3.01149
3.01333
3.01512
3.01686
3.01853
3.02012
3.02163
3.02304
3.02436
3.02558
3.02671
3.02774
3.0287
3.02957
3.03037
3.0311
3.03177
3.0324
3.033
3.03356
3.03411
3.03465
3.03519
3.03574
3.03631
3.03691
3.03755
3.03822
3.03895
3.03973
3.04057
3.04147
3.04245
3.0435
3.04463
3.04584
3.04714
3.04852
3.05001
3.05159
3.05328
3.05508
3.05698
3.05901
3.06116
3.06343
3.06583
3.06837
3.07105
3.07387
3.07683
3.07994
3.0832
3.0866
3.09015
3.09384
3.09766
3.10162
3.1057
3.1099
3.11421
3.1186
3.12308
3.12763
3.13222
3.13685
3.14149
3.14613
3.15075
3.15532
3.15984
3.16427
3.16861
3.17282
3.17689
3.18081
3.18455
3.18811
3.19145
3.19458
3.19747
3.20012
3.20251
3.20464
3.2065
3.20808
3.20938
3.21041
3.21114
3.2116
3.21177
3.21166
3.21128
3.21062
3.2097
3.20852
3.20709
3.20541
3.2035
3.20136
3.19901
3.19645
3.1937
3.19076
3.18765
3.18439
3.18099
3.17745
3.1738
3.17006
3.16624
3.16235
3.15842
3.15446
3.1505
3.14656
3.14264
3.13879
3.13501
3.13132
3.12775
3.12432
3.12103
3.11791
3.11498
3.11223
3.1097
3.10737
3.10526
3.10337
3.10169
3.10024
3.09899
3.09795
3.0971
3.09643
3.09592
3.09556
3.09534
3.09522
3.0952
3.09525
3.09535
3.09549
3.09564
3.09579
3.09592
3.09601
3.09604
3.09601
3.09591
3.09572
3.09543
3.09503
3.09454
3.09393
3.09321
3.09237
3.09143
3.09039
3.08924
3.088
3.08667
3.08526
3.08379
3.08225
3.08067
3.07905
3.07741
3.07575
3.0741
3.07245
3.07083
3.06924
3.0677
3.06621
3.06478
3.06342
3.06214
3.06095
3.05984
3.05882
3.0579
3.05707
3.05634
3.05571
3.05516
3.05471
3.05434
3.05405
3.05384
3.0537
3.05362
3.0536
3.05364
3.05372
3.05384
3.05399
3.05416
3.05435
3.05456
3.05476
3.05497
3.05516
3.05534
3.05549
3.05562
3.05572
3.05577
3.05579
3.05575
3.05566
3.05551
3.05529
3.05501
3.05465
3.05422
3.05371
3.0531
3.05241
3.05162
3.05074
3.04974
3.04864
3.04741
3.04607
3.0446
3.04299
3.04125
3.03937
3.03734
3.03516
3.03283
3.03035
3.02771
3.02492
3.02198
3.01889
3.01566
3.0123
3.0088
3.0052
3.00149
2.99769
2.99382
2.98989
2.98593
2.98195
2.97797
2.97402
2.97013
2.96631
2.96259
2.959
2.95555
2.95228
2.94921
2.94636
2.94375
2.9414
2.93933
2.93756
2.93609
2.93496
2.93415
2.93369
2.93358
2.93382
2.93441
2.93536
2.93666
2.9383
2.94028
2.94259
2.94522
2.94816
2.9514
2.95492
2.95871
2.96274
2.96701
2.97149
2.97616
2.981
2.986
2.99112
2.99635
3.00166
3.00704
3.01244
3.01786
3.02327
3.02863
3.03394
3.03915
3.04426
3.04923
3.05404
3.05868
3.06312
3.06734
3.07132
3.07505
3.07851
3.08168
3.08457
3.08714
3.08941
3.09136
3.09299
3.0943
3.0953
3.09597
3.09634
3.09641
3.09619
3.0957
3.09495
3.09396
3.09275
3.09134
3.08975
3.08801
3.08614
3.08417
3.08212
3.08002
3.07789
3.07576
3.07364
3.07156
3.06954
3.06759
3.06572
3.06396
3.0623
3.06075
3.05932
3.058
3.05681
3.05573
3.05476
3.0539
3.05314
3.05248
3.05191
3.05141
3.05099
3.05063
3.05033
3.05008
3.04987
3.04969
3.04954
3.04941
3.04929
3.04918
3.04907
3.04895
3.04881
3.04865
3.04847
3.04826
3.04802
3.04773
3.04741
3.04704
3.04662
3.04616
3.04565
3.04509
3.0445
3.04386
3.04319
3.04249
3.04177
3.04104
3.04029
3.03956
3.03883
3.03812
3.03745
3.03682
3.03624
3.03573
3.03529
3.03493
3.03466
3.0345
3.03445
3.03451
3.0347
3.03502
3.03548
3.03608
3.03683
3.03773
3.03878
3.03999
3.04135
3.04288
3.04456
3.0464
3.0484
3.05055
3.05285
3.0553
3.05789
3.06061
3.06346
3.06644
3.06952
3.07269
3.07595
3.07929
3.08267
3.0861
3.08955
3.09301
3.09645
3.09985
3.1032
3.10648
3.10966
3.11272
3.11565
3.11843
3.12103
3.12344
3.12564
3.12762
3.12936
3.13085
3.13208
3.13304
3.13372
3.13411
3.13423
3.13405
3.13359
3.13285
3.13183
3.13053
3.12898
3.12717
3.12512
3.12284
3.12035
3.11765
3.11476
3.11171
3.10849
3.10513
3.10164
3.09803
3.09432
3.09052
3.08665
3.08271
3.07872
3.0747
3.07066
3.06661
3.06256
3.05854
3.05456
3.05065
3.04681
3.04307
3.03946
3.03599
3.03268
3.02957
3.02667
3.024
3.02159
3.01946
3.01762
3.01609
3.01488
3.014
3.01347
3.01327
3.01342
3.01391
3.01473
3.01588
3.01734
3.01909
3.02113
3.02343
3.02598
3.02874
3.03171
3.03486
3.03817
3.04162
3.04519
3.04887
3.05263
3.05645
3.06034
3.06427
3.06823
3.07221
3.07621
3.08022
3.08422
3.08823
3.09222
3.09621
3.10018
3.10413
3.10808
3.112
3.11591
3.1198
3.12367
3.12753
3.13136
3.13518
3.13897
3.14275
3.14651
3.15024
3.15396
3.15765
3.16132
3.16496
3.16858
3.17216
3.17573
3.17926
3.18275
3.18622
3.18965
3.19304
3.19639
3.1997
3.20296
3.20618
3.20934
3.21245
3.2155
3.21849
3.22142
3.22428
3.22706
3.22977
3.2324
3.23495
3.23741
3.23977
3.24204
3.2442
3.24625
3.2482
3.25002
3.25173
3.25331
3.25475
3.25606
3.25723
3.25824
3.25911
3.25982
3.26037
3.26076
3.26098
3.26102
3.26089
3.26058
3.26009
3.25941
3.25855
3.25751
3.25629
3.25488
3.25329
3.25152
3.24959
3.24748
3.24522
3.24281
3.24026
3.23759
3.2348
3.23191
3.22893
3.2259
3.22281
3.2197
3.21658
3.21348
3.21042
3.20741
3.20448
3.20166
3.19895
3.19639
3.19398
3.19175
3.1897
3.18784
3.18619
3.18474
3.18351
3.18248
3.18166
3.18103
3.18059
3.18033
3.18022
3.18025
3.18041
3.18068
3.18102
3.18143
3.18187
3.18233
3.18279
3.18323
3.18362
3.18395
3.1842
3.18435
3.1844
3.18434
3.18414
3.18381
3.18334
3.18273
3.18198
3.18108
3.18004
3.17885
3.17753
3.17608
3.1745
3.17281
3.171
3.16908
3.16707
3.16496
3.16276
3.16048
3.15811
3.15567
3.15314
3.15054
3.14786
3.1451
3.14224
3.1393
3.13625
3.13309
3.12982
3.12643
3.1229
3.11923
3.11542
3.11144
3.10731
3.103
3.09853
3.09389
3.08908
3.0841
3.07896
3.07367
3.06823
3.06267
3.05699
3.05122
3.04537
3.03948
3.03355
3.02763
3.02174
3.0159
3.01015
3.00452
2.99905
2.99375
2.98866
2.98381
2.97922
2.97493
2.97095
2.9673
2.96402
2.9611
2.95858
2.95645
2.95472
2.95341
2.95251
2.95203
2.95197
2.95231
2.95306
2.9542
2.95572
2.95761
2.95986
2.96245
2.96536
2.96857
2.97205
2.9758
2.97978
2.98397
2.98834
2.99287
2.99754
3.00232
3.00717
3.01209
3.01703
3.02198
3.02692
3.03182
3.03666
3.04142
3.04607
3.05062
3.05503
3.05929
3.06339
3.06733
3.07108
3.07464
3.078
3.08117
3.08412
3.08687
3.08942
3.09175
3.09387
3.09579
3.09751
3.09903
3.10036
3.10151
3.10249
3.10329
3.10394
3.10444
3.1048
3.10504
3.10516
3.10518
3.10511
3.10495
3.10473
3.10444
3.10411
3.10374
3.10333
3.10291
3.10247
3.10203
3.10158
3.10114
3.10071
3.1003
3.09989
3.09951
3.09914
3.0988
3.09848
3.09818
3.0979
3.09765
3.09742
3.09722
3.09704
3.09688
3.09676
3.09665
3.09658
3.09653
3.09651
3.09651
3.09654
3.0966
3.09668
3.09679
3.09692
3.09707
3.09724
3.09742
3.09762
3.09782
3.09803
3.09824
3.09844
3.09864
3.09882
3.09898
3.09912
3.09924
3.09932
3.09938
3.0994
3.09938
3.09932
3.09923
3.09909
3.09892
3.09871
3.09845
3.09816
3.09784
3.09748
3.09709
3.09666
3.09622
3.09574
3.09525
3.09473
3.0942
3.09366
3.0931
3.09253
3.09196
3.09138
3.09079
3.09021
3.08962
3.08904
3.08846
3.08788
3.08731
3.08674
3.08618
3.08563
3.08508
3.08455
3.08403
3.08352
3.08303
3.08256
3.0821
3.08167
3.08126
3.08087
3.08052
3.08019
3.0799
3.07964
3.07941
3.07922
3.07907
3.07895
3.07886
3.07881
3.07879
3.07879
3.07881
3.07884
3.07887
3.0789
3.0789
3.07887
3.0788
3.07866
3.07844
3.07813
3.0777
3.07715
3.07646
3.0756
3.07457
3.07335
3.07194
3.07032
3.06849
3.06643
3.06416
3.06167
3.05896
3.05604
3.05292
3.0496
3.04611
3.04244
3.03862
3.03466
3.03059
3.02641
3.02215
3.01782
3.01344
3.00902
3.0046
3.00017
2.99575
2.99135
2.98699
2.98267
2.97839
2.97417
2.97001
2.96591
2.96188
2.9579
2.95399
2.95015
2.94637
2.94266
2.93901
2.93545
2.93196
2.92857
2.92527
2.92208
2.91903
2.91611
2.91336
2.91079
2.90843
2.90628
2.90438
2.90274
2.90137
2.90029
2.89952
2.89905
2.8989
2.89905
2.89952
2.90028
2.90133
2.90267
2.90426
2.90611
2.90818
2.91047
2.91295
2.9156
2.91842
2.92138
2.92447
2.92768
2.93098
2.93438
2.93784
2.94138
2.94497
2.9486
2.95228
2.95598
2.9597
2.96343
2.96716
2.9709
2.97462
2.97832
2.98201
2.98566
2.98927
2.99284
2.99636
2.99982
3.00322
3.00654
3.00979
3.01296
3.01603
3.01901
3.02188
3.02465
3.02729
3.02982
3.03222
3.03449
3.03662
3.03861
3.04045
3.04216
3.04371
3.04512
3.04638
3.0475
3.04848
3.04932
3.05004
3.05062
3.05109
3.05145
3.05171
3.05188
3.05197
3.052
3.05197
3.05189
3.05178
3.05165
3.05152
3.05139
3.05128
3.05119
3.05115
3.05116
3.05123
3.05137
3.05159
3.0519
3.0523
3.05281
3.05342
3.05413
3.05495
3.05588
3.05691
3.05804
3.05927
3.06058
3.06197
3.06343
3.06494
3.06649
3.06807
3.06967
3.07127
3.07286
3.07442
3.07595
3.07744
3.07887
3.08024
3.08153
3.08276
3.0839
3.08496
3.08594
3.08683
3.08764
3.08837
3.08901
3.08958
3.09007
3.09048
3.09083
3.0911
3.09131
3.09146
3.09154
3.09156
3.09153
3.09143
3.09127
3.09105
3.09078
3.09044
3.09003
3.08957
3.08904
3.08844
3.08779
3.08707
3.08629
3.08546
3.08458
3.08365
3.08269
3.0817
3.0807
3.0797
3.0787
3.07772
3.07678
3.07588
3.07504
3.07426
3.07357
3.07296
3.07245
3.07204
3.07173
3.07153
3.07143
3.07143
3.07153
3.07173
3.07202
3.07239
3.07284
3.07336
3.07395
3.07461
3.07532
3.07608
3.07689
3.07775
3.07865
3.07958
3.08054
3.08153
3.08254
3.08357
3.08461
3.08565
3.08669
3.08772
3.08874
3.08973
3.0907
3.09163
3.09251
3.09335
3.09414
3.09488
3.09555
3.09617
3.09673
3.09723
3.09769
3.09809
3.09846
3.09879
3.09909
3.09938
3.09966
3.09994
3.10024
3.10056
3.10091
3.1013
3.10175
3.10225
3.10281
3.10344
3.10414
3.10492
3.10576
3.10667
3.10765
3.10869
3.10978
3.11092
3.11209
3.11329
3.11451
3.11573
3.11694
3.11812
3.11928
3.12038
3.12142
3.1224
3.12329
3.1241
3.12482
3.12544
3.12595
3.12637
3.12669
3.12692
3.12705
3.1271
3.12707
3.12697
3.12681
3.12659
3.12632
3.126
3.12564
3.12524
3.1248
3.12431
3.12378
3.12319
3.12255
3.12183
3.12104
3.12017
3.1192
3.11812
3.11692
3.11561
3.11415
3.11256
3.11082
3.10893
3.10688
3.10468
3.10232
3.0998
3.09713
3.0943
3.09132
3.08821
3.08496
3.08158
3.07808
3.07448
3.07078
3.067
3.06314
3.05922
3.05526
3.05126
3.04725
3.04324
3.03925
3.03528
3.03137
3.02752
3.02374
3.02007
3.0165
3.01307
3.00977
3.00663
3.00367
3.00088
2.99829
2.99591
2.99373
2.99178
2.99005
2.98856
2.9873
2.98627
2.98549
2.98493
2.98461
2.98452
2.98464
2.98498
2.98552
2.98626
2.98718
2.98827
2.98952
2.99092
2.99245
2.9941
2.99585
2.99769
2.99961
3.0016
3.00364
3.00572
3.00783
3.00996
3.01211
3.01427
3.01643
3.01858
3.02073
3.02287
3.025
3.02712
3.02924
3.03135
3.03345
3.03556
3.03768
3.0398
3.04193
3.04409
3.04627
3.04847
3.0507
3.05297
3.05528
3.05763
3.06001
3.06244
3.06492
3.06743
3.06999
3.07259
3.07523
3.07791
3.08061
3.08335
3.08611
3.08889
3.09169
3.0945
3.09732
3.10013
3.10294
3.10573
3.10851
3.11127
3.11399
3.11668
3.11933
3.12193
3.12448
3.12698
3.1294
3.13176
3.13404
3.13624
3.13834
3.14036
3.14227
3.14408
3.14577
3.14734
3.14878
3.15009
3.15127
3.15229
3.15317
3.15389
3.15444
3.15482
3.15504
3.15507
3.15493
3.1546
3.15409
3.15339
3.15251
3.15145
3.1502
3.14877
3.14717
3.1454
3.14347
3.14139
3.13916
3.13679
3.1343
3.13169
3.12897
3.12616
3.12327
3.12031
3.11729
3.11422
3.11111
3.10798
3.10483
3.10167
3.09851
3.09536
3.09222
3.08909
3.08599
3.08291
3.07986
3.07684
3.07384
3.07088
3.06794
3.06503
3.06214
3.05927
3.05642
3.05359
3.05077
3.04797
3.04517
3.0424
3.03963
3.03688
3.03416
3.03146
3.0288
3.02618
3.02363
3.02116
3.01877
3.0165
3.01436
3.01237
3.01054
3.00891
3.00748
3.00628
3.00531
3.00459
3.00412
3.00391
3.00395
3.00424
3.00478
3.00556
3.00656
3.00778
3.0092
3.0108
3.01256
3.01449
3.01654
3.01873
3.02102
3.0234
3.02586
3.02839
3.03097
3.03359
3.03624
3.03889
3.04155
3.04419
3.0468
3.04937
3.0519
3.05435
3.05674
3.05904
3.06125
3.06336
3.06538
3.06728
3.06907
3.07075
3.07232
3.07378
3.07513
3.07638
3.07752
3.07857
3.07953
3.0804
3.0812
3.08192
3.08258
3.08318
3.08373
3.08424
3.0847
3.08513
3.08553
3.0859
3.08624
3.08656
3.08686
3.08714
3.08739
3.08762
3.08783
3.088
3.08813
3.08823
3.08828
3.08828
3.08822
3.08811
3.08792
3.08766
3.08732
3.08689
3.08637
3.08576
3.08505
3.08424
3.08332
3.0823
3.08117
3.07993
3.07858
3.07713
3.07557
3.07391
3.07215
3.0703
3.06835
3.06631
3.06418
3.06198
3.05971
3.05736
3.05496
3.0525
3.05
3.04746
3.04488
3.04228
3.03967
3.03705
3.03444
3.03183
3.02924
3.02669
3.02417
3.0217
3.01929
3.01694
3.01467
3.01248
3.01039
3.0084
3.00651
3.00474
3.0031
3.00158
3.00019
2.99895
2.99785
2.99689
2.99608
2.99541
2.9949
2.99453
2.99431
2.99423
2.99429
2.99449
2.99482
2.99528
2.99586
2.99656
2.99738
2.9983
2.99933
3.00046
3.00168
3.00298
3.00438
3.00584
3.00738
3.00899
3.01066
3.01237
3.01414
3.01595
3.01779
3.01966
3.02155
3.02346
3.02538
3.0273
3.02923
3.03115
3.03307
3.03497
3.03688
3.03877
3.04065
3.04253
3.04441
3.04629
3.04818
3.05008
3.05199
3.05393
3.0559
3.05791
3.05995
3.06205
3.06421
3.06642
3.06871
3.07106
3.0735
3.07601
3.07861
3.0813
3.08408
3.08695
3.08991
3.09296
3.09609
3.09931
3.10262
3.106
3.10945
3.11296
3.11654
3.12016
3.12383
3.12752
3.13124
3.13496
3.13868
3.14239
3.14607
3.14971
3.1533
3.15683
3.16028
3.16363
3.16689
3.17004
3.17307
3.17596
3.17872
3.18132
3.18377
3.18607
3.18819
3.19015
3.19194
3.19356
3.195
3.19628
3.19739
3.19834
3.19913
3.19977
3.20026
3.20061
3.20083
3.20093
3.20091
3.20079
3.20057
3.20026
3.19988
3.19942
3.1989
3.19833
3.19771
3.19705
3.19636
3.19563
3.19488
3.19411
3.19331
3.1925
3.19166
3.1908
3.18991
3.189
3.18806
3.18709
3.18608
3.18502
3.18391
3.18275
3.18152
3.18024
3.17888
3.17745
3.17594
3.17436
3.17271
3.17097
3.16917
3.16729
3.16535
3.16335
3.1613
3.15921
3.15709
3.15494
3.15278
3.15062
3.14846
3.14631
3.14419
3.14209
3.14003
3.13801
3.13602
3.13407
3.13216
3.13028
3.12843
3.1266
3.12479
3.12298
3.12118
3.11936
3.11753
3.11567
3.11379
3.11186
3.10989
3.10787
3.1058
3.10368
3.10151
3.09928
3.097
3.09468
3.0923
3.08989
3.08744
3.08495
3.08244
3.0799
3.07734
3.07477
3.07219
3.06959
3.067
3.0644
3.06179
3.05919
3.05659
3.05399
3.0514
3.04881
3.04622
3.04364
3.04106
3.03849
3.03593
3.03337
3.03082
3.02827
3.02574
3.02323
3.02073
3.01825
3.0158
3.01337
3.01098
3.00862
3.00631
3.00405
3.00184
2.99969
2.99761
2.9956
2.99368
2.99184
2.99009
2.98845
2.98691
2.98548
2.98416
2.98297
2.9819
2.98096
2.98014
2.97945
2.9789
2.97847
2.97817
2.978
2.97795
2.97803
2.97821
2.97851
2.97891
2.97941
2.98
2.98067
2.98142
2.98223
2.9831
2.98402
2.98498
2.98598
2.987
2.98803
2.98908
2.99012
2.99116
2.99218
2.99319
2.99417
2.99511
2.99602
2.9969
2.99772
2.9985
2.99923
2.99991
3.00053
3.00109
3.0016
3.00205
3.00244
3.00277
3.00303
3.00324
3.00338
3.00346
3.00348
3.00343
3.00331
3.00313
3.00288
3.00256
3.00216
3.0017
3.00116
3.00055
2.99986
2.9991
2.99827
2.99736
2.99639
2.99534
2.99423
2.99306
2.99183
2.99054
2.98921
2.98784
2.98642
2.98498
2.98352
2.98203
2.98054
2.97903
2.97752
2.97602
2.97452
2.97303
2.97155
2.97008
2.96863
2.96718
2.96575
2.96432
2.9629
2.96148
2.96006
2.95862
2.95718
2.95572
2.95424
2.95273
2.95119
2.94961
2.948
2.94635
2.94466
2.94294
2.94117
2.93937
2.93753
2.93567
2.93378
2.93188
2.92997
2.92806
2.92617
2.92429
2.92245
2.92066
2.91892
2.91725
2.91566
2.91416
2.91276
2.91147
2.9103
2.90927
2.90837
2.90762
2.90701
2.90656
2.90627
2.90613
2.90616
2.90634
2.90668
2.90718
2.90782
2.90861
2.90954
2.9106
2.91179
2.91309
2.9145
2.91601
2.91761
2.91928
2.92102
2.92282
2.92467
2.92655
2.92846
2.93039
2.93233
2.93427
2.93621
2.93813
2.94004
2.94194
2.9438
2.94565
2.94747
2.94926
2.95103
2.95277
2.9545
2.9562
2.95789
2.95957
2.96124
2.9629
2.96457
2.96625
2.96794
2.96965
2.97139
2.97315
2.97495
2.97679
2.97867
2.98061
2.98259
2.98463
2.98673
2.98888
2.99109
2.99335
2.99567
2.99804
3.00046
3.00291
3.00541
3.00793
3.01047
3.01302
3.01558
3.01812
3.02065
3.02315
3.0256
3.02799
3.03032
3.03257
3.03473
3.03678
3.03871
3.04051
3.04218
3.04369
3.04504
3.04623
3.04724
3.04807
3.04872
3.04918
3.04945
3.04953
3.04941
3.04912
3.04864
3.04798
3.04715
3.04615
3.04499
3.04369
3.04224
3.04066
3.03896
3.03714
3.03523
3.03322
3.03113
3.02896
3.02674
3.02446
3.02213
3.01977
3.01738
3.01497
3.01255
3.01011
3.00767
3.00523
3.00279
3.00036
2.99794
2.99553
2.99313
2.99075
2.98837
2.98601
2.98365
2.98131
2.97897
2.97663
2.97429
2.97195
2.9696
2.96725
2.96488
2.9625
2.9601
2.95768
2.95524
2.95278
2.95029
2.94779
2.94527
2.94273
2.94017
2.93762
2.93506
2.93252
2.92999
2.9275
2.92505
2.92266
2.92034
2.91812
2.916
2.91401
2.91217
2.9105
2.909
2.90772
2.90665
2.90581
2.90523
2.90491
2.90487
2.9051
2.90562
2.90644
2.90753
2.90891
2.91056
2.91247
2.91462
2.917
2.91959
2.92235
2.92526
2.92828
2.9314
2.93458
2.93777
2.94096
2.94409
2.94715
2.9501
2.95292
2.95556
2.95801
2.96024
2.96224
2.96399
2.96546
2.96667
2.96759
2.96822
2.96857
2.96864
2.96844
2.96797
2.96726
2.9663
2.96514
2.96378
2.96225
2.96057
2.95877
2.95687
2.95491
2.95291
2.95089
2.94889
2.94694
2.94505
2.94325
2.94158
2.94003
2.93864
2.93743
2.93639
2.93556
2.93492
2.9345
2.93429
2.93429
2.9345
2.93491
2.93552
2.93631
2.93728
2.9384
2.93967
2.94106
2.94256
2.94415
2.9458
2.94751
2.94925
2.95099
2.95273
2.95444
2.9561
2.9577
2.95922
2.96065
2.96198
2.96319
2.96427
2.96522
2.96602
2.96669
2.9672
2.96756
2.96776
2.96782
2.96773
2.96749
2.96712
2.9666
2.96596
2.96519
2.96431
2.96332
2.96222
2.96103
2.95975
2.95838
2.95695
2.95544
2.95388
2.95226
2.9506
2.9489
2.94717
2.94543
2.94368
2.94193
2.9402
2.93849
2.93683
2.93522
2.93368
2.93223
2.93087
2.92963
2.92852
2.92754
2.92672
2.92607
2.92559
2.92529
2.92519
2.92529
2.92559
2.9261
2.92682
2.92776
2.92891
2.93027
2.93184
2.93362
2.93561
2.93781
2.9402
2.94278
2.94556
2.94852
2.95165
2.95495
2.95841
2.96201
2.96576
2.96964
2.97363
2.97773
2.98191
2.98618
2.99051
2.9949
2.99932
3.00376
3.00821
3.01265
3.01706
3.02144
3.02578
3.03004
3.03423
3.03833
3.04233
3.04622
3.04999
3.05363
3.05713
3.06048
3.06368
3.06672
3.06959
3.0723
3.07484
3.07721
3.07941
3.08144
3.08329
3.08497
3.08649
3.08783
3.08901
3.09003
3.09089
3.09159
3.09214
3.09254
3.09279
3.09289
3.09285
3.09267
3.09234
3.09188
3.09127
3.09053
3.08964
3.08862
3.08745
3.08615
3.08471
3.08313
3.08141
3.07957
3.07759
3.07549
3.07326
3.07093
3.06848
3.06595
3.06332
3.06063
3.05788
3.05508
3.05225
3.04941
3.04658
3.04377
3.041
3.0383
3.03567
3.03314
3.03073
3.02846
3.02633
3.02436
3.02256
3.02095
3.01954
3.01833
3.01732
3.01652
3.01593
3.01555
3.01537
3.01539
3.01561
3.01601
3.01659
3.01733
3.01823
3.01927
3.02044
3.02172
3.02311
3.0246
3.02616
3.02779
3.02948
3.03122
3.03301
3.03483
3.03668
3.03856
3.04046
3.0424
3.04435
3.04633
3.04834
3.05038
3.05246
3.05458
3.05674
3.05895
3.06122
3.06354
3.06593
3.06837
3.07089
3.07348
3.07614
3.07886
3.08166
3.08452
3.08745
3.09044
3.09349
3.09658
3.09972
3.1029
3.1061
3.10932
3.11256
3.11579
3.11901
3.12222
3.12539
3.12853
3.13162
3.13464
3.13759
3.14047
3.14325
3.14593
3.14851
3.15097
3.1533
3.1555
3.15755
3.15946
3.16122
3.16281
3.16424
3.16549
3.16657
3.16747
3.16819
3.16871
3.16905
3.16919
3.16913
3.16888
3.16843
3.16778
3.16693
3.16588
3.16464
3.16321
3.1616
3.15979
3.15782
3.15567
3.15336
3.1509
3.14831
3.14558
3.14274
3.1398
3.13677
3.13368
3.13053
3.12735
3.12416
3.12097
3.1178
3.11467
3.11159
3.1086
3.10569
3.10289
3.10022
3.09768
3.09529
3.09305
3.09098
3.08908
3.08736
3.08582
3.08446
3.08328
3.08227
3.08145
3.08078
3.08028
3.07993
3.07973
3.07965
3.0797
3.07985
3.0801
3.08043
3.08084
3.0813
3.08181
3.08237
3.08295
3.08354
3.08416
3.08477
3.08539
3.086
3.0866
3.08719
3.08777
3.08834
3.08889
3.08942
3.08995
3.09045
3.09095
3.09143
3.0919
3.09235
3.09278
3.0932
3.09359
3.09396
3.09429
3.0946
3.09485
3.09507
3.09522
3.09532
3.09534
3.09529
3.09515
3.09492
3.09458
3.09414
3.09359
3.09291
3.0921
3.09117
3.09009
3.08888
3.08752
3.08602
3.08437
3.08258
3.08064
3.07855
3.07633
3.07397
3.07147
3.06885
3.06611
3.06326
3.0603
3.05724
3.0541
3.05089
3.04761
3.04428
3.04091
3.03751
3.0341
3.03069
3.0273
3.02394
3.02061
3.01734
3.01413
3.011
3.00795
3.005
3.00216
2.99943
2.99682
2.99434
2.99199
2.98977
2.9877
2.98576
2.98398
2.98234
2.98085
2.97951
2.97832
2.97729
2.97642
2.9757
2.97514
2.97474
2.97449
2.9744
2.97447
2.9747
2.97508
2.97561
2.97628
2.9771
2.97805
2.97914
2.98035
2.98167
2.98311
2.98464
2.98627
2.98799
2.98978
2.99164
2.99356
2.99554
2.99757
2.99964
3.00176
3.0039
3.00608
3.00829
3.01051
3.01276
3.01502
3.0173
3.01958
3.02187
3.02415
3.02643
3.0287
3.03094
3.03316
3.03533
3.03746
3.03953
3.04153
3.04345
3.04528
3.04701
3.04862
3.05011
3.05148
3.0527
3.05377
3.05469
3.05546
3.05606
3.0565
3.05678
3.05689
3.05684
3.05663
3.05626
3.05575
3.05509
3.05429
3.05336
3.0523
3.05112
3.04983
3.04844
3.04694
3.04535
3.04368
3.04192
3.04009
3.03818
3.03621
3.03417
3.03208
3.02993
3.02773
3.02547
3.02317
3.02082
3.01843
3.016
3.01353
3.01102
3.00847
3.00588
3.00327
3.00062
2.99793
2.99522
2.99249
2.98972
2.98693
2.98413
2.9813
2.97845
2.97559
2.97272
2.96984
2.96695
2.96406
2.96117
2.95828
2.9554
2.95253
2.94967
2.94683
2.94401
2.94121
2.93844
2.93571
2.93301
2.93036
2.92775
2.92518
2.92268
2.92023
2.91784
2.91551
2.91325
2.91106
2.90895
2.9069
2.90494
2.90304
2.90123
2.89949
2.89783
2.89624
2.89473
2.89329
2.89191
2.89061
2.88937
2.8882
2.88709
2.88604
2.88504
2.8841
2.88322
2.88239
2.88162
2.8809
2.88023
2.87962
2.87906
2.87855
2.8781
2.87771
2.87737
2.87709
2.87687
2.8767
2.87659
2.87653
2.87652
2.87657
2.87667
2.87681
2.877
2.87723
2.87749
2.87779
2.87811
2.87846
2.87883
2.87921
2.8796
2.88
2.88039
2.88079
2.88118
2.88156
2.88192
2.88227
2.8826
2.88291
2.8832
2.88346
2.88369
2.88391
2.88409
2.88425
2.88438
2.88449
2.88458
2.88464
2.88468
2.88471
2.88472
2.88471
2.8847
2.88467
2.88464
2.8846
2.88457
2.88454
2.88451
2.88449
2.88448
2.88448
2.88449
2.88453
2.88458
2.88466
2.88476
2.88489
2.88505
2.88524
2.88546
2.88571
2.88601
2.88634
2.88672
2.88714
2.8876
2.88812
2.88869
2.88932
2.89
2.89074
2.89155
2.89243
2.89337
2.89439
2.89547
2.89664
2.89788
2.8992
2.9006
2.90208
2.90364
2.90528
2.90699
2.90878
2.91065
2.91258
2.91459
2.91665
2.91878
2.92096
2.92319
2.92547
2.92778
2.93012
2.93249
2.93488
2.93728
2.93968
2.94208
2.94448
2.94686
2.94922
2.95156
2.95386
2.95613
2.95837
2.96056
2.96271
2.96482
2.96689
2.96892
2.9709
2.97286
2.97478
2.97667
2.97854
2.98039
2.98223
2.98408
2.98592
2.98777
2.98965
2.99154
2.99346
2.99541
2.99739
2.99941
3.00146
3.00355
3.00567
3.00781
3.00998
3.01217
3.01436
3.01655
3.01872
3.02088
3.02299
3.02506
3.02707
3.029
3.03084
3.03258
3.03421
3.03571
3.03707
3.03827
3.03932
3.0402
3.04089
3.0414
3.04171
3.04183
3.04174
3.04145
3.04096
3.04026
3.03937
3.03827
3.03699
3.03553
3.0339
3.0321
3.03016
3.02808
3.02588
3.02357
3.02117
3.0187
3.01617
3.01361
3.01103
3.00844
3.00587
3.00333
3.00083
2.9984
2.99604
2.99377
2.99159
2.98952
2.98757
2.98573
2.984
2.98241
2.98093
2.97957
2.97833
2.97721
2.97619
2.97527
2.97445
2.97372
2.97307
2.9725
2.972
2.97156
2.97118
2.97087
2.9706
2.97039
2.97024
2.97014
2.97009
2.9701
2.97018
2.97032
2.97052
2.9708
2.97116
2.9716
2.97212
2.97273
2.97342
2.9742
2.97508
2.97604
2.97709
2.97821
2.97942
2.9807
2.98205
2.98345
2.9849
2.98639
2.9879
2.98944
2.99098
2.99251
2.99402
2.9955
2.99694
2.99832
2.99963
3.00087
3.002
3.00304
3.00396
3.00476
3.00542
3.00593
3.00629
3.00649
3.00652
3.00638
3.00605
3.00553
3.00481
3.0039
3.00279
3.00147
2.99994
2.99821
2.99627
2.99412
2.99176
2.9892
2.98645
2.9835
2.98037
2.97705
2.97357
2.96993
2.96613
2.9622
2.95815
2.95398
2.94972
2.94538
2.94098
2.93653
2.93205
2.92755
2.92307
2.9186
2.91419
2.90983
2.90556
2.90139
2.89734
2.89343
2.88968
2.8861
2.88273
2.87956
2.87663
2.87395
2.87153
2.86939
2.86754
2.866
2.86477
2.86387
2.8633
2.86306
2.86317
2.86363
2.86443
2.86557
2.86706
2.86888
2.87102
2.87349
2.87627
2.87935
2.88272
2.88636
2.89026
2.89441
2.89879
2.90339
2.90819
2.91317
2.91831
2.92361
2.92903
2.93457
2.9402
2.94592
2.95169
2.95751
2.96335
2.9692
2.97504
2.98085
2.98662
2.99234
2.99798
3.00355
3.00901
3.01437
3.01961
3.02472
3.02971
3.03455
3.03925
3.04381
3.04822
3.05249
3.05661
3.06059
3.06444
3.06816
3.07176
3.07524
3.07861
3.08189
3.08507
3.08818
3.09122
3.09419
3.09712
3.09999
3.10283
3.10564
3.10843
3.11119
3.11392
3.11664
3.11934
3.12201
3.12466
3.12727
3.12984
3.13235
3.13481
3.13719
3.13949
3.14169
3.14378
3.14574
3.14756
3.14922
3.15071
3.15203
3.15314
3.15406
3.15476
3.15524
3.1555
3.15552
3.15531
3.15487
3.15421
3.15332
3.15221
3.15089
3.14937
3.14767
3.1458
3.14376
3.14159
3.13929
3.13689
3.13439
3.13182
3.12918
3.12651
3.12379
3.12106
3.11832
3.11557
3.11282
3.11008
3.10734
3.10461
3.10188
3.09915
3.09641
3.09367
3.0909
3.08811
3.08529
3.08243
3.07953
3.07658
3.07357
3.07051
3.06739
3.0642
3.06095
3.05764
3.05426
3.05082
3.04732
3.04377
3.04016
3.0365
3.03279
3.02904
3.02525
3.02143
3.01758
3.01371
3.00982
3.00593
3.00204
2.99815
2.99429
2.99047
2.98669
2.98298
2.97935
2.97582
2.9724
2.96914
2.96603
2.96313
2.96044
2.958
2.95584
2.95399
2.95248
2.95132
2.95056
2.9502
2.95027
2.95078
2.95174
2.95314
2.95499
2.95727
2.95996
2.96305
2.96651
2.97031
2.97443
2.97883
2.98348
2.98836
2.99343
2.99868
3.00408
3.0096
3.01523
3.02095
3.02676
3.03263
3.03855
3.04452
3.05052
3.05655
3.06259
3.06864
3.07467
3.08069
3.08667
3.0926
3.09847
3.10427
3.10998
3.11557
3.12105
3.12639
3.13157
3.13658
3.14142
3.14605
3.15049
3.1547
3.1587
3.16246
3.16598
3.16926
3.1723
3.17509
3.17765
3.17996
3.18204
3.18389
3.18552
3.18694
3.18814
3.18915
3.18997
3.1906
3.19106
3.19136
3.19149
3.19147
3.1913
3.19099
3.19054
3.18996
3.18925
3.18841
3.18744
3.18635
3.18514
3.18381
3.18237
3.18081
3.17915
3.17738
3.17551
3.17354
3.17148
3.16932
3.16708
3.16475
3.16233
3.15984
3.15726
3.15461
3.15187
3.14906
3.14617
3.1432
3.14015
3.13702
3.13381
3.13051
3.12713
3.12366
3.1201
3.11645
3.11272
3.1089
3.10499
3.10099
3.09692
3.09276
3.08853
3.08423
3.07987
3.07546
3.071
3.0665
3.06197
3.05743
3.05289
3.04835
3.04384
3.03936
3.03493
3.03058
3.0263
3.02212
3.01806
3.01412
3.01034
3.00672
3.00329
3.00005
2.99703
2.99424
2.9917
2.98942
2.98742
2.9857
2.98429
2.98319
2.98241
2.98195
2.98182
2.98203
2.98256
2.98341
2.98459
2.98607
2.98785
2.9899
2.99222
2.99479
2.99757
3.00054
3.00368
3.00695
3.01033
3.01379
3.01729
3.02081
3.02431
3.02775
3.03113
3.03439
3.03752
3.0405
3.0433
3.0459
3.04829
3.05044
3.05236
3.05401
3.05541
3.05654
3.0574
3.05798
3.05829
3.05832
3.05808
3.05757
3.05679
3.05574
3.05443
3.05287
3.05106
3.049
3.0467
3.04418
3.04143
3.03847
3.03531
3.03197
3.02845
3.02478
3.02096
3.01702
3.01299
3.00887
3.00469
3.00048
2.99625
2.99203
2.98784
2.98369
2.97962
2.97563
2.97174
2.96797
2.96433
2.96082
2.95745
2.95424
2.95118
2.94828
2.94553
2.94294
2.9405
2.93822
2.93608
2.93408
2.93222
2.9305
2.92891
2.92744
2.9261
2.92488
2.92376
2.92276
2.92187
2.92108
2.92039
2.9198
2.91931
2.91891
2.9186
2.91839
2.91827
2.91824
2.9183
2.91846
2.91871
2.91905
2.91949
2.92003
2.92067
2.92141
2.92226
2.92322
2.9243
2.92549
2.92682
2.92827
2.92986
2.9316
2.93348
2.93552
2.93773
2.94011
2.94266
2.9454
2.94833
2.95145
2.95478
2.95831
2.96205
2.966
2.97016
2.97453
2.9791
2.98388
2.98884
2.994
2.99932
3.00481
3.01045
3.01622
3.0221
3.02808
3.03414
3.04026
3.04642
3.0526
3.05877
3.06492
3.07102
3.07707
3.08302
3.08888
3.09462
3.10023
3.10568
3.11097
3.11608
3.121
3.12571
3.13021
3.13448
3.13852
3.14232
3.14588
3.14918
3.15222
3.155
3.15752
3.15977
3.16176
3.16349
3.16495
3.16616
3.16711
3.16782
3.16828
3.16852
3.16853
3.16832
3.16791
3.16731
3.16652
3.16556
3.16444
3.16316
3.16174
3.16017
3.15848
3.15667
3.15474
3.15269
3.15054
3.14827
3.1459
3.14342
3.14084
3.13815
3.13536
3.13245
3.12945
3.12633
3.12311
3.11979
3.11636
3.11284
3.10922
3.10551
3.10171
3.09783
3.09388
3.08986
3.08579
3.08166
3.0775
3.07332
3.06911
3.0649
3.06069
3.05649
3.05231
3.04817
3.04407
3.04003
3.03604
3.03212
3.02828
3.02452
3.02084
3.01726
3.01377
3.01039
3.0071
3.00392
3.00084
2.99786
2.99499
2.99221
2.98954
2.98696
2.98448
2.98209
2.97978
2.97756
2.97542
2.97336
2.97137
2.96945
2.9676
2.96582
2.96409
2.96243
2.96083
2.95928
2.95779
2.95636
2.95498
2.95367
2.95241
2.95121
2.95008
2.94902
2.94802
2.94711
2.94626
2.9455
2.94482
2.94423
2.94374
2.94333
2.94302
2.9428
2.94268
2.94265
2.94272
2.94287
2.94312
2.94344
2.94384
2.94431
2.94485
2.94544
2.94607
2.94674
2.94744
2.94815
2.94887
2.94959
2.9503
2.95099
2.95165
2.95228
2.95287
2.95341
2.9539
2.95434
2.95473
2.95507
2.95535
2.95558
2.95576
2.95589
2.95598
2.95603
2.95605
2.95603
2.95599
2.95593
2.95585
2.95576
2.95565
2.95555
2.95544
2.95533
2.95522
2.95512
2.95503
2.95495
2.95487
2.95482
2.95478
2.95476
2.95476
2.95479
2.95485
2.95495
2.95509
2.95527
2.95551
2.9558
2.95616
2.95659
2.95709
2.95766
2.95832
2.95907
2.95991
2.96084
2.96186
2.96298
2.96419
2.9655
2.9669
2.96839
2.96996
2.97163
2.97338
2.97521
2.97711
2.97909
2.98113
2.98324
2.98541
2.98763
2.98991
2.99223
2.99459
2.99699
2.99942
3.00188
3.00436
3.00686
3.00937
3.01189
3.01442
3.01694
3.01945
3.02194
3.02442
3.02687
3.02929
3.03167
3.03401
3.03629
3.03852
3.04068
3.04277
3.04479
3.04673
3.04858
3.05034
3.05201
3.05358
3.05506
3.05644
3.05772
3.05891
3.06
3.06101
3.06193
3.06277
3.06354
3.06424
3.06488
3.06547
3.066
3.06648
3.06692
3.06731
3.06765
3.06795
3.06818
3.06836
3.06846
3.06848
3.0684
3.06822
3.06792
3.06749
3.06691
3.06618
3.06527
3.0642
3.06294
3.06149
3.05984
3.05801
3.05597
3.05375
3.05134
3.04876
3.046
3.04309
3.04003
3.03684
3.03353
3.03013
3.02664
3.0231
3.01951
3.0159
3.01228
3.00868
3.0051
3.00158
2.99813
2.99476
2.99149
2.98834
2.9853
2.98241
2.97966
2.97706
2.97462
2.97235
2.97025
2.96832
2.96657
2.965
2.96361
2.9624
2.96137
2.96053
2.95987
2.9594
2.95911
2.959
2.95908
2.95934
2.95978
2.96039
2.96118
2.96213
2.96325
2.96452
2.96593
2.96748
2.96915
2.97093
2.97281
2.97478
2.9768
2.97888
2.98099
2.98311
2.98524
2.98734
2.9894
2.99142
2.99336
2.99523
2.997
2.99866
3.00021
3.00164
3.00294
3.0041
3.00514
3.00604
3.00681
3.00745
3.00797
3.00838
3.00868
3.00888
3.009
3.00905
3.00904
3.00898
3.00889
3.00878
3.00866
3.00855
3.00847
3.00842
3.00842
3.00847
3.0086
3.00881
3.00912
3.00952
3.01004
3.01068
3.01144
3.01234
3.01337
3.01455
3.01587
3.01734
3.01897
3.02075
3.02269
3.02479
3.02704
3.02944
3.032
3.0347
3.03755
3.04053
3.04365
3.04688
3.05023
3.05367
3.05721
3.06081
3.06448
3.06819
3.07192
3.07566
3.07939
3.08309
3.08673
3.0903
3.09378
3.09715
3.10039
3.10347
3.10639
3.10912
3.11165
3.11396
3.11605
3.11789
3.11949
3.12083
3.12191
3.12272
3.12325
3.12351
3.12349
3.1232
3.12263
3.1218
3.1207
3.11933
3.11771
3.11585
3.11374
3.11141
3.10885
3.10608
3.10311
3.09995
3.09661
3.0931
3.08944
3.08563
3.08169
3.07762
3.07345
3.06918
3.06483
3.06041
3.05593
3.05141
3.04686
3.04228
3.03771
3.03314
3.02859
3.02409
3.01963
3.01524
3.01093
3.00672
3.00261
2.99863
2.99479
2.9911
2.98757
2.98422
2.98106
2.9781
2.97535
2.97281
2.97051
2.96844
2.9666
2.96501
2.96366
2.96256
2.9617
2.96108
2.9607
2.96055
2.96063
2.96093
2.96144
2.96214
2.96304
2.96412
2.96536
2.96675
2.96828
2.96994
2.97171
2.97359
2.97555
2.97758
2.97968
2.98183
2.98402
2.98625
2.98849
2.99076
2.99303
2.99531
2.99759
2.99987
3.00214
3.0044
3.00664
3.00888
3.0111
3.0133
3.01548
3.01764
3.01978
3.02191
3.02401
3.02609
3.02815
3.03019
3.0322
3.0342
3.03618
3.03813
3.04008
3.042
3.04392
3.04582
3.04771
3.04958
3.05145
3.05331
3.05516
3.057
3.05883
3.06064
3.06244
3.06422
3.06598
3.06771
3.06941
3.07107
3.0727
3.07427
3.07579
3.07725
3.07865
3.07998
3.08122
3.08239
3.08347
3.08445
3.08533
3.0861
3.08677
3.08732
3.08775
3.08806
3.08825
3.08831
3.08824
3.08804
3.08772
3.08726
3.08669
3.08599
3.08517
3.08424
3.08321
3.08207
3.08085
3.07954
3.07816
3.07673
3.07524
3.07372
3.07218
3.07062
3.06907
3.06753
3.06603
3.06456
3.06316
3.06181
3.06055
3.05937
3.05829
3.05732
3.05646
3.05572
3.05511
3.05464
3.0543
3.0541
3.05404
3.05413
3.05437
3.05475
3.05527
3.05594
3.05674
3.05768
3.05874
3.05993
3.06123
3.06263
3.06413
3.06572
3.06737
3.06908
3.07083
3.0726
3.07438
3.07614
3.07788
3.07956
3.08117
3.08269
3.08409
3.08536
3.08649
3.08745
3.08822
3.0888
3.08917
3.08933
3.08926
3.08898
3.08846
3.08773
3.08679
3.08564
3.08431
3.0828
3.08113
3.07933
3.07741
3.0754
3.07332
3.07119
3.06904
3.06689
3.06476
3.06267
3.06062
3.05864
3.05674
3.05491
3.05317
3.05152
3.04995
3.04846
3.04704
3.04569
3.04439
3.04315
3.04194
3.04075
3.03959
3.03843
3.03728
3.03613
3.03497
3.0338
3.03263
3.03146
3.03029
3.02913
3.02799
3.02689
3.02583
3.02484
3.02392
3.0231
3.02239
3.02182
3.02139
3.02114
3.02107
3.02119
3.02153
3.0221
3.0229
3.02394
3.02523
3.02676
3.02854
3.03056
3.03282
3.0353
3.03799
3.04087
3.04394
3.04716
3.05053
3.05401
3.05758
3.06123
3.06492
3.06864
3.07236
3.07605
3.07971
3.0833
3.0868
3.09021
3.09349
3.09665
3.09965
3.10249
3.10516
3.10765
3.10995
3.11206
3.11396
3.11566
3.11715
3.11844
3.11952
3.1204
3.12108
3.12156
3.12186
3.12197
3.12191
3.12169
3.12132
3.12081
3.12018
3.11943
3.11858
3.11766
3.11666
3.11561
3.11452
3.11342
3.1123
3.1112
3.11011
3.10906
3.10806
3.10712
3.10625
3.10546
3.10475
3.10413
3.10362
3.10321
3.1029
3.1027
3.1026
3.10261
3.10272
3.10292
3.10322
3.1036
3.10406
3.10458
3.10516
3.10579
3.10645
3.10714
3.10784
3.10855
3.10924
3.10992
3.11057
3.11119
3.11176
3.11229
3.11277
3.1132
3.11358
3.11392
3.11421
3.11448
3.11472
3.11496
3.11521
3.11548
3.11579
3.11616
3.11661
3.11717
3.11784
3.11865
3.11961
3.12075
3.12207
3.12359
3.12531
3.12724
3.12938
3.13174
3.1343
3.13707
3.14002
3.14315
3.14645
3.14989
3.15345
3.15712
3.16087
3.16467
3.16851
3.17236
3.17619
3.17999
3.18372
3.18737
3.1909
3.19431
3.19756
3.20065
3.20354
3.20623
3.20869
3.21091
3.21288
3.21458
3.21601
3.21714
3.21798
3.21851
3.21873
3.21864
3.21823
3.21749
3.21644
3.21507
3.21339
3.2114
3.20912
3.20654
3.20368
3.20056
3.19719
3.19359
3.18977
3.18575
3.18155
3.17719
3.17269
3.16808
3.16336
3.15856
3.15371
3.14881
3.14388
3.13894
3.13401
3.1291
3.12421
3.11936
3.11457
3.10982
3.10514
3.10052
3.09597
3.0915
3.08711
3.08279
3.07855
3.0744
3.07033
3.06636
3.06248
3.05869
3.05502
3.05145
3.048
3.04469
3.04151
3.03849
3.03563
3.03295
3.03046
3.02817
3.02612
3.02429
3.02273
3.02142
3.0204
3.01966
3.01923
3.0191
3.01929
3.01979
3.0206
3.02173
3.02317
3.02492
3.02695
3.02927
3.03185
3.03469
3.03776
3.04104
3.04452
3.04818
3.05198
3.05592
3.05996
3.06408
3.06827
3.07249
3.07673
3.08097
3.08517
3.08934
3.09343
3.09744
3.10134
3.10513
3.10879
3.1123
3.11565
3.11883
3.12184
3.12466
3.12729
3.12973
3.13198
3.13403
3.13589
3.13756
3.13903
3.14032
3.14143
3.14237
3.14314
3.14375
3.1442
3.14451
3.14467
3.1447
3.1446
3.14437
3.14403
3.14356
3.14298
3.14228
3.14147
3.14054
3.13949
3.13833
3.13703
3.13561
3.13406
3.13237
3.13053
3.12856
3.12643
3.12414
3.1217
3.1191
3.11634
3.11341
3.11032
3.10707
3.10366
3.10009
3.09636
3.09249
3.08848
3.08434
3.08008
3.07569
3.07121
3.06664
3.06199
3.05728
3.05251
3.04772
3.04291
3.03811
3.03332
3.02857
3.02388
3.01927
3.01476
3.01036
3.0061
3.00201
2.99809
2.99437
2.99086
2.9876
2.98459
2.98186
2.97941
2.97727
2.97544
2.97395
2.97278
2.97197
2.9715
2.97138
2.97161
2.97219
2.97311
2.97436
2.97594
2.97782
2.98
2.98245
2.98516
2.98811
2.99126
2.99461
2.99812
3.00176
3.00552
3.00937
3.01328
3.01723
3.02119
3.02515
3.02908
3.03296
3.03679
3.04054
3.0442
3.04776
3.05122
3.05456
3.05778
3.06088
3.06385
3.06669
3.06941
3.07199
3.07445
3.07677
3.07897
3.08103
3.08296
3.08476
3.08642
3.08795
3.08933
3.09058
3.09168
3.09265
3.09347
3.09415
3.09469
3.09509
3.09536
3.0955
3.09551
3.0954
3.09518
3.09486
3.09444
3.09393
3.09334
3.09269
3.09198
3.09121
3.09041
3.08957
3.08871
3.08784
3.08695
3.08606
3.08517
3.08428
3.0834
3.08253
3.08166
3.0808
3.07994
3.07909
3.07823
3.07736
3.07647
3.07555
3.07461
3.07362
3.07259
3.07149
3.07033
3.06909
3.06777
3.06636
3.06484
3.06323
3.0615
3.05966
3.0577
3.05562
3.05343
3.05112
3.04869
3.04616
3.04353
3.0408
3.03799
3.0351
3.03214
3.02914
3.02609
3.02303
3.01995
3.01688
3.01384
3.01082
3.00786
3.00497
3.00215
2.99942
2.9968
2.99429
2.99189
2.98963
2.9875
2.9855
2.98365
2.98194
2.98036
2.97893
2.97763
2.97646
2.97541
2.97449
2.97367
2.97296
2.97235
2.97182
2.97137
2.97099
2.97067
2.9704
2.97016
2.96996
2.96977
2.9696
2.96944
2.96927
2.96909
2.96889
2.96867
2.96842
2.96814
2.96783
2.96748
2.96709
2.96667
2.9662
2.9657
2.96517
2.96461
2.96401
2.9634
2.96276
2.9621
2.96143
2.96076
2.96007
2.95938
2.9587
2.95801
2.95733
2.95665
2.95597
2.9553
2.95462
2.95395
2.95328
2.9526
2.95191
2.95121
2.95049
2.94976
2.94902
2.94825
2.94746
2.94665
2.94582
2.94497
2.9441
2.94321
2.94231
2.9414
2.94049
2.93957
2.93865
2.93774
2.93685
2.93597
2.93511
2.93428
2.93348
2.93271
2.93198
2.9313
2.93067
2.93009
2.92958
2.92913
2.92874
2.92844
2.92823
2.9281
2.92808
2.92817
2.92838
2.92872
2.9292
2.92983
2.93062
2.93158
2.93272
2.93405
2.93558
2.9373
2.93923
2.94136
2.9437
2.94625
2.94901
2.95196
2.9551
2.95843
2.96193
2.96558
2.96939
2.97332
2.97737
2.98152
2.98574
2.99003
2.99437
2.99873
3.00311
3.00748
3.01184
3.01616
3.02044
3.02466
3.02882
3.0329
3.03691
3.04082
3.04465
3.04838
3.05201
3.05555
3.05899
3.06234
3.06558
3.06874
3.0718
3.07478
3.07767
3.08047
3.0832
3.08585
3.08842
3.09091
3.09334
3.09569
3.09797
3.10019
3.10233
3.10441
3.10642
3.10836
3.11023
3.11203
3.11376
3.11542
3.11701
3.11853
3.11998
3.12136
3.12266
3.1239
3.12507
3.12616
3.12718
3.12812
3.12899
3.12978
3.13049
3.13112
3.13166
3.1321
3.13246
3.13271
3.13286
3.13291
3.13284
3.13265
3.13234
3.1319
3.13134
3.13064
3.1298
3.12883
3.12772
3.12647
3.12507
3.12355
3.12188
3.12008
3.11815
3.1161
3.11393
3.11164
3.10926
3.10677
3.1042
3.10156
3.09885
3.0961
3.0933
3.09048
3.08764
3.08481
3.08199
3.0792
3.07645
3.07376
3.07113
3.06858
3.06612
3.06376
3.06151
3.05937
3.05735
3.05546
3.05369
3.05207
3.05058
3.04923
3.04802
3.04696
3.04605
3.04528
3.04467
3.04421
3.0439
3.04375
3.04377
3.04394
3.04428
3.04479
3.04547
3.04631
3.04732
3.04849
3.04982
3.05131
3.05293
3.05469
3.05658
3.05857
3.06066
3.06283
3.06507
3.06736
3.06967
3.07201
3.07433
3.07665
3.07892
3.08116
3.08333
3.08543
3.08744
3.08937
3.09121
3.09294
3.09456
3.09608
3.09748
3.09877
3.09995
3.10102
3.10198
3.10283
3.10357
3.10421
3.10474
3.10517
3.1055
3.10573
3.10586
3.1059
3.10585
3.10572
3.10549
3.10518
3.1048
3.10434
3.10381
3.10321
3.10256
3.10185
3.10109
3.10029
3.09946
3.09859
3.09771
3.09681
3.0959
3.095
3.09409
3.0932
3.09233
3.09148
3.09065
3.08986
3.08911
3.0884
3.08773
3.08711
3.08654
3.08603
3.08557
3.08517
3.08484
3.08456
3.08436
3.08422
3.08416
3.08417
3.08426
3.08443
3.08468
3.08502
3.08544
3.08596
3.08658
3.08729
3.0881
3.08902
3.09004
3.09116
3.09239
3.09372
3.09515
3.09668
3.0983
3.10002
3.10181
3.10369
3.10563
3.10763
3.10968
3.11177
3.11388
3.11601
3.11815
3.12027
3.12236
3.12441
3.12641
3.12834
3.13019
3.13193
3.13356
3.13506
3.13642
3.13761
3.13862
3.13945
3.14007
3.14047
3.14065
3.14058
3.14026
3.13968
3.13884
3.13772
3.13633
3.13466
3.13271
3.1305
3.12801
3.12527
3.12229
3.11907
3.11563
3.11199
3.10817
3.10419
3.10007
3.09584
3.09151
3.08712
3.08269
3.07823
3.07377
3.06934
3.06495
3.06061
3.05635
3.05217
3.04808
3.0441
3.04022
3.03645
3.0328
3.02925
3.0258
3.02246
3.0192
3.01603
3.01294
3.00992
3.00695
3.00402
3.00113
2.99827
2.99542
2.99258
2.98973
2.98687
2.984
2.98109
2.97816
2.97518
2.97217
2.96912
2.96602
2.96287
2.95968
2.95645
2.95317
2.94986
2.94652
2.94315
2.93975
2.93634
2.93292
2.9295
2.92609
2.92268
2.91931
2.91596
2.91265
2.90938
2.90618
2.90303
2.89996
2.89697
2.89407
2.89127
2.88857
2.88599
2.88354
2.88122
2.87904
2.87702
2.87515
2.87346
2.87195
2.87063
2.8695
2.86859
2.86788
2.8674
2.86714
2.86711
2.86732
2.86777
2.86845
2.86938
2.87053
2.87192
2.87354
2.87537
2.8774
2.87963
2.88203
2.8846
2.88731
2.89014
2.89308
2.8961
2.89918
2.9023
2.90544
2.90856
2.91166
2.9147
2.91767
2.92055
2.92331
2.92595
2.92843
2.93075
2.9329
2.93485
2.9366
2.93814
2.93946
2.94055
2.94141
2.94203
2.94242
2.94256
2.94247
2.94215
2.9416
2.94084
2.93987
2.93871
2.93738
2.93589
2.93427
2.93254
2.93072
2.92883
2.92692
2.92499
2.92309
2.92125
2.91948
2.91782
2.9163
2.91494
2.91377
2.91281
2.91207
2.91157
2.91134
2.91137
2.91169
2.9123
2.9132
2.91439
2.91588
2.91766
2.91972
2.92206
2.92468
2.92755
2.93067
2.93402
2.93759
2.94137
2.94534
2.94948
2.95377
2.95821
2.96276
2.96742
2.97217
2.97699
2.98187
2.98679
2.99173
2.99669
3.00164
3.00656
3.01146
3.0163
3.02108
3.02578
3.03039
3.03488
3.03925
3.04346
3.04752
3.0514
3.05508
3.05854
3.06178
3.06476
3.06749
3.06994
3.0721
3.07396
3.07551
3.07676
3.07768
3.07828
3.07857
3.07854
3.0782
3.07757
3.07664
3.07545
3.074
3.07231
3.0704
3.0683
3.06603
3.06361
3.06106
3.05842
3.0557
3.05294
3.05015
3.04737
3.0446
3.04188
3.03922
3.03664
3.03416
3.03179
3.02954
3.02742
3.02544
3.02361
3.02194
3.02041
3.01905
3.01784
3.01679
3.01589
3.01514
3.01453
3.01406
3.01373
3.01352
3.01343
3.01345
3.01356
3.01377
3.01406
3.01441
3.01483
3.0153
3.0158
3.01633
3.01689
3.01745
3.01801
3.01856
3.0191
3.01961
3.0201
3.02055
3.02095
3.02131
3.02163
3.02189
3.0221
3.02225
3.02235
3.0224
3.02239
3.02233
3.02222
3.02206
3.02185
3.02161
3.02132
3.02099
3.02063
3.02024
3.01982
3.01937
3.0189
3.01841
3.01791
3.01739
3.01686
3.01633
3.01579
3.01525
3.0147
3.01417
3.01363
3.01311
3.0126
3.0121
3.01162
3.01117
3.01073
3.01033
3.00995
3.00962
3.00932
3.00906
3.00885
3.00868
3.00858
3.00853
3.00854
3.00861
3.00875
3.00896
3.00925
3.0096
3.01003
3.01053
3.01111
3.01176
3.01248
3.01326
3.01411
3.01501
3.01597
3.01697
3.018
3.01907
3.02016
3.02126
3.02237
3.02347
3.02455
3.0256
3.02662
3.02759
3.0285
3.02935
3.03012
3.03081
3.0314
3.0319
3.03229
3.03256
3.03272
3.03276
3.03268
3.03247
3.03214
3.03168
3.03109
3.03039
3.02956
3.02863
3.02759
3.02644
3.02521
3.02389
3.02249
3.02103
3.01951
3.01795
3.01635
3.01472
3.01307
3.01143
3.00978
3.00814
3.00653
3.00494
3.00338
3.00187
3.00039
2.99897
2.9976
2.99628
2.99502
2.99381
2.99265
2.99155
2.9905
2.98951
2.98856
2.98765
2.98679
2.98596
2.98517
2.9844
2.98367
2.98295
2.98226
2.98158
2.98091
2.98025
2.9796
2.97896
2.97831
2.97767
2.97703
2.97639
2.97574
2.9751
2.97445
2.9738
2.97316
2.97252
2.97189
2.97126
2.97065
2.97005
2.96947
2.9689
2.96837
2.96786
2.96739
2.96696
2.96658
2.96624
2.96596
2.96574
2.96559
2.9655
2.9655
2.96557
2.96573
2.96598
2.96633
2.96677
2.96732
2.96796
2.9687
2.96955
2.97049
2.97153
2.97266
2.97387
2.97516
2.97652
2.97795
2.97942
2.98094
2.98248
2.98404
2.98561
2.98717
2.98871
2.99022
2.99168
2.99308
2.99442
2.99567
2.99683
2.99789
2.99884
2.99967
3.00038
3.00096
3.00141
3.00172
3.00189
3.00193
3.00184
3.00162
3.00127
3.00081
3.00024
2.99957
2.99882
2.99798
2.99709
2.99615
2.99517
2.99416
2.99314
2.99212
2.99111
2.99012
2.98916
2.98822
2.98732
2.98646
2.98563
2.98483
2.98407
2.98333
2.98261
2.98189
2.98118
2.98046
2.97973
2.97896
2.97815
2.9773
2.97639
2.97542
2.97437
2.97325
2.97205
2.97076
2.96939
2.96793
2.96638
2.96475
2.96303
2.96124
2.95937
2.95743
2.95543
2.95338
2.95128
2.94914
2.94697
2.94477
2.94256
2.94034
2.93812
2.93591
2.93372
2.93155
2.92941
2.92731
2.92525
2.92324
2.92129
2.91939
2.91756
2.9158
2.91412
2.9125
2.91096
2.9095
2.90812
2.90681
2.90558
2.90443
2.90336
2.90235
2.90142
2.90055
2.89975
2.89901
2.89832
2.89768
2.89709
2.89655
2.89604
2.89557
2.89514
2.89473
2.89435
2.89401
2.89368
2.89339
2.89313
2.8929
2.89271
2.89257
2.89247
2.89243
2.89245
2.89254
2.89271
2.89297
2.89333
2.89379
2.89437
2.89506
2.89588
2.89683
2.8979
2.8991
2.90043
2.90187
2.90342
2.90508
2.90682
2.90865
2.91053
2.91246
2.91442
2.9164
2.91836
2.9203
2.92221
2.92405
2.92581
2.92749
2.92906
2.93052
2.93184
2.93303
2.93408
2.93498
2.93572
2.93631
2.93674
2.93703
2.93716
2.93715
2.93701
2.93674
2.93636
2.93586
2.93527
2.9346
2.93386
2.93305
2.9322
2.93132
2.9304
2.92948
2.92855
2.92762
2.92671
2.92581
2.92493
2.92409
2.92327
2.92248
2.92172
2.92099
2.92029
2.91961
2.91896
2.91832
2.91769
2.91707
2.91646
2.91584
2.91522
2.91458
2.91393
2.91327
2.91259
2.91189
2.91118
2.91044
2.9097
2.90894
2.90817
2.9074
2.90664
2.90588
2.90514
2.90442
2.90373
2.90307
2.90246
2.90189
2.90138
2.90093
2.90055
2.90024
2.9
2.89985
2.89977
2.89978
2.89987
2.90005
2.90031
2.90066
2.9011
2.90162
2.90222
2.9029
2.90365
2.90448
2.90538
2.90635
2.90738
2.90847
2.90962
2.91082
2.91207
2.91337
2.91471
2.91608
2.9175
2.91894
2.92041
2.92191
2.92343
2.92498
2.92654
2.92812
2.92971
2.93133
2.93296
2.9346
2.93626
2.93795
2.93966
2.94139
2.94315
2.94495
2.94679
2.94868
2.95061
2.95261
2.95467
2.95681
2.95902
2.96132
2.96371
2.96619
2.96878
2.97147
2.97426
2.97716
2.98017
2.98328
2.9865
2.98981
2.99321
2.9967
3.00027
3.00391
3.0076
3.01134
3.01511
3.01891
3.02271
3.02651
3.0303
3.03405
3.03776
3.04141
3.04499
3.04849
3.0519
3.05521
3.0584
3.06148
3.06442
3.06723
3.06989
3.0724
3.07475
3.07694
3.07897
3.08082
3.0825
3.08401
3.08533
3.08647
3.08744
3.08821
3.08881
3.08923
3.08946
3.08952
3.08941
3.08913
3.08869
3.0881
3.08736
3.08649
3.08549
3.08438
3.08316
3.08186
3.08048
3.07903
3.07752
3.07597
3.07439
3.07277
3.07113
3.06946
3.06778
3.06607
3.06434
3.06258
3.0608
3.05898
3.05712
3.05522
3.05327
3.05128
3.04923
3.04714
3.04499
3.04281
3.04058
3.03831
3.03601
3.03369
3.03136
3.02901
3.02667
3.02432
3.02199
3.01967
3.01738
3.01511
3.01286
3.01063
3.00843
3.00626
3.0041
3.00195
2.99981
2.99768
2.99554
2.99338
2.9912
2.98899
2.98675
2.98446
2.98212
2.97971
2.97724
2.9747
2.97209
2.96939
2.96662
2.96376
2.96082
2.9578
2.9547
2.95152
2.94827
2.94495
2.94157
2.93814
2.93467
2.93115
2.92761
2.92405
2.92047
2.91688
2.9133
2.90973
2.90618
2.90264
2.89913
2.89564
2.89219
2.88876
2.88536
2.88199
2.87865
2.87533
2.87203
2.86875
2.86548
2.86223
2.859
2.85578
2.85258
2.8494
2.84626
2.84316
2.84011
2.83713
2.83423
2.83143
2.82876
2.82623
2.82386
2.82168
2.81972
2.818
2.81655
2.81538
2.81453
2.81401
2.81384
2.81404
2.81463
2.81561
2.817
2.81879
2.821
2.82362
2.82665
2.83008
2.83389
2.83807
2.84261
2.84749
2.85268
2.85817
2.86392
2.86991
2.87612
2.88251
2.88906
2.89573
2.90251
2.90935
2.91623
2.92313
2.93002
2.93687
2.94365
2.95035
2.95693
2.96339
2.96969
2.97583
2.98177
2.98752
2.99305
2.99835
3.00341
3.00822
3.01278
3.01707
3.02109
3.02484
3.02832
3.03152
3.03445
3.0371
3.03948
3.04159
3.04343
3.04502
3.04634
3.04741
3.04824
3.04883
3.04918
3.0493
3.04919
3.04887
3.04832
3.04757
3.04661
3.04545
3.04409
3.04253
3.04077
3.03882
3.03668
3.03436
3.03184
3.02914
3.02626
3.0232
3.01996
3.01655
3.01297
3.00923
3.00533
3.00129
2.9971
2.99279
2.98835
2.98381
2.97917
2.97445
2.96967
2.96484
2.95998
2.95511
2.95024
2.9454
2.94061
2.93589
2.93125
2.92673
2.92233
2.91809
2.91401
2.91013
2.90645
2.903
2.89979
2.89684
2.89416
2.89177
2.88966
2.88787
2.88638
2.8852
2.88435
2.88381
2.88358
2.88366
2.88405
2.88472
2.88568
2.88691
2.8884
2.89012
2.89206
2.89421
2.89654
2.89903
2.90167
2.90444
2.90731
2.91027
2.9133
2.91638
2.91949
2.92263
2.92578
2.92891
2.93203
2.93512
2.93816
2.94116
2.9441
2.94697
2.94977
2.9525
2.95514
2.9577
2.96016
2.96253
2.96481
2.96699
2.96907
2.97106
2.97294
2.97473
2.97642
2.97802
2.97952
2.98093
2.98225
2.98347
2.98462
2.98568
2.98665
2.98755
2.98837
2.98911
2.98978
2.99038
2.99091
2.99136
2.99176
2.99208
2.99234
2.99254
2.99268
2.99276
2.99278
2.99274
2.99265
2.99251
2.99232
2.99207
2.99178
2.99144
2.99105
2.99062
2.99014
2.98962
2.98905
2.98844
2.98778
2.98706
2.9863
2.98548
2.9846
2.98366
2.98266
2.98159
2.98045
2.97924
2.97794
2.97657
2.97511
2.97356
2.97193
2.9702
2.96839
2.96648
2.96449
2.96241
2.96025
2.95801
2.95569
2.95331
2.95087
2.94838
2.94585
2.94329
2.9407
2.93811
2.93553
2.93297
2.93044
2.92795
2.92553
2.92318
2.92092
2.91877
2.91673
2.91482
2.91305
2.91143
2.90997
2.90868
2.90757
2.90664
2.9059
2.90536
2.90501
2.90485
2.90489
2.90513
2.90556
2.90618
2.90699
2.90798
2.90915
2.91048
2.91198
2.91363
2.91543
2.91737
2.91944
2.92162
2.92392
2.92632
2.92881
2.93138
2.93402
2.93672
2.93947
2.94225
2.94507
2.94789
2.95072
2.95354
2.95634
2.95911
2.96183
2.9645
2.9671
2.96963
2.97206
2.9744
2.97662
2.97872
2.98069
2.98253
2.98421
2.98575
2.98712
2.98832
2.98936
2.99022
2.9909
2.99141
2.99174
2.99189
2.99186
2.99166
2.99129
2.99075
2.99006
2.98921
2.98822
2.98709
2.98583
2.98445
2.98297
2.98139
2.97972
2.97797
2.97616
2.97429
2.97237
2.97042
2.96845
2.96645
2.96445
2.96245
2.96045
2.95846
2.95648
2.95453
2.9526
2.95068
2.9488
2.94693
2.94509
2.94327
2.94146
2.93968
2.9379
2.93613
2.93438
2.93262
2.93087
2.92912
2.92737
2.92561
2.92386
2.92211
2.92037
2.91864
2.91692
2.91523
2.91356
2.91194
2.91036
2.90884
2.90739
2.90601
2.90473
2.90354
2.90247
2.90151
2.90068
2.89998
2.89942
2.899
2.89873
2.89861
2.89864
2.89882
2.89914
2.89961
2.90021
2.90094
2.90179
2.90275
2.90382
2.90498
2.90622
2.90755
2.90893
2.91037
2.91186
2.91338
2.91493
2.9165
2.91808
2.91967
2.92126
2.92285
2.92443
2.926
2.92756
2.9291
2.93063
2.93215
2.93366
2.93516
2.93664
2.93812
2.93959
2.94106
2.94253
2.94399
2.94545
2.94691
2.94838
2.94984
2.95131
2.95278
2.95424
2.95571
2.95717
2.95863
2.96008
2.96153
2.96297
2.9644
2.96582
2.96722
2.96861
2.96998
2.97134
2.97267
2.97398
2.97526
2.97652
2.97774
2.97894
2.98009
2.98121
2.98228
2.9833
2.98428
2.9852
2.98607
2.98687
2.98762
2.98831
2.98893
2.98949
2.98998
2.99041
2.99078
2.9911
2.99135
2.99156
2.99172
2.99184
2.99192
2.99197
2.99199
2.992
2.992
2.992
2.99199
2.99199
2.99201
2.99204
2.99209
2.99216
2.99225
2.99238
2.99253
2.9927
2.9929
2.99311
2.99335
2.99359
2.99384
2.9941
2.99435
2.99458
2.9948
2.99499
2.99515
2.99527
2.99534
2.99535
2.99531
2.99519
2.995
2.99474
2.99439
2.99395
2.99342
2.9928
2.99209
2.99128
2.99037
2.98938
2.98829
2.98711
2.98584
2.98449
2.98306
2.98156
2.97998
2.97834
2.97665
2.9749
2.97311
2.97127
2.96941
2.96752
2.96561
2.96369
2.96177
2.95984
2.95793
2.95603
2.95415
2.9523
2.95049
2.94871
2.94697
2.94529
2.94365
2.94207
2.94055
2.93908
2.93768
2.93633
2.93504
2.93382
2.93264
2.93152
2.93045
2.92942
2.92843
2.92748
2.92655
2.92564
2.92475
2.92386
2.92298
2.9221
2.92121
2.92032
2.9194
2.91847
2.91753
2.91656
2.91557
2.91457
2.91355
2.91251
2.91147
2.91043
2.90938
2.90834
2.90732
2.90632
2.90535
2.90442
2.90354
2.90271
2.90194
2.90125
2.90064
2.90011
2.89968
2.89935
2.89912
2.89901
2.89902
2.89914
2.89939
2.89976
2.90025
2.90087
2.90161
2.90246
2.90343
2.90451
2.90568
2.90695
2.90831
2.90974
2.91124
2.9128
2.9144
2.91603
2.91768
2.91935
2.92102
2.92268
2.92432
2.92593
2.9275
2.92903
2.93052
2.93194
2.93331
2.93462
2.93587
2.93705
2.93817
2.93923
2.94024
2.94119
2.94209
2.94293
2.94374
2.94451
2.94524
2.94593
2.9466
2.94724
2.94784
2.94843
2.94898
2.94951
2.95
2.95045
2.95087
2.95124
2.95156
2.95182
2.95201
2.95213
2.95217
2.95212
2.95196
2.95171
2.95134
2.95085
2.95023
2.94948
2.94859
2.94756
2.94638
2.94505
2.94358
2.94195
2.94016
2.93823
2.93614
2.9339
2.93151
2.92898
2.9263
2.92348
2.92052
2.91743
2.91422
2.91089
2.90745
2.9039
2.90026
2.89653
2.89274
2.88888
2.88499
2.88106
2.87714
2.87323
2.86935
2.86554
2.86182
2.85821
2.85474
2.85145
2.84836
2.8455
2.8429
2.84059
2.83858
2.83691
2.83559
2.83463
2.83405
2.83386
2.83406
2.83465
2.83562
2.83697
2.83867
2.84072
2.8431
2.84579
2.84875
2.85197
2.85542
2.85907
2.8629
2.86689
2.871
2.87522
2.87953
2.8839
2.88831
2.89276
2.89721
2.90167
2.90611
2.91053
2.91491
2.91925
2.92354
2.92777
2.93194
2.93603
2.94004
2.94397
2.94782
2.95156
2.95521
2.95875
2.96218
2.96549
2.96868
2.97175
2.97467
2.97746
2.98011
2.9826
2.98494
2.98711
2.98913
2.99097
2.99264
2.99413
2.99544
2.99657
2.99752
2.99828
2.99886
2.99925
2.99945
2.99947
2.99931
2.99897
2.99845
2.99776
2.9969
2.99588
2.9947
2.99337
2.9919
2.99029
2.98855
2.9867
2.98474
2.98267
2.98052
2.97829
2.97598
2.97362
2.97121
2.96875
2.96627
2.96376
2.96124
2.95872
2.95621
2.95371
2.95122
2.94877
2.94635
2.94396
2.94162
2.93932
2.93706
2.93486
2.9327
2.9306
2.92854
2.92654
2.92458
2.92267
2.92079
2.91896
2.91716
2.9154
2.91367
2.91196
2.91027
2.9086
2.90696
2.90532
2.9037
2.90209
2.90049
2.89891
2.89734
2.89578
2.89424
2.89273
2.89123
2.88977
2.88834
2.88695
2.8856
2.88431
2.88308
2.8819
2.8808
2.87978
2.87884
2.87798
2.87722
2.87655
2.87599
2.87553
2.87517
2.87491
2.87477
2.87472
2.87478
2.87494
2.87519
2.87554
2.87597
2.87648
2.87706
2.87771
2.87841
2.87917
2.87996
2.88078
2.88163
2.88249
2.88336
2.88423
2.88508
2.88592
2.88673
2.88751
2.88826
2.88896
2.88962
2.89024
2.89081
2.89134
2.89182
2.89226
2.89267
2.89304
2.89339
2.89372
2.89404
2.89437
2.89471
2.89509
2.89551
2.89599
2.89654
2.89719
2.89794
2.89882
2.89983
2.901
2.90234
2.90386
2.90557
2.90748
2.90959
2.91192
2.91446
2.91721
2.92017
2.92333
2.92668
2.93021
2.9339
2.93774
2.94171
2.94578
2.94994
2.95415
2.95841
2.96268
2.96693
2.97115
2.9753
2.97937
2.98334
2.98717
2.99084
2.99435
2.99767
3.00079
3.00369
3.00635
3.00877
3.01094
3.01284
3.01448
3.01584
3.01692
3.01772
3.01823
3.01847
3.01842
3.01808
3.01747
3.01658
3.01542
3.014
3.01231
3.01036
3.00817
3.00573
3.00306
3.00016
2.99705
2.99374
2.99023
2.98653
2.98267
2.97864
2.97447
2.97017
2.96574
2.96122
2.9566
2.9519
2.94714
2.94234
2.9375
2.93265
2.92779
2.92295
2.91813
2.91336
2.90864
2.90399
2.89942
2.89494
2.89057
2.88633
2.88222
2.87826
2.87446
2.87084
2.8674
2.86417
2.86115
2.85837
2.85582
2.85353
2.85151
2.84976
2.8483
2.84715
2.84629
2.84575
2.84552
2.8456
2.846
2.8467
2.84771
2.84901
2.85059
2.85243
2.85453
2.85686
2.8594
2.86213
2.86504
2.86809
2.87127
2.87455
2.87792
2.88134
2.88481
2.8883
2.8918
2.89528
2.89874
2.90216
2.90552
2.90881
2.91203
2.91516
2.91819
2.92111
2.92393
2.92663
2.9292
2.93164
2.93395
2.93612
2.93816
2.94005
2.94181
2.94342
2.94489
2.94623
2.94743
2.94851
2.94946
2.9503
2.95102
2.95163
2.95215
2.95257
2.95291
2.95317
2.95335
2.95347
2.95352
2.95351
2.95345
2.95333
2.95317
2.95296
2.9527
2.9524
2.95205
2.95167
2.95125
2.9508
2.95031
2.9498
2.94925
2.94868
2.9481
2.94749
2.94688
2.94625
2.94562
2.94499
2.94437
2.94375
2.94315
2.94257
2.94201
2.94148
2.94098
2.94052
2.94011
2.93975
2.93944
2.9392
2.93902
2.93892
2.93889
2.93896
2.93911
2.93937
2.93973
2.94019
2.94078
2.94148
2.94231
2.94327
2.94436
2.94559
2.94696
2.94846
2.9501
2.95189
2.95381
2.95587
2.95806
2.96039
2.96285
2.96543
2.96813
2.97095
2.97388
2.9769
2.98003
2.98324
2.98653
2.9899
2.99333
2.99682
3.00036
3.00394
3.00755
3.01119
3.01483
3.01849
3.02214
3.02578
3.02939
3.03297
3.03652
3.04001
3.04345
3.04681
3.0501
3.05331
3.05641
3.05941
3.0623
3.06506
3.06769
3.07018
3.07252
3.07471
3.07673
3.07858
3.08025
3.08173
3.08302
3.08412
3.08501
3.0857
3.08618
3.08644
3.08648
3.0863
3.0859
3.08528
3.08442
3.08334
3.08203
3.08049
3.07871
3.07671
3.07449
3.07204
3.06937
3.06648
3.06338
3.06007
3.05657
3.05288
3.04901
3.04498
3.0408
3.03649
3.03206
3.02753
3.02293
3.01828
3.0136
3.00891
3.00426
2.99965
2.99512
2.99071
2.98643
2.98231
2.97839
2.97468
2.97122
2.96802
2.9651
2.96248
2.96017
2.95819
2.95653
2.9552
2.95421
2.95354
2.95318
2.95313
2.95337
2.95388
2.95464
2.95563
2.95682
2.95818
2.9597
2.96133
2.96305
2.96482
2.96663
2.96845
2.97023
2.97197
2.97363
2.97519
2.97663
2.97793
2.97908
2.98007
2.98087
2.98149
2.98192
2.98215
2.98219
2.98203
2.98169
2.98116
2.98046
2.97959
2.97858
2.97743
2.97616
2.97479
2.97334
2.97182
2.97025
2.96865
2.96703
2.96542
2.96383
2.96228
2.96077
2.95932
2.95795
2.95665
2.95543
2.95431
2.95328
2.95234
2.95149
2.95073
2.95005
2.94946
2.94894
2.94848
2.94809
2.94774
2.94744
2.94717
2.94693
2.94671
2.94649
2.94628
2.94606
2.94583
2.94559
2.94534
2.94506
2.94476
2.94444
2.94409
2.94373
2.94335
2.94296
2.94256
2.94217
2.94178
2.9414
2.94105
2.94073
2.94045
2.94022
2.94005
2.93995
2.93993
2.94001
2.94018
2.94046
2.94086
2.94139
2.94205
2.94285
2.9438
2.94489
2.94615
2.94756
2.94914
2.95089
2.9528
2.95488
2.95713
2.95955
2.96214
2.96489
2.96781
2.97089
2.97413
2.97752
2.98106
2.98475
2.98859
2.99256
2.99666
3.00089
3.00524
3.0097
3.01426
3.01892
3.02367
3.02849
3.03338
3.03832
3.0433
3.04831
3.05332
3.05833
3.06331
3.06826
3.07315
3.07796
3.08267
3.08728
3.09175
3.09607
3.10022
3.10419
3.10795
3.1115
3.11483
3.11791
3.12074
3.12331
3.12561
3.12763
3.12938
3.13085
3.13204
3.13295
3.13359
3.13396
3.13406
3.13391
3.13352
3.1329
3.13206
3.13101
3.12978
3.12837
3.12681
3.1251
3.12327
3.12134
3.11931
3.1172
3.11504
3.11283
3.11058
3.10832
3.10604
3.10377
3.1015
3.09925
3.09702
3.09481
3.09263
3.09048
3.08836
3.08627
3.0842
3.08216
3.08015
3.07815
3.07617
3.0742
3.07224
3.07029
3.06834
3.06638
3.06442
3.06246
3.06048
3.0585
3.05651
3.05451
3.0525
3.05049
3.04848
3.04646
3.04446
3.04246
3.04048
3.03852
3.03659
3.03469
3.03283
3.03102
3.02925
3.02754
3.02589
3.02431
3.0228
3.02136
3.01999
3.0187
3.01749
3.01635
3.0153
3.01433
3.01343
3.01261
3.01186
3.01119
3.01058
3.01004
3.00956
3.00914
3.00877
3.00845
3.00817
3.00793
3.00771
3.00752
3.00734
3.00717
3.00699
3.0068
3.00659
3.00634
3.00605
3.0057
3.00529
3.0048
3.00422
3.00355
3.00277
3.00188
3.00087
2.99973
2.99847
2.99707
2.99554
2.99388
2.99209
2.99016
2.98811
2.98594
2.98366
2.98127
2.97877
2.97619
2.97352
2.97078
2.96797
2.9651
2.96218
2.95922
2.95623
2.95321
2.95017
2.94712
2.94406
2.94099
2.93793
2.93487
2.93182
2.92879
2.92578
2.92279
2.91983
2.91691
2.91403
2.9112
2.90843
2.90572
2.9031
2.90057
2.89815
2.89584
2.89366
2.89163
2.88976
2.88806
2.88656
2.88525
2.88416
2.8833
2.88267
2.88228
2.88213
2.88223
2.88258
2.88318
2.88402
2.88508
2.88637
2.88787
2.88957
2.89145
2.89349
2.89568
2.898
2.90042
2.90293
2.90551
2.90813
2.91078
2.91344
2.91607
2.91868
2.92122
2.9237
2.92608
2.92836
2.9305
2.93251
2.93436
2.93604
2.93754
2.93885
2.93995
2.94085
2.94152
2.94196
2.94218
2.94216
2.9419
2.9414
2.94067
2.93971
2.93851
2.9371
2.93546
2.93362
2.93159
2.92937
2.92699
2.92445
2.92178
2.91899
2.91611
2.91315
2.91014
2.90711
2.90407
2.90106
2.8981
2.89521
2.89242
2.88976
2.88725
2.88491
2.88278
2.88088
2.87922
2.87782
2.87671
2.87591
2.87541
2.87525
2.87542
2.87594
2.87682
2.87804
2.87962
2.88154
2.88381
2.88642
2.88936
2.8926
2.89615
2.89998
2.90408
2.90842
2.91299
2.91776
2.92271
2.92783
2.93308
2.93845
2.94392
2.94946
2.95506
2.9607
2.96636
2.97202
2.97768
2.98331
2.98892
2.99447
2.99998
3.00543
3.0108
3.01611
3.02133
3.02647
3.03152
3.03648
3.04134
3.0461
3.05076
3.0553
3.05974
3.06407
3.06827
3.07235
3.07631
3.08014
3.08383
3.08739
3.09081
3.09409
3.09722
3.10019
3.10302
3.10569
3.10821
3.11056
3.11275
3.11478
3.11665
3.11835
3.11988
3.12125
3.12245
3.12349
3.12437
3.12509
3.12564
3.12604
3.12629
3.12639
3.12635
3.12617
3.12585
3.1254
3.12483
3.12415
3.12335
3.12245
3.12146
3.12038
3.11923
3.118
3.11672
3.11538
3.114
3.11259
3.11116
3.10972
3.10827
3.10684
3.10543
3.10406
3.10272
3.10144
3.10023
3.09909
3.09804
3.09708
3.09623
3.09549
3.09488
3.09439
3.09405
3.09384
3.09379
3.09389
3.09415
3.09457
3.09516
3.09592
3.09685
3.09795
3.09922
3.10066
3.10228
3.10406
3.10602
3.10813
3.11041
3.11285
3.11544
3.11818
3.12107
3.12409
3.12725
3.13054
3.13395
3.13747
3.1411
3.14482
3.14864
3.15254
3.15651
3.16055
3.16464
3.16877
3.17294
3.17713
3.18133
3.18553
3.18972
3.19389
3.19802
3.20211
3.20613
3.21009
3.21396
3.21775
3.22142
3.22498
3.22842
3.23172
3.23487
3.23787
3.24071
3.24337
3.24586
3.24815
3.25025
3.25216
3.25385
3.25534
3.25661
3.25766
3.25849
3.25909
3.25947
3.25962
3.25954
3.25924
3.25871
3.25796
3.25699
3.2558
3.25441
3.25281
3.25102
3.24904
3.24688
3.24455
3.24207
3.23944
3.23667
3.23379
3.23081
3.22773
3.22458
3.22136
3.2181
3.21481
3.2115
3.20819
3.2049
3.20164
3.19842
3.19525
3.19216
3.18915
3.18623
3.18342
3.18073
3.17815
3.17571
3.17341
3.17125
3.16925
3.16739
3.16569
3.16415
3.16276
3.16153
3.16045
3.15951
3.15873
3.15808
3.15756
3.15716
3.15688
3.15671
3.15663
3.15663
3.15671
3.15684
3.15703
3.15725
3.15749
3.15774
3.158
3.15823
3.15844
3.1586
3.15872
3.15877
3.15875
3.15865
3.15845
3.15816
3.15776
3.15724
3.15661
3.15586
3.15498
3.15398
3.15285
3.1516
3.15022
3.14873
3.14711
3.14539
3.14356
3.14164
3.13963
3.13753
3.13537
3.13314
3.13086
3.12853
3.12617
3.12379
3.12139
3.11899
3.11659
3.11421
3.11185
3.10951
3.10722
3.10496
3.10276
3.10061
3.09852
3.09649
3.09454
3.09265
3.09085
3.08911
3.08746
3.08589
3.08439
3.08298
3.08165
3.08041
3.07924
3.07815
3.07715
3.07622
3.07536
3.07459
3.07388
3.07324
3.07268
3.07217
3.07174
3.07136
3.07104
3.07078
3.07058
3.07042
3.07031
3.07025
3.07023
3.07024
3.07029
3.07037
3.07048
3.07062
3.07077
3.07093
3.07111
3.07129
3.07147
3.07165
3.07182
3.07198
3.07213
3.07225
3.07235
3.07243
3.07248
3.0725
3.07249
3.07244
3.07237
3.07226
3.07212
3.07194
3.07174
3.07151
3.07126
3.07098
3.07068
3.07035
3.07001
3.06964
3.06926
3.06885
3.06842
3.06797
3.0675
3.067
3.06647
3.0659
3.0653
3.06465
3.06396
3.06321
3.06241
3.06155
3.06062
3.05962
3.05855
3.0574
3.05617
3.05486
3.05346
3.05198
3.05041
3.04876
3.04703
3.04521
3.04332
3.04135
3.03931
3.03721
3.03504
3.03282
3.03056
3.02825
3.02591
3.02355
3.02117
3.01877
3.01637
3.01398
3.01159
3.00923
3.00688
3.00457
3.0023
3.00006
2.99788
2.99575
2.99369
2.99168
2.98975
2.98789
2.98611
2.98441
2.98281
2.98129
2.97986
2.97854
2.97732
2.9762
2.97518
2.97427
2.97347
2.97278
2.97219
2.97172
2.97134
2.97108
2.97091
2.97084
2.97086
2.97098
2.97118
2.97146
2.97181
2.97224
2.97273
2.97329
2.9739
2.97456
2.97528
2.97605
2.97686
2.97773
2.97864
2.97961
2.98064
2.98172
2.98287
2.9841
2.98541
2.9868
2.9883
2.9899
2.99162
2.99348
2.99547
2.99761
2.99991
3.00239
3.00504
3.00789
3.01094
3.01419
3.01765
3.02134
3.02524
3.02938
3.03374
3.03832
3.04313
3.04817
3.05342
3.05889
3.06456
3.07043
3.07649
3.08271
3.0891
3.09564
3.10231
3.10909
3.11597
3.12292
3.12994
3.13699
3.14406
3.15113
3.15818
3.16518
3.17212
3.17897
3.18572
3.19234
3.19882
3.20514
3.21127
3.21722
3.22295
3.22846
3.23373
3.23875
3.2435
3.24798
3.25218
3.25609
3.2597
3.26301
3.266
3.26868
3.27104
3.27308
3.2748
3.27618
3.27724
3.27798
3.27838
3.27847
3.27823
3.27767
3.2768
3.27562
3.27413
3.27235
3.27028
3.26793
3.2653
3.26242
3.25928
3.25591
3.2523
3.24849
3.24447
3.24026
3.23588
3.23134
3.22666
3.22185
3.21692
3.21189
3.20677
3.20158
3.19634
3.19105
3.18573
3.1804
3.17507
3.16975
3.16446
3.1592
3.154
3.14887
3.14382
3.13886
3.134
3.12925
3.12463
3.12015
3.1158
3.11162
3.10759
3.10372
3.10002
3.0965
3.09315
3.08998
3.08697
3.08414
3.08147
3.07896
3.0766
3.07439
3.0723
3.07033
3.06847
3.0667
3.065
3.06337
3.06179
3.06024
3.05871
3.05718
3.05564
3.05407
3.05248
3.05083
3.04913
3.04737
3.04555
3.04365
3.04169
3.03965
3.03755
3.03538
3.03315
3.03087
3.02855
3.02619
3.02381
3.02142
3.01903
3.01665
3.01429
3.01197
3.00969
3.00748
3.00533
3.00326
3.00128
2.99939
2.99761
2.99593
2.99435
2.99289
2.99155
2.99031
2.98919
2.98817
2.98727
2.98646
2.98575
2.98513
2.9846
2.98415
2.98378
2.98348
2.98324
2.98305
2.98292
2.98284
2.9828
2.9828
2.98284
2.98291
2.98301
2.98313
2.98328
2.98346
2.98366
2.98389
2.98414
2.98442
2.98472
2.98505
2.98541
2.98581
2.98624
2.98671
2.98723
2.98779
2.9884
2.98906
2.98978
2.99056
2.9914
2.99231
2.99329
2.99433
2.99545
2.99665
2.99792
2.99927
3.00069
3.00218
3.00375
3.00539
3.0071
3.00887
3.0107
3.01259
3.01453
3.01651
3.01853
3.02058
3.02265
3.02473
3.02681
3.02888
3.03093
3.03295
3.03492
3.03683
3.03867
3.04042
3.04207
3.0436
3.04501
3.04626
3.04736
3.04829
3.04904
3.0496
3.04995
3.05008
3.05
3.0497
3.04916
3.0484
3.0474
3.04617
3.04472
3.04305
3.04116
3.03907
3.03678
3.03432
3.03168
3.02888
3.02595
3.02289
3.01973
3.01649
3.01318
3.00982
3.00644
3.00306
2.99969
2.99636
2.99309
2.9899
2.98681
2.98385
2.98103
2.97837
2.97589
2.97361
2.97154
2.9697
2.96809
2.96674
2.96564
2.96481
2.96425
2.96396
2.96395
2.96421
2.96474
2.96552
2.96657
2.96786
2.96939
2.97115
2.97311
2.97528
2.97763
2.98015
2.98283
2.98565
2.98859
2.99164
2.99477
2.99799
3.00126
3.00457
3.00792
3.01127
3.01462
3.01796
3.02126
3.02451
3.02771
