0.839606
0.839286
0.838833
0.838248
0.83753
0.836681
0.8357
0.834587
0.833343
0.831967
0.830461
0.828824
0.827057
0.82516
0.823134
0.820978
0.818694
0.816281
0.813741
0.811073
0.808279
0.805359
0.802313
0.799143
0.795848
0.79243
0.78889
0.785227
0.781444
0.777541
0.773519
0.76938
0.765123
0.76075
0.756263
0.751663
0.74695
0.742127
0.737195
0.732154
0.727008
0.721757
0.716402
0.710947
0.705392
0.69974
0.693992
0.688151
0.682218
0.676197
0.670088
0.663895
0.65762
0.651266
0.644834
0.638329
0.631753
0.625108
0.618397
0.611625
0.604793
0.597905
0.590965
0.583976
0.576941
0.569863
0.562748
0.555598
0.548417
0.54121
0.533979
0.52673
0.519467
0.512192
0.504912
0.49763
0.490351
0.483078
0.475817
0.468572
0.461347
0.454148
0.446978
0.439843
0.432747
0.425694
0.41869
0.411738
0.404844
0.398013
0.391247
0.384553
0.377935
0.371397
0.364943
0.358578
0.352306
0.346132
0.340058
0.334089
0.32823
0.322483
0.316852
0.311341
0.305954
0.300692
0.29556
0.290561
0.285696
0.280969
0.276383
0.271939
0.267639
0.263486
0.259481
0.255626
0.251922
0.248371
0.244973
0.241729
0.238641
0.235707
0.23293
0.230309
0.227843
0.225533
0.223378
0.221377
0.219531
0.217837
0.216295
0.214904
0.213661
0.212567
0.211618
0.210814
0.210152
0.209629
0.209245
0.208996
0.20888
0.208895
0.209038
0.209306
0.209697
0.210206
0.210833
0.211573
0.212423
0.213381
0.214442
0.215605
0.216865
0.218219
0.219664
0.221197
0.222813
0.224511
0.226285
0.228134
0.230053
0.232039
0.23409
0.2362
0.238368
0.240589
0.242862
0.245181
0.247544
0.249949
0.252391
0.254868
0.257376
0.259913
0.262476
0.265062
0.267667
0.27029
0.272928
0.275577
0.278236
0.280901
0.283571
0.286243
0.288914
0.291582
0.294246
0.296902
0.29955
0.302186
0.304809
0.307417
0.310009
0.312582
0.315134
0.317666
0.320174
0.322657
0.325114
0.327543
0.329944
0.332315
0.334655
0.336962
0.339237
0.341477
0.343682
0.345851
0.347983
0.350078
0.352134
0.354152
0.35613
0.358069
0.359967
0.361824
0.36364
0.365415
0.367148
0.368838
0.370487
0.372093
0.373657
0.375178
0.376656
0.378092
0.379485
0.380836
0.382145
0.383411
0.384635
0.385818
0.386959
0.388059
0.389118
0.390136
0.391114
0.392053
0.392951
0.393811
0.394632
0.395415
0.396161
0.396869
0.397541
0.398177
0.398778
0.399343
0.399875
0.400372
0.400837
0.401269
0.40167
0.40204
0.402379
0.402688
0.402968
0.40322
0.403444
0.403641
0.403812
0.403957
0.404078
0.404174
0.404246
0.404296
0.404324
0.404331
0.404316
0.404282
0.404229
0.404157
0.404068
0.403961
0.403838
0.4037
0.403546
0.403378
0.403196
0.403002
0.402795
0.402577
0.402347
0.402107
0.401858
0.401599
0.401333
0.401058
0.400776
0.400488
0.400194
0.399894
0.399589
0.399281
0.398969
0.398653
0.398336
0.398016
0.397694
0.397372
0.39705
0.396727
0.396406
0.396085
0.395766
0.395449
0.395134
0.394823
0.394515
0.394211
0.393911
0.393616
0.393326
0.393041
0.392763
0.392491
0.392226
0.391968
0.391717
0.391474
0.39124
0.391014
0.390797
0.39059
0.390392
0.390204
0.390026
0.389859
0.389703
0.389558
0.389424
0.389302
0.389193
0.389095
0.389011
0.388939
0.38888
0.388835
0.388803
0.388785
0.388781
0.388792
0.388817
0.388857
0.388911
0.388981
0.389067
0.389168
0.389284
0.389417
0.389565
0.389729
0.38991
0.390108
0.390321
0.390552
0.390799
0.391063
0.391344
0.391642
0.391956
0.392288
0.392637
0.393003
0.393386
0.393786
0.394203
0.394637
0.395087
0.395555
0.396039
0.39654
0.397057
0.397591
0.398141
0.398707
0.399289
0.399886
0.400499
0.401127
0.40177
0.402427
0.4031
0.403786
0.404486
0.405199
0.405926
0.406666
0.407418
0.408182
0.408957
0.409745
0.410543
0.411351
0.41217
0.412998
0.413835
0.414681
0.415535
0.416397
0.417266
0.418143
0.419025
0.419913
0.420806
0.421705
0.422607
0.423513
0.424423
0.425335
0.426249
0.427165
0.428082
0.429
0.429918
0.430835
0.431751
0.432666
0.433579
0.43449
0.435397
0.436301
0.4372
0.438096
0.438986
0.439871
0.440749
0.441622
0.442487
0.443345
0.444195
0.445037
0.44587
0.446694
0.447509
0.448313
0.449107
0.449891
0.450663
0.451424
0.452172
0.452909
0.453633
0.454344
0.455041
0.455725
0.456395
0.457051
0.457693
0.458319
0.458931
0.459527
0.460108
0.460673
0.461221
0.461754
0.46227
0.462769
0.463251
0.463717
0.464165
0.464595
0.465008
0.465403
0.465781
0.46614
0.466481
0.466804
0.467108
0.467394
0.467662
0.467911
0.468141
0.468353
0.468545
0.468719
0.468874
0.46901
0.469128
0.469226
0.469306
0.469366
0.469408
0.469431
0.469436
0.469421
0.469388
0.469336
0.469266
0.469178
0.469071
0.468946
0.468803
0.468642
0.468463
0.468267
0.468052
0.467821
0.467572
0.467307
0.467024
0.466725
0.466409
0.466077
0.465729
0.465365
0.464986
0.464591
0.464181
0.463756
0.463317
0.462863
0.462395
0.461913
0.461418
0.460909
0.460388
0.459853
0.459307
0.458748
0.458177
0.457595
0.457002
0.456398
0.455783
0.455158
0.454523
0.453879
0.453226
0.452563
0.451892
0.451213
0.450526
0.449832
0.44913
0.448422
0.447707
0.446987
0.44626
0.445528
0.444791
0.44405
0.443304
0.442554
0.441801
0.441045
0.440285
0.439524
0.43876
0.437995
0.437229
0.436461
0.435693
0.434925
0.434157
0.43339
0.432624
0.431859
0.431096
0.430335
0.429577
0.428822
0.42807
0.427322
0.426578
0.425838
0.425104
0.424374
0.423651
0.422933
0.422222
0.421518
0.420822
0.420133
0.419452
0.418779
0.418116
0.417462
0.416817
0.416183
0.415559
0.414946
0.414344
0.413754
0.413175
0.41261
0.412057
0.411517
0.410991
0.410478
0.40998
0.409496
0.409028
0.408575
0.408137
0.407715
0.40731
0.406922
0.40655
0.406195
0.405858
0.405539
0.405238
0.404956
0.404691
0.404446
0.40422
0.404013
0.403826
0.403658
0.40351
0.403382
0.403274
0.403187
0.403119
0.403073
0.403046
0.40304
0.403055
0.403091
0.403146
0.403223
0.40332
0.403437
0.403575
0.403733
0.403911
0.404108
0.404326
0.404563
0.404819
0.405095
0.405388
0.405701
0.406031
0.406379
0.406745
0.407127
0.407526
0.407942
0.408372
0.408818
0.409279
0.409753
0.410242
0.410743
0.411257
0.411782
0.412319
0.412867
0.413424
0.413991
0.414566
0.41515
0.415741
0.416338
0.416941
0.41755
0.418163
0.41878
0.4194
0.420023
0.420647
0.421273
0.421899
0.422524
0.423148
0.423771
0.424391
0.425008
0.425622
0.426231
0.426835
0.427434
0.428027
0.428613
0.429191
0.429762
0.430324
0.430878
0.431422
0.431957
0.432481
0.432994
0.433497
0.433988
0.434467
0.434933
0.435388
0.435829
0.436258
0.436673
0.437074
0.437462
0.437836
0.438195
0.438541
0.438871
0.439188
0.43949
0.439777
0.440049
0.440307
0.44055
0.440778
0.440991
0.44119
0.441375
0.441545
0.4417
0.441842
0.441969
0.442082
0.442182
0.442268
0.442341
0.4424
0.442447
0.442481
0.442502
0.442511
0.442508
0.442494
0.442468
0.442431
0.442384
0.442325
0.442257
0.442179
0.442091
0.441994
0.441888
0.441774
0.441651
0.441521
0.441382
0.441237
0.441085
0.440926
0.440761
0.44059
0.440413
0.440231
0.440044
0.439853
0.439657
0.439457
0.439254
0.439047
0.438837
0.438624
0.438409
0.438191
0.437971
0.437749
0.437526
0.437302
0.437077
0.436851
0.436624
0.436397
0.43617
0.435943
0.435716
0.43549
0.435264
0.435039
0.434816
0.434594
0.434373
0.434153
0.433936
0.43372
0.433507
0.433296
0.433087
0.432881
0.432678
0.432477
0.43228
0.432086
0.431895
0.431708
0.431524
0.431345
0.431169
0.430998
0.43083
0.430668
0.430509
0.430356
0.430208
0.430064
0.429926
0.429793
0.429666
0.429544
0.429429
0.429319
0.429215
0.429118
0.429027
0.428942
0.428865
0.428794
0.42873
0.428673
0.428623
0.428581
0.428546
0.428519
0.428499
0.428487
0.428483
0.428487
0.428499
0.428519
0.428548
0.428584
0.428629
0.428683
0.428744
0.428814
0.428893
0.42898
0.429076
0.42918
0.429292
0.429414
0.429543
0.429681
0.429827
0.429982
0.430145
0.430316
0.430495
0.430682
0.430877
0.43108
0.43129
0.431508
0.431733
0.431966
0.432206
0.432452
0.432706
0.432966
0.433232
0.433505
0.433783
0.434067
0.434357
0.434652
0.434952
0.435257
0.435566
0.43588
0.436198
0.436519
0.436843
0.437171
0.437501
0.437834
0.438169
0.438506
0.438844
0.439183
0.439524
0.439864
0.440204
0.440545
0.440884
0.441223
0.44156
0.441895
0.442228
0.442559
0.442886
0.44321
0.443531
0.443847
0.444159
0.444467
0.444768
0.445065
0.445355
0.445639
0.445916
0.446187
0.446449
0.446704
0.446951
0.447189
0.447419
0.447639
0.44785
0.448052
0.448243
0.448423
0.448593
0.448753
0.448901
0.449037
0.449162
0.449275
0.449376
0.449464
0.44954
0.449604
0.449654
0.449691
0.449716
0.449727
0.449724
0.449708
0.449679
0.449636
0.449579
0.449508
0.449424
0.449326
0.449214
0.449088
0.448948
0.448795
0.448628
0.448448
0.448254
0.448047
0.447826
0.447592
0.447345
0.447086
0.446813
0.446528
0.446231
0.445921
0.4456
0.445267
0.444922
0.444566
0.444199
0.443822
0.443433
0.443035
0.442627
0.442209
0.441782
0.441346
0.440901
0.440448
0.439987
0.439519
0.439043
0.43856
0.438071
0.437575
0.437074
0.436567
0.436055
0.435539
0.435018
0.434493
0.433965
0.433434
0.4329
0.432364
0.431826
0.431286
0.430746
0.430205
0.429663
0.429122
0.428581
0.428041
0.427503
0.426966
0.426432
0.4259
0.425371
0.424845
0.424323
0.423805
0.423292
0.422783
0.422279
0.421781
0.421289
0.420804
0.420324
0.419852
0.419387
0.41893
0.41848
0.418038
0.417605
0.417181
0.416766
0.41636
0.415964
0.415577
0.415201
0.414834
0.414479
0.414134
0.4138
0.413477
0.413165
0.412865
0.412577
0.4123
0.412035
0.411783
0.411543
0.411315
0.411099
0.410896
0.410706
0.410529
0.410364
0.410212
0.410073
0.409947
0.409834
0.409734
0.409648
0.409574
0.409513
0.409465
0.409431
0.409409
0.409401
0.409405
0.409422
0.409452
0.409495
0.40955
0.409618
0.409699
0.409791
0.409897
0.410014
0.410144
0.410285
0.410438
0.410603
0.41078
0.410968
0.411167
0.411377
0.411597
0.411829
0.412071
0.412323
0.412586
0.412858
0.41314
0.413431
0.413731
0.41404
0.414358
0.414685
0.415019
0.415362
0.415712
0.416069
0.416434
0.416805
0.417183
0.417567
0.417956
0.418352
0.418753
0.419158
0.419568
0.419983
0.420401
0.420824
0.421249
0.421678
0.422109
0.422542
0.422978
0.423415
0.423853
0.424292
0.424733
0.425173
0.425613
0.426053
0.426492
0.426931
0.427368
0.427803
0.428236
0.428667
0.429096
0.429521
0.429944
0.430363
0.430778
0.431189
0.431595
0.431998
0.432395
0.432787
0.433174
0.433556
0.433931
0.434301
0.434664
0.435021
0.435371
0.435715
0.436051
0.43638
0.436702
0.437017
0.437323
0.437622
0.437913
0.438196
0.438471
0.438738
0.438996
0.439246
0.439487
0.439719
0.439943
0.440157
0.440363
0.44056
0.440748
0.440926
0.441096
0.441256
0.441408
0.44155
0.441682
0.441806
0.44192
0.442025
0.44212
0.442206
0.442283
0.442351
0.442409
0.442458
0.442497
0.442528
0.442549
0.442562
0.442565
0.442559
0.442544
0.442521
0.442488
0.442447
0.442397
0.442339
0.442273
0.442198
0.442115
0.442024
0.441925
0.441819
0.441705
0.441583
0.441455
0.441319
0.441176
0.441027
0.440872
0.44071
0.440542
0.440368
0.440189
0.440004
0.439814
0.439619
0.43942
0.439216
0.439008
0.438795
0.43858
0.43836
0.438138
0.437912
0.437684
0.437453
0.43722
0.436984
0.436747
0.436508
0.436268
0.436027
0.435784
0.435541
0.435297
0.435052
0.434807
0.434562
0.434318
0.434073
0.433829
0.433585
0.433342
0.4331
0.432858
0.432618
0.432379
0.432141
0.431904
0.431669
0.431436
0.431204
0.430974
0.430746
0.43052
0.430296
0.430074
0.429854
0.429637
0.429422
0.42921
0.429
0.428793
0.428589
0.428387
0.428189
0.427994
0.427802
0.427613
0.427428
0.427247
0.427069
0.426895
0.426724
0.426558
0.426396
0.426238
0.426085
0.425936
0.425792
0.425653
0.425519
0.425389
0.425265
0.425147
0.425034
0.424927
0.424825
0.424729
0.42464
0.424557
0.42448
0.424409
0.424346
0.424289
0.424238
0.424195
0.424159
0.42413
0.424108
0.424093
0.424086
0.424086
0.424094
0.424109
0.424132
0.424163
0.424201
0.424247
0.424301
0.424362
0.424431
0.424508
0.424592
0.424684
0.424783
0.424889
0.425003
0.425124
0.425252
0.425387
0.425528
0.425677
0.425831
0.425992
0.426159
0.426332
0.426511
0.426695
0.426885
0.427079
0.427278
0.427482
0.427689
0.427901
0.428116
0.428335
0.428557
0.428781
0.429008
0.429237
0.429468
0.4297
0.429934
0.430168
0.430402
0.430637
0.430872
0.431106
0.43134
0.431572
0.431803
0.432032
0.432259
0.432484
0.432706
0.432925
0.433141
0.433353
0.433562
0.433766
0.433966
0.434162
0.434353
0.434538
0.434719
0.434894
0.435064
0.435228
0.435386
0.435539
0.435685
0.435825
0.435958
0.436085
0.436206
0.43632
0.436428
0.436529
0.436623
0.436711
0.436793
0.436868
0.436936
0.436998
0.437054
0.437104
0.437147
0.437185
0.437217
0.437243
0.437263
0.437278
0.437288
0.437293
0.437293
0.437288
0.437279
0.437266
0.437248
0.437227
0.437202
0.437173
0.437141
0.437107
0.437069
0.437029
0.436986
0.436942
0.436895
0.436846
0.436796
0.436744
0.436691
0.436637
0.436582
0.436526
0.436469
0.436412
0.436354
0.436296
0.436238
0.436179
0.43612
0.436062
0.436003
0.435944
0.435885
0.435826
0.435767
0.435709
0.43565
0.435591
0.435532
0.435474
0.435415
0.435356
0.435296
0.435237
0.435177
0.435117
0.435056
0.434995
0.434933
0.434871
0.434808
0.434744
0.43468
0.434614
0.434548
0.434481
0.434413
0.434344
0.434273
0.434202
0.43413
0.434056
0.433982
0.433906
0.433829
0.433751
0.433672
0.433591
0.43351
0.433428
0.433344
0.43326
0.433175
0.433089
0.433002
0.432914
0.432826
0.432737
0.432648
0.432558
0.432468
0.432378
0.432287
0.432197
0.432106
0.432016
0.431925
0.431835
0.431746
0.431657
0.431568
0.43148
0.431393
0.431306
0.431221
0.431136
0.431053
0.43097
0.430889
0.430809
0.430731
0.430654
0.430578
0.430505
0.430432
0.430362
0.430293
0.430226
0.430161
0.430097
0.430036
0.429976
0.429919
0.429863
0.42981
0.429758
0.429709
0.429662
0.429617
0.429573
0.429533
0.429494
0.429457
0.429422
0.42939
0.429359
0.429331
0.429305
0.429281
0.429259
0.429239
0.429221
0.429205
0.429192
0.42918
0.42917
0.429162
0.429157
0.429153
0.429151
0.429152
0.429154
0.429158
0.429165
0.429173
0.429183
0.429196
0.42921
0.429226
0.429245
0.429265
0.429288
0.429312
0.429339
0.429368
0.429399
0.429433
0.429469
0.429507
0.429547
0.42959
0.429635
0.429683
0.429733
0.429786
0.429842
0.429901
0.429962
0.430026
0.430093
0.430163
0.430236
0.430312
0.430391
0.430474
0.430559
0.430648
0.430741
0.430836
0.430936
0.431038
0.431145
0.431255
0.431368
0.431485
0.431606
0.431731
0.431859
0.43199
0.432126
0.432265
0.432407
0.432554
0.432703
0.432857
0.433013
0.433173
0.433337
0.433503
0.433673
0.433846
0.434022
0.4342
0.434381
0.434565
0.434751
0.43494
0.43513
0.435323
0.435517
0.435713
0.43591
0.436109
0.436308
0.436509
0.436709
0.436911
0.437112
0.437313
0.437514
0.437714
0.437914
0.438112
0.438309
0.438504
0.438698
0.438889
0.439078
0.439265
0.439449
0.439629
0.439806
0.43998
0.44015
0.440316
0.440477
0.440634
0.440786
0.440933
0.441075
0.441211
0.441342
0.441467
0.441586
0.441699
0.441806
0.441905
0.441999
0.442085
0.442164
0.442236
0.442301
0.442358
0.442408
0.442451
0.442485
0.442512
0.442531
0.442542
0.442545
0.44254
0.442527
0.442506
0.442477
0.44244
0.442394
0.442341
0.442279
0.44221
0.442132
0.442047
0.441954
0.441853
0.441744
0.441627
0.441503
0.441371
0.441232
0.441086
0.440932
0.440772
0.440604
0.44043
0.440249
0.440061
0.439867
0.439666
0.439459
0.439247
0.439028
0.438804
0.438574
0.438339
0.438098
0.437852
0.437602
0.437346
0.437086
0.436821
0.436552
0.436278
0.436001
0.435719
0.435434
0.435145
0.434852
0.434556
0.434257
0.433954
0.433648
0.433339
0.433028
0.432713
0.432396
0.432076
0.431754
0.43143
0.431103
0.430774
0.430443
0.430109
0.429774
0.429438
0.429099
0.428759
0.428417
0.428073
0.427728
0.427382
0.427035
0.426686
0.426336
0.425986
0.425634
0.425282
0.424928
0.424575
0.42422
0.423866
0.423511
0.423155
0.4228
0.422445
0.42209
0.421736
0.421382
0.421028
0.420676
0.420324
0.419973
0.419624
0.419276
0.41893
0.418585
0.418243
0.417902
0.417564
0.417229
0.416896
0.416567
0.41624
0.415917
0.415597
0.415281
0.41497
0.414662
0.414359
0.41406
0.413767
0.413478
0.413195
0.412917
0.412645
0.412378
0.412118
0.411864
0.411617
0.411376
0.411141
0.410914
0.410694
0.410481
0.410276
0.410078
0.409888
0.409706
0.409532
0.409366
0.409208
0.409059
0.408918
0.408785
0.408661
0.408545
0.408438
0.40834
0.408251
0.408171
0.408099
0.408036
0.407982
0.407937
0.407901
0.407874
0.407855
0.407846
0.407845
0.407853
0.40787
0.407895
0.407929
0.407972
0.408023
0.408083
0.408151
0.408228
0.408313
0.408407
0.408508
0.408618
0.408736
0.408862
0.408995
0.409137
0.409287
0.409444
0.409609
0.409782
0.409962
0.41015
0.410345
0.410548
0.410758
0.410975
0.4112
0.411431
0.41167
0.411916
0.412169
0.412429
0.412696
0.412969
0.41325
0.413537
0.413832
0.414133
0.41444
0.414755
0.415076
0.415403
0.415738
0.416078
0.416426
0.416779
0.41714
0.417506
0.417879
0.418258
0.418644
0.419035
0.419433
0.419837
0.420247
0.420663
0.421085
0.421513
0.421946
0.422385
0.42283
0.42328
0.423735
0.424196
0.424662
0.425133
0.425609
0.426089
0.426574
0.427064
0.427558
0.428056
0.428558
0.429064
0.429573
0.430086
0.430602
0.43112
0.431642
0.432166
0.432693
0.433221
0.433752
0.434284
0.434817
0.435351
0.435886
0.436421
0.436957
0.437492
0.438028
0.438562
0.439096
0.439628
0.440159
0.440687
0.441214
0.441738
0.442259
0.442778
0.443292
0.443803
0.44431
0.444813
0.445311
0.445803
0.446291
0.446773
0.447249
0.447719
0.448183
0.448639
0.449089
0.449531
0.449966
0.450393
0.450812
0.451223
0.451625
0.452018
0.452402
0.452777
0.453143
0.453499
0.453845
0.454181
0.454506
0.454822
0.455127
0.455421
0.455705
0.455977
0.456239
0.456489
0.456728
0.456956
0.457172
0.457377
0.45757
0.457752
0.457922
0.458081
0.458228
0.458363
0.458487
0.458599
0.4587
0.458788
0.458866
0.458932
0.458986
0.459029
0.459061
0.459081
0.459091
0.459089
0.459077
0.459053
0.45902
0.458975
0.45892
0.458855
0.458779
0.458694
0.458599
0.458494
0.458379
0.458255
0.458122
0.45798
0.457829
0.457669
0.457501
0.457324
0.457139
0.456947
0.456747
0.456539
0.456323
0.456101
0.455872
0.455636
0.455393
0.455144
0.454889
0.454628
0.454361
0.454089
0.453812
0.453529
0.453242
0.45295
0.452654
0.452353
0.452049
0.45174
0.451428
0.451113
0.450794
0.450473
0.450148
0.449822
0.449492
0.449161
0.448828
0.448493
0.448156
0.447818
0.447479
0.447139
0.446798
0.446456
0.446114
0.445771
0.445429
0.445086
0.444744
0.444402
0.444061
0.44372
0.44338
0.443041
0.442703
0.442366
0.44203
0.441696
0.441364
0.441032
0.440703
0.440376
0.44005
0.439726
0.439405
0.439085
0.438768
0.438453
0.43814
0.43783
0.437522
0.437216
0.436913
0.436612
0.436314
0.436018
0.435725
0.435434
0.435146
0.434861
0.434578
0.434298
0.434021
0.433746
0.433474
0.433204
0.432937
0.432673
0.432411
0.432152
0.431895
0.431641
0.43139
0.431142
0.430896
0.430652
0.430412
0.430174
0.429939
0.429707
0.429477
0.429251
0.429027
0.428806
0.428588
0.428373
0.428161
0.427952
0.427746
0.427543
0.427343
0.427147
0.426954
0.426765
0.426579
0.426397
0.426218
0.426043
0.425871
0.425704
0.42554
0.42538
0.425225
0.425073
0.424926
0.424783
0.424644
0.424509
0.424379
0.424254
0.424132
0.424016
0.423904
0.423797
0.423694
0.423596
0.423502
0.423413
0.423329
0.42325
0.423175
0.423105
0.42304
0.422979
0.422922
0.42287
0.422823
0.42278
0.422741
0.422707
0.422676
0.42265
0.422627
0.422609
0.422594
0.422583
0.422575
0.422571
0.422569
0.422571
0.422576
0.422584
0.422594
0.422607
0.422622
0.42264
0.422659
0.422681
0.422704
0.422729
0.422755
0.422782
0.422811
0.422841
0.422871
0.422902
0.422934
0.422966
0.422998
0.423031
0.423063
0.423096
0.423128
0.423159
0.423191
0.423221
0.423251
0.423281
0.423309
0.423336
0.423363
0.423388
0.423412
0.423435
0.423456
0.423476
0.423495
0.423512
0.423528
0.423542
0.423555
0.423566
0.423576
0.423584
0.423591
0.423596
0.423599
0.423601
0.423602
0.423601
0.423598
0.423594
0.423589
0.423582
0.423574
0.423565
0.423555
0.423543
0.42353
0.423516
0.423502
0.423486
0.423469
0.423451
0.423433
0.423414
0.423394
0.423374
0.423353
0.423332
0.42331
0.423288
0.423265
0.423243
0.42322
0.423197
0.423173
0.42315
0.423127
0.423104
0.423081
0.423058
0.423035
0.423012
0.422989
0.422967
0.422945
0.422923
0.422901
0.42288
0.422859
0.422838
0.422817
0.422797
0.422776
0.422756
0.422737
0.422717
0.422698
0.422678
0.422659
0.42264
0.422621
0.422602
0.422583
0.422564
0.422545
0.422525
0.422506
0.422486
0.422466
0.422446
0.422425
0.422404
0.422382
0.42236
0.422338
0.422315
0.422291
0.422267
0.422243
0.422217
0.422191
0.422165
0.422137
0.422109
0.42208
0.422051
0.422021
0.42199
0.421958
0.421926
0.421893
0.42186
0.421825
0.421791
0.421755
0.421719
0.421683
0.421646
0.421609
0.421572
0.421534
0.421496
0.421458
0.42142
0.421382
0.421344
0.421306
0.421268
0.421231
0.421194
0.421158
0.421122
0.421087
0.421052
0.421018
0.420986
0.420954
0.420923
0.420894
0.420865
0.420839
0.420813
0.420789
0.420767
0.420746
0.420727
0.42071
0.420695
0.420682
0.42067
0.420661
0.420654
0.42065
0.420647
0.420647
0.420649
0.420654
0.420661
0.42067
0.420682
0.420697
0.420714
0.420734
0.420757
0.420782
0.420809
0.42084
0.420873
0.420909
0.420947
0.420988
0.421032
0.421079
0.421128
0.42118
0.421235
0.421292
0.421352
0.421415
0.42148
0.421548
0.421619
0.421692
0.421768
0.421846
0.421927
0.422011
0.422097
0.422186
0.422277
0.42237
0.422467
0.422565
0.422666
0.42277
0.422876
0.422984
0.423095
0.423208
0.423323
0.423441
0.423561
0.423684
0.423809
0.423936
0.424066
0.424197
0.424331
0.424468
0.424606
0.424747
0.42489
0.425035
0.425183
0.425333
0.425484
0.425638
0.425794
0.425952
0.426113
0.426275
0.426439
0.426606
0.426774
0.426944
0.427116
0.42729
0.427466
0.427644
0.427824
0.428005
0.428188
0.428373
0.428559
0.428747
0.428937
0.429128
0.42932
0.429514
0.429709
0.429905
0.430103
0.430301
0.430501
0.430701
0.430903
0.431105
0.431308
0.431512
0.431716
0.431921
0.432126
0.432332
0.432537
0.432743
0.432949
0.433155
0.433361
0.433567
0.433772
0.433977
0.434181
0.434384
0.434587
0.434789
0.434991
0.435191
0.43539
0.435587
0.435784
0.435978
0.436171
0.436363
0.436552
0.43674
0.436926
0.437109
0.43729
0.437469
0.437645
0.437818
0.437989
0.438157
0.438322
0.438483
0.438642
0.438797
0.438949
0.439097
0.439242
0.439383
0.43952
0.439653
0.439782
0.439907
0.440027
0.440143
0.440255
0.440362
0.440464
0.440562
0.440655
0.440742
0.440825
0.440903
0.440975
0.441042
0.441104
0.441161
0.441212
0.441257
0.441297
0.441331
0.44136
0.441382
0.441399
0.44141
0.441416
0.441415
0.441408
0.441395
0.441377
0.441352
0.441321
0.441284
0.441242
0.441193
0.441138
0.441077
0.44101
0.440937
0.440858
0.440773
0.440682
0.440586
0.440483
0.440375
0.440261
0.440142
0.440017
0.439887
0.439751
0.43961
0.439464
0.439313
0.439157
0.438996
0.43883
0.43866
0.438485
0.438306
0.438123
0.437937
0.437746
0.437552
0.437354
0.437153
0.436949
0.436742
0.436533
0.436321
0.436107
0.435891
0.435673
0.435453
0.435232
0.43501
0.434787
0.434564
0.43434
0.434116
0.433892
0.433668
0.433445
0.433223
0.433002
0.432782
0.432563
0.432347
0.432133
0.43192
0.431711
0.431504
0.4313
0.431099
0.430902
0.430709
0.430519
0.430333
0.430152
0.429975
0.429802
0.429635
0.429472
0.429314
0.429162
0.429015
0.428873
0.428737
0.428607
0.428483
0.428364
0.428252
0.428145
0.428044
0.42795
0.427862
0.427779
0.427703
0.427633
0.427569
0.427512
0.42746
0.427414
0.427374
0.42734
0.427311
0.427288
0.427271
0.427259
0.427252
0.42725
0.427254
0.427262
0.427275
0.427292
0.427314
0.427339
0.427369
0.427402
0.427439
0.42748
0.427523
0.42757
0.427619
0.42767
0.427724
0.42778
0.427838
0.427898
0.427958
0.42802
0.428083
0.428147
0.428212
0.428276
0.428341
0.428406
0.428471
0.428535
0.428598
0.428661
0.428723
0.428783
0.428842
0.4289
0.428956
0.429011
0.429063
0.429114
0.429162
0.429209
0.429252
0.429294
0.429333
0.42937
0.429404
0.429435
0.429463
0.429489
0.429512
0.429533
0.42955
0.429565
0.429577
0.429586
0.429593
0.429596
0.429598
0.429597
0.429593
0.429587
0.429578
0.429568
0.429555
0.42954
0.429523
0.429505
0.429485
0.429463
0.42944
0.429416
0.429391
0.429365
0.429338
0.42931
0.429282
0.429254
0.429226
0.429198
0.42917
0.429143
0.429116
0.429091
0.429066
0.429043
0.429022
0.429002
0.428984
0.428968
0.428955
0.428944
0.428936
0.428931
0.428929
0.42893
0.428935
0.428943
0.428956
0.428973
0.428994
0.429019
0.429049
0.429084
0.429124
0.429169
0.429219
0.429275
0.429336
0.429403
0.429476
0.429554
0.429639
0.42973
0.429826
0.429929
0.430039
0.430154
0.430276
0.430404
0.430539
0.43068
0.430827
0.430981
0.431141
0.431307
0.431479
0.431657
0.431842
0.432032
0.432228
0.43243
0.432637
0.43285
0.433068
0.433291
0.433519
0.433752
0.433989
0.434231
0.434476
0.434726
0.434979
0.435236
0.435495
0.435758
0.436023
0.436291
0.43656
0.436832
0.437105
0.437379
0.437655
0.437931
0.438207
0.438484
0.43876
0.439036
0.439311
0.439585
0.439857
0.440128
0.440396
0.440663
0.440926
0.441187
0.441445
0.441699
0.441949
0.442195
0.442437
0.442674
0.442907
0.443134
0.443355
0.443571
0.443781
0.443985
0.444182
0.444372
0.444556
0.444732
0.444901
0.445062
0.445215
0.44536
0.445497
0.445626
0.445746
0.445857
0.445959
0.446052
0.446136
0.44621
0.446275
0.44633
0.446375
0.44641
0.446435
0.44645
0.446455
0.44645
0.446434
0.446407
0.44637
0.446323
0.446265
0.446196
0.446116
0.446026
0.445925
0.445813
0.44569
0.445557
0.445413
0.445258
0.445093
0.444917
0.44473
0.444533
0.444325
0.444108
0.443879
0.443641
0.443392
0.443134
0.442865
0.442587
0.442299
0.442001
0.441694
0.441378
0.441052
0.440717
0.440374
0.440022
0.439661
0.439292
0.438915
0.438529
0.438136
0.437735
0.437327
0.436911
0.436489
0.436059
0.435623
0.43518
0.434732
0.434277
0.433816
0.43335
0.432879
0.432403
0.431922
0.431436
0.430946
0.430452
0.429954
0.429452
0.428948
0.42844
0.42793
0.427417
0.426902
0.426385
0.425867
0.425347
0.424826
0.424305
0.423783
0.423261
0.422739
0.422218
0.421698
0.421178
0.42066
0.420144
0.41963
0.419118
0.418609
0.418103
0.4176
0.4171
0.416605
0.416114
0.415628
0.415147
0.41467
0.4142
0.413735
0.413277
0.412825
0.412379
0.411941
0.411511
0.411088
0.410673
0.410266
0.409868
0.409479
0.409098
0.408728
0.408366
0.408015
0.407674
0.407343
0.407023
0.406713
0.406414
0.406127
0.40585
0.405586
0.405332
0.405091
0.404861
0.404644
0.404438
0.404244
0.404063
0.403894
0.403738
0.403593
0.403461
0.403342
0.403235
0.40314
0.403057
0.402987
0.402929
0.402883
0.40285
0.402828
0.402818
0.40282
0.402834
0.402859
0.402896
0.402944
0.403003
0.403074
0.403155
0.403246
0.403348
0.403461
0.403583
0.403715
0.403857
0.404009
0.40417
0.40434
0.404519
0.404706
0.404902
0.405106
0.405318
0.405539
0.405766
0.406001
0.406243
0.406492
0.406748
0.407011
0.407279
0.407554
0.407835
0.408121
0.408413
0.40871
0.409013
0.40932
0.409632
0.409948
0.410269
0.410594
0.410923
0.411256
0.411593
0.411933
0.412276
0.412622
0.412972
0.413324
0.413679
0.414036
0.414396
0.414758
0.415122
0.415487
0.415855
0.416224
0.416595
0.416967
0.41734
0.417715
0.41809
0.418466
0.418843
0.41922
0.419598
0.419976
0.420354
0.420732
0.42111
0.421487
0.421864
0.422241
0.422617
0.422993
0.423367
0.423741
0.424113
0.424484
0.424854
0.425222
0.425589
0.425954
0.426317
0.426678
0.427037
0.427394
0.427748
0.428101
0.428451
0.428798
0.429142
0.429484
0.429823
0.430159
0.430492
0.430821
0.431148
0.431471
0.431791
0.432107
0.43242
0.43273
0.433035
0.433337
0.433636
0.43393
0.434221
0.434508
0.434791
0.43507
0.435345
0.435616
0.435883
0.436146
0.436405
0.43666
0.436911
0.437158
0.437401
0.437639
0.437874
0.438105
0.438331
0.438554
0.438773
0.438988
0.439198
0.439405
0.439608
0.439807
0.440002
0.440194
0.440382
0.440565
0.440746
0.440922
0.441095
0.441264
0.44143
0.441592
0.44175
0.441905
0.442056
0.442204
0.442349
0.44249
0.442628
0.442762
0.442893
0.443021
0.443146
0.443267
0.443385
0.443499
0.44361
0.443719
0.443823
0.443925
0.444023
0.444119
0.444211
0.444299
0.444385
0.444467
0.444546
0.444622
0.444694
0.444763
0.444829
0.444892
0.444951
0.445007
0.445059
0.445109
0.445154
0.445197
0.445236
0.445271
0.445303
0.445332
0.445357
0.445378
0.445396
0.445411
0.445422
0.445429
0.445432
0.445432
0.445429
0.445421
0.44541
0.445396
0.445377
0.445355
0.44533
0.4453
0.445267
0.44523
0.44519
0.445146
0.445098
0.445046
0.444991
0.444932
0.44487
0.444804
0.444734
0.444661
0.444584
0.444504
0.44442
0.444333
0.444242
0.444148
0.44405
0.443949
0.443845
0.443738
0.443627
0.443513
0.443397
0.443277
0.443154
0.443029
0.4429
0.442769
0.442635
0.442499
0.44236
0.442218
0.442074
0.441928
0.44178
0.44163
0.441478
0.441323
0.441167
0.44101
0.440851
0.44069
0.440528
0.440365
0.440201
0.440036
0.43987
0.439703
0.439536
0.439369
0.439201
0.439033
0.438865
0.438697
0.43853
0.438363
0.438197
0.438032
0.437867
0.437704
0.437542
0.437382
0.437223
0.437066
0.436911
0.436759
0.436608
0.436461
0.436315
0.436173
0.436034
0.435899
0.435766
0.435638
0.435513
0.435392
0.435275
0.435163
0.435055
0.434952
0.434853
0.43476
0.434671
0.434588
0.434511
0.434439
0.434372
0.434312
0.434257
0.434209
0.434167
0.434131
0.434101
0.434078
0.434062
0.434052
0.434049
0.434053
0.434063
0.434081
0.434105
0.434136
0.434174
0.434219
0.434271
0.434329
0.434395
0.434467
0.434545
0.434631
0.434722
0.434821
0.434925
0.435036
0.435152
0.435275
0.435403
0.435537
0.435676
0.43582
0.435969
0.436123
0.436281
0.436443
0.436609
0.436779
0.436952
0.437129
0.437308
0.43749
0.437674
0.437859
0.438047
0.438235
0.438425
0.438615
0.438805
0.438995
0.439184
0.439373
0.43956
0.439746
0.439929
0.440111
0.44029
0.440466
0.440639
0.440808
0.440973
0.441133
0.441289
0.441441
0.441586
0.441727
0.441861
0.441989
0.442111
0.442226
0.442334
0.442435
0.442528
0.442614
0.442692
0.442762
0.442824
0.442877
0.442922
0.442958
0.442985
0.443003
0.443012
0.443013
0.443003
0.442985
0.442957
0.44292
0.442874
0.442818
0.442753
0.442679
0.442595
0.442502
0.4424
0.442289
0.442168
0.442039
0.441901
0.441754
0.441599
0.441435
0.441263
0.441082
0.440894
0.440698
0.440494
0.440283
0.440064
0.439838
0.439606
0.439367
0.439121
0.438869
0.438611
0.438347
0.438078
0.437803
0.437523
0.437238
0.436949
0.436655
0.436357
0.436056
0.43575
0.435441
0.435129
0.434814
0.434497
0.434177
0.433854
0.43353
0.433204
0.432877
0.432548
0.432218
0.431888
0.431557
0.431226
0.430894
0.430563
0.430232
0.429902
0.429572
0.429244
0.428917
0.428591
0.428267
0.427945
0.427624
0.427307
0.426991
0.426679
0.426369
0.426062
0.425759
0.425459
0.425163
0.424871
0.424582
0.424298
0.424018
0.423743
0.423472
0.423206
0.422945
0.422689
0.422439
0.422194
0.421954
0.42172
0.421492
0.42127
0.421054
0.420844
0.420641
0.420443
0.420253
0.420069
0.419891
0.41972
0.419556
0.419399
0.419249
0.419106
0.418971
0.418842
0.41872
0.418606
0.418498
0.418398
0.418306
0.418221
0.418143
0.418072
0.418008
0.417952
0.417904
0.417862
0.417828
0.417801
0.417781
0.417768
0.417763
0.417764
0.417773
0.417788
0.417811
0.41784
0.417876
0.417918
0.417968
0.418023
0.418085
0.418154
0.418228
0.418309
0.418396
0.418489
0.418587
0.418691
0.418801
0.418916
0.419036
0.419162
0.419292
0.419428
0.419568
0.419713
0.419862
0.420016
0.420174
0.420336
0.420502
0.420671
0.420844
0.421021
0.4212
0.421383
0.421569
0.421757
0.421948
0.422142
0.422338
0.422536
0.422736
0.422937
0.423141
0.423346
0.423552
0.423759
0.423967
0.424176
0.424386
0.424596
0.424807
0.425017
0.425228
0.425439
0.42565
0.42586
0.426069
0.426278
0.426486
0.426693
0.426899
0.427104
0.427308
0.42751
0.427711
0.42791
0.428107
0.428302
0.428495
0.428687
0.428876
0.429062
0.429247
0.429428
0.429608
0.429784
0.429958
0.430129
0.430298
0.430463
0.430625
0.430784
0.43094
0.431093
0.431243
0.431389
0.431532
0.431671
0.431807
0.431939
0.432068
0.432193
0.432315
0.432432
0.432546
0.432656
0.432763
0.432865
0.432963
0.433058
0.433148
0.433235
0.433317
0.433396
0.43347
0.43354
0.433606
0.433668
0.433726
0.433779
0.433829
0.433874
0.433915
0.433952
0.433984
0.434013
0.434037
0.434057
0.434072
0.434084
0.434091
0.434094
0.434093
0.434088
0.434079
0.434066
0.434049
0.434027
0.434002
0.433973
0.43394
0.433903
0.433862
0.433818
0.433769
0.433718
0.433662
0.433603
0.433541
0.433475
0.433406
0.433333
0.433258
0.433179
0.433097
0.433013
0.432925
0.432835
0.432742
0.432646
0.432548
0.432447
0.432344
0.432239
0.432132
0.432022
0.431911
0.431798
0.431683
0.431567
0.431449
0.43133
0.431209
0.431088
0.430965
0.430842
0.430717
0.430592
0.430467
0.430341
0.430215
0.430089
0.429963
0.429837
0.429711
0.429586
0.429462
0.429338
0.429214
0.429092
0.428971
0.428851
0.428733
0.428616
0.428501
0.428387
0.428276
0.428167
0.428059
0.427954
0.427852
0.427752
0.427655
0.427561
0.42747
0.427382
0.427297
0.427215
0.427137
0.427062
0.426991
0.426924
0.426861
0.426801
0.426746
0.426695
0.426648
0.426605
0.426567
0.426533
0.426503
0.426478
0.426458
0.426442
0.42643
0.426424
0.426422
0.426424
0.426431
0.426443
0.42646
0.426481
0.426507
0.426537
0.426572
0.426611
0.426655
0.426703
0.426756
0.426813
0.426874
0.426939
0.427008
0.427081
0.427158
0.427238
0.427322
0.42741
0.427501
0.427595
0.427692
0.427793
0.427896
0.428002
0.42811
0.428222
0.428335
0.428451
0.428568
0.428688
0.428809
0.428932
0.429057
0.429183
0.42931
0.429438
0.429567
0.429696
0.429827
0.429957
0.430089
0.43022
0.430351
0.430482
0.430613
0.430743
0.430873
0.431003
0.431131
0.431258
0.431385
0.43151
0.431634
0.431756
0.431877
0.431996
0.432113
0.432228
0.432341
0.432452
0.432561
0.432667
0.43277
0.432871
0.432969
0.433064
0.433156
0.433245
0.433331
0.433414
0.433493
0.433569
0.433641
0.43371
0.433775
0.433836
0.433893
0.433946
0.433995
0.43404
0.434081
0.434117
0.43415
0.434177
0.434201
0.43422
0.434234
0.434244
0.434249
0.43425
0.434246
0.434237
0.434223
0.434204
0.434181
0.434153
0.43412
0.434082
0.434039
0.433991
0.433939
0.433881
0.433819
0.433752
0.43368
0.433603
0.433521
0.433435
0.433344
0.433248
0.433148
0.433043
0.432933
0.432819
0.432701
0.432578
0.432451
0.43232
0.432184
0.432044
0.431901
0.431753
0.431602
0.431447
0.431288
0.431126
0.43096
0.430791
0.430619
0.430444
0.430265
0.430084
0.4299
0.429714
0.429525
0.429334
0.42914
0.428945
0.428747
0.428548
0.428347
0.428144
0.42794
0.427734
0.427528
0.42732
0.427112
0.426903
0.426693
0.426483
0.426273
0.426062
0.425851
0.425641
0.42543
0.42522
0.42501
0.424801
0.424593
0.424385
0.424179
0.423973
0.423769
0.423565
0.423364
0.423163
0.422964
0.422767
0.422572
0.422379
0.422187
0.421998
0.42181
0.421625
0.421442
0.421262
0.421084
0.420908
0.420735
0.420565
0.420397
0.420233
0.420071
0.419912
0.419756
0.419603
0.419454
0.419307
0.419164
0.419025
0.418888
0.418756
0.418627
0.418501
0.41838
0.418262
0.418149
0.418039
0.417934
0.417832
0.417735
0.417643
0.417555
0.417472
0.417393
0.41732
0.417251
0.417187
0.417129
0.417076
0.417028
0.416986
0.41695
0.416919
0.416895
0.416876
0.416864
0.416858
0.416858
0.416865
0.416879
0.416899
0.416927
0.416961
0.417002
0.417051
0.417107
0.417171
0.417241
0.41732
0.417406
0.4175
0.417602
0.417711
0.417829
0.417954
0.418087
0.418229
0.418378
0.418535
0.418701
0.418874
0.419055
0.419245
0.419442
0.419647
0.41986
0.420081
0.42031
0.420546
0.420789
0.42104
0.421298
0.421564
0.421836
0.422116
0.422402
0.422694
0.422994
0.423299
0.42361
0.423928
0.424251
0.42458
0.424913
0.425252
0.425596
0.425945
0.426297
0.426654
0.427015
0.42738
0.427748
0.42812
0.428494
0.428871
0.429251
0.429633
0.430017
0.430402
0.430789
0.431177
0.431566
0.431956
0.432346
0.432737
0.433127
0.433517
0.433907
0.434296
0.434684
0.43507
0.435455
0.435838
0.436219
0.436599
0.436975
0.437349
0.437721
0.438089
0.438454
0.438815
0.439173
0.439527
0.439878
0.440224
0.440565
0.440903
0.441235
0.441563
0.441886
0.442204
0.442517
0.442824
0.443126
0.443423
0.443714
0.443999
0.444278
0.444551
0.444818
0.445079
0.445334
0.445582
0.445824
0.44606
0.446289
0.446511
0.446727
0.446936
0.447139
0.447334
0.447523
0.447705
0.447881
0.448049
0.44821
0.448365
0.448512
0.448652
0.448785
0.448912
0.449031
0.449143
0.449248
0.449345
0.449436
0.449519
0.449595
0.449665
0.449726
0.449781
0.449829
0.449869
0.449902
0.449928
0.449947
0.449959
0.449963
0.44996
0.44995
0.449933
0.449909
0.449878
0.449839
0.449793
0.44974
0.44968
0.449613
0.449539
0.449457
0.449369
0.449274
0.449171
0.449062
0.448945
0.448821
0.448691
0.448554
0.448409
0.448258
0.4481
0.447936
0.447764
0.447586
0.447401
0.44721
0.447011
0.446807
0.446596
0.446378
0.446154
0.445924
0.445687
0.445445
0.445196
0.444941
0.44468
0.444413
0.444141
0.443863
0.443579
0.443289
0.442994
0.442694
0.442388
0.442077
0.441761
0.441441
0.441115
0.440784
0.440449
0.440109
0.439765
0.439417
0.439064
0.438708
0.438347
0.437983
0.437615
0.437243
0.436868
0.43649
0.436109
0.435725
0.435338
0.434948
0.434556
0.434161
0.433764
0.433365
0.432964
0.432561
0.432156
0.43175
0.431342
0.430934
0.430524
0.430112
0.429701
0.429288
0.428875
0.428462
0.428048
0.427634
0.42722
0.426806
0.426393
0.425979
0.425567
0.425155
0.424744
0.424334
0.423925
0.423517
0.423111
0.422706
0.422303
0.421902
0.421502
0.421105
0.420709
0.420316
0.419926
0.419538
0.419153
0.41877
0.418391
0.418014
0.417641
0.417272
0.416906
0.416543
0.416185
0.41583
0.41548
0.415134
0.414792
0.414455
0.414123
0.413796
0.413474
0.413157
0.412845
0.412539
0.412239
0.411945
0.411657
0.411376
0.411101
0.410832
0.410571
0.410317
0.41007
0.40983
0.409598
0.409374
0.409158
0.40895
0.408751
0.408561
0.408379
0.408207
0.408044
0.40789
0.407747
0.407613
0.407489
0.407376
0.407273
0.407181
0.4071
0.40703
0.406972
0.406925
0.40689
0.406867
0.406855
0.406857
0.40687
0.406896
0.406935
0.406987
0.407052
0.40713
0.407221
0.407325
0.407443
0.407575
0.40772
0.407879
0.408052
0.408238
0.408438
0.408653
0.40888
0.409122
0.409378
0.409647
0.40993
0.410226
0.410536
0.410859
0.411196
0.411546
0.411909
0.412284
0.412673
0.413073
0.413486
0.413911
0.414348
0.414797
0.415256
0.415726
0.416208
0.416699
0.4172
0.417712
0.418232
0.418761
0.419299
0.419845
0.420399
0.420961
0.421529
0.422104
0.422685
0.423272
0.423864
0.424461
0.425062
0.425668
0.426277
0.426888
0.427503
0.42812
0.428738
0.429358
0.429979
0.430599
0.43122
0.431841
0.43246
0.433078
0.433694
0.434308
0.43492
0.435528
0.436133
0.436734
0.437331
0.437924
0.438511
0.439093
0.43967
0.44024
0.440804
0.441361
0.441912
0.442455
0.44299
0.443518
0.444037
0.444548
0.44505
0.445543
0.446027
0.446502
0.446967
0.447422
0.447867
0.448301
0.448726
0.449139
0.449542
0.449933
0.450314
0.450683
0.451041
0.451387
0.451722
0.452045
0.452356
0.452654
0.452941
0.453216
0.453478
0.453728
0.453966
0.454191
0.454404
0.454604
0.454792
0.454967
0.455129
0.455279
0.455416
0.45554
0.455651
0.45575
0.455836
0.45591
0.45597
0.456018
0.456053
0.456076
0.456086
0.456084
0.456069
0.456041
0.456001
0.455949
0.455884
0.455807
0.455718
0.455617
0.455504
0.455379
0.455242
0.455093
0.454932
0.45476
0.454577
0.454382
0.454176
0.45396
0.453732
0.453493
0.453244
0.452984
0.452714
0.452434
0.452144
0.451844
0.451535
0.451216
0.450888
0.450552
0.450206
0.449852
0.449489
0.449119
0.44874
0.448354
0.447961
0.447561
0.447154
0.44674
0.44632
0.445894
0.445463
0.445026
0.444584
0.444138
0.443687
0.443231
0.442772
0.44231
0.441844
0.441375
0.440904
0.440431
0.439956
0.439479
0.439001
0.438522
0.438042
0.437562
0.437083
0.436603
0.436125
0.435648
0.435171
0.434697
0.434225
0.433755
0.433287
0.432823
0.432361
0.431903
0.431449
0.430999
0.430553
0.430112
0.429675
0.429243
0.428817
0.428396
0.427981
0.427571
0.427168
0.426771
0.42638
0.425995
0.425618
0.425247
0.424883
0.424526
0.424177
0.423834
0.423499
0.423172
0.422851
0.422539
0.422234
0.421936
0.421647
0.421365
0.42109
0.420823
0.420564
0.420313
0.420069
0.419833
0.419604
0.419383
0.419169
0.418962
0.418763
0.418571
0.418387
0.418209
0.418039
0.417875
0.417718
0.417568
0.417424
0.417288
0.417157
0.417033
0.416915
0.416803
0.416698
0.416598
0.416504
0.416416
0.416333
0.416256
0.416185
0.416119
0.416058
0.416002
0.415951
0.415906
0.415865
0.415829
0.415798
0.415771
0.415749
0.415732
0.415719
0.41571
0.415706
0.415706
0.41571
0.415719
0.415731
0.415748
0.415769
0.415793
0.415822
0.415855
0.415891
0.415932
0.415976
0.416024
0.416076
0.416132
0.416191
0.416254
0.416321
0.416392
0.416466
0.416544
0.416625
0.41671
0.416799
0.416891
0.416987
0.417086
0.417189
0.417295
0.417404
0.417517
0.417633
0.417753
0.417875
0.418001
0.41813
0.418261
0.418396
0.418534
0.418674
0.418817
0.418962
0.41911
0.419261
0.419414
0.419568
0.419725
0.419884
0.420045
0.420207
0.420371
0.420535
0.420702
0.420869
0.421037
0.421206
0.421375
0.421544
0.421714
0.421883
0.422053
0.422222
0.42239
0.422557
0.422724
0.422889
0.423052
0.423214
0.423374
0.423532
0.423688
0.423841
0.423991
0.424138
0.424282
0.424423
0.42456
0.424694
0.424823
0.424948
0.425069
0.425186
0.425298
0.425405
0.425506
0.425603
0.425695
0.425781
0.425861
0.425936
0.426005
0.426068
0.426125
0.426176
0.42622
0.426259
0.426291
0.426317
0.426336
0.426349
0.426356
0.426356
0.42635
0.426338
0.426319
0.426294
0.426263
0.426225
0.426182
0.426132
0.426076
0.426015
0.425948
0.425875
0.425797
0.425713
0.425624
0.42553
0.425431
0.425327
0.425219
0.425107
0.42499
0.424869
0.424744
0.424616
0.424484
0.424348
0.42421
0.424069
0.423925
0.423779
0.42363
0.42348
0.423328
0.423174
0.423018
0.422862
0.422705
0.422546
0.422388
0.422229
0.42207
0.421912
0.421753
0.421596
0.421439
0.421283
0.421128
0.420975
0.420824
0.420674
0.420527
0.420382
0.42024
0.4201
0.419964
0.41983
0.4197
0.419574
0.419451
0.419333
0.419219
0.419109
0.419004
0.418904
0.418809
0.418719
0.418635
0.418556
0.418483
0.418417
0.418356
0.418302
0.418255
0.418215
0.418181
0.418155
0.418136
0.418125
0.418121
0.418125
0.418138
0.418158
0.418187
0.418224
0.41827
0.418324
0.418387
0.41846
0.418541
0.418632
0.418731
0.418841
0.418959
0.419087
0.419225
0.419373
0.41953
0.419697
0.419873
0.42006
0.420257
0.420463
0.420679
0.420905
0.421141
0.421387
0.421643
0.421909
0.422184
0.422469
0.422764
0.423069
0.423383
0.423706
0.424039
0.424382
0.424733
0.425094
0.425463
0.425842
0.426229
0.426625
0.42703
0.427443
0.427864
0.428293
0.42873
0.429174
0.429627
0.430086
0.430553
0.431027
0.431507
0.431994
0.432487
0.432986
0.433491
0.434002
0.434518
0.435039
0.435565
0.436096
0.436631
0.43717
0.437713
0.438259
0.438808
0.43936
0.439915
0.440471
0.44103
0.44159
0.442152
0.442714
0.443277
0.44384
0.444403
0.444966
0.445528
0.446088
0.446647
0.447204
0.447759
0.448311
0.44886
0.449406
0.449948
0.450486
0.451019
0.451547
0.452071
0.452588
0.4531
0.453605
0.454103
0.454594
0.455078
0.455554
0.456022
0.456482
0.456933
0.457374
0.457806
0.458228
0.45864
0.459042
0.459433
0.459812
0.460181
0.460538
0.460883
0.461216
0.461536
0.461844
0.46214
0.462422
0.46269
0.462946
0.463188
0.463415
0.463629
0.463829
0.464015
0.464186
0.464343
0.464485
0.464612
0.464725
0.464823
0.464906
0.464974
0.465027
0.465065
0.465089
0.465097
0.465091
0.46507
0.465034
0.464983
0.464918
0.464838
0.464744
0.464636
0.464514
0.464377
0.464227
0.464063
0.463885
0.463695
0.463491
0.463274
0.463044
0.462802
0.462548
0.462282
0.462004
0.461715
0.461414
0.461102
0.46078
0.460448
0.460105
0.459753
0.459391
0.45902
0.458641
0.458252
0.457856
0.457452
0.45704
0.456621
0.456196
0.455764
0.455326
0.454882
0.454432
0.453978
0.453519
0.453055
0.452587
0.452116
0.451641
0.451164
0.450683
0.450201
0.449716
0.44923
0.448742
0.448253
0.447764
0.447275
0.446785
0.446296
0.445807
0.445319
0.444833
0.444348
0.443864
0.443383
0.442905
0.442429
0.441955
0.441485
0.441019
0.440556
0.440097
0.439643
0.439193
0.438747
0.438306
0.437871
0.43744
0.437015
0.436596
0.436183
0.435775
0.435374
0.434979
0.434591
0.434209
0.433834
0.433467
0.433106
0.432752
0.432406
0.432067
0.431735
0.431412
0.431096
0.430787
0.430487
0.430194
0.42991
0.429634
0.429365
0.429105
0.428853
0.42861
0.428374
0.428147
0.427928
0.427718
0.427516
0.427322
0.427136
0.426959
0.42679
0.42663
0.426477
0.426333
0.426197
0.426069
0.42595
0.425838
0.425735
0.425639
0.425551
0.425471
0.425399
0.425335
0.425278
0.425228
0.425186
0.425152
0.425124
0.425104
0.42509
0.425084
0.425084
0.425091
0.425104
0.425124
0.42515
0.425182
0.42522
0.425264
0.425313
0.425368
0.425428
0.425493
0.425563
0.425637
0.425716
0.425799
0.425887
0.425978
0.426073
0.426171
0.426273
0.426378
0.426485
0.426595
0.426707
0.426821
0.426937
0.427055
0.427173
0.427293
0.427414
0.427535
0.427656
0.427777
0.427898
0.428019
0.428139
0.428257
0.428374
0.42849
0.428604
0.428715
0.428825
0.428931
0.429035
0.429135
0.429233
0.429326
0.429416
0.429501
0.429582
0.429659
0.429731
0.429797
0.429859
0.429915
0.429966
0.430011
0.43005
0.430082
0.430109
0.430129
0.430143
0.43015
0.43015
0.430144
0.43013
0.43011
0.430082
0.430047
0.430005
0.429956
0.429899
0.429836
0.429765
0.429687
0.429601
0.429509
0.429409
0.429303
0.429189
0.429069
0.428942
0.428808
0.428668
0.428522
0.428369
0.42821
0.428046
0.427876
0.4277
0.427519
0.427333
0.427143
0.426947
0.426748
0.426544
0.426337
0.426126
0.425911
0.425694
0.425474
0.425251
0.425027
0.4248
0.424572
0.424342
0.424112
0.42388
0.423649
0.423417
0.423185
0.422953
0.422723
0.422493
0.422264
0.422037
0.421812
0.421589
0.421368
0.421149
0.420933
0.420721
0.420511
0.420305
0.420102
0.419903
0.419708
0.419517
0.419331
0.419149
0.418971
0.418799
0.418631
0.418468
0.41831
0.418158
0.418011
0.41787
0.417733
0.417603
0.417478
0.417359
0.417245
0.417137
0.417035
0.416939
0.416849
0.416764
0.416686
0.416613
0.416545
0.416484
0.416428
0.416378
0.416334
0.416295
0.416261
0.416234
0.416211
0.416194
0.416182
0.416175
0.416174
0.416177
0.416185
0.416199
0.416216
0.416239
0.416266
0.416297
0.416333
0.416373
0.416416
0.416464
0.416516
0.416571
0.41663
0.416692
0.416758
0.416826
0.416898
0.416973
0.41705
0.41713
0.417212
0.417297
0.417384
0.417473
0.417565
0.417658
0.417752
0.417849
0.417946
0.418045
0.418146
0.418247
0.41835
0.418453
0.418557
0.418661
0.418766
0.418872
0.418978
0.419084
0.41919
0.419296
0.419402
0.419508
0.419614
0.419719
0.419824
0.419928
0.420032
0.420135
0.420238
0.42034
0.42044
0.42054
0.420639
0.420737
0.420834
0.420929
0.421023
0.421117
0.421208
0.421299
0.421388
0.421476
0.421562
0.421646
0.42173
0.421811
0.421891
0.421969
0.422046
0.422121
0.422194
0.422266
0.422335
0.422403
0.422469
0.422534
0.422596
0.422657
0.422716
0.422773
0.422829
0.422882
0.422934
0.422983
0.423031
0.423078
0.423122
0.423165
0.423206
0.423245
0.423283
0.423319
0.423354
0.423387
0.423418
0.423449
0.423478
0.423505
0.423531
0.423557
0.423581
0.423604
0.423626
0.423648
0.423668
0.423688
0.423708
0.423727
0.423746
0.423765
0.423783
0.423802
0.42382
0.423839
0.423858
0.423878
0.423898
0.423919
0.423941
0.423964
0.423988
0.424013
0.42404
0.424067
0.424097
0.424128
0.424161
0.424196
0.424233
0.424272
0.424313
0.424356
0.424402
0.424451
0.424502
0.424556
0.424613
0.424673
0.424736
0.424802
0.424871
0.424943
0.425019
0.425098
0.42518
0.425266
0.425355
0.425448
0.425545
0.425645
0.425749
0.425856
0.425967
0.426082
0.4262
0.426322
0.426448
0.426578
0.426711
0.426848
0.426988
0.427132
0.42728
0.42743
0.427585
0.427743
0.427904
0.428068
0.428235
0.428405
0.428579
0.428755
0.428934
0.429115
0.429299
0.429485
0.429674
0.429864
0.430056
0.430251
0.430446
0.430644
0.430842
0.431041
0.431242
0.431443
0.431644
0.431846
0.432047
0.432248
0.432449
0.432649
0.432848
0.433046
0.433243
0.433437
0.43363
0.43382
0.434008
0.434193
0.434375
0.434553
0.434728
0.434899
0.435065
0.435227
0.435384
0.435535
0.435682
0.435822
0.435956
0.436084
0.436206
0.43632
0.436427
0.436527
0.436619
0.436702
0.436778
0.436844
0.436902
0.436951
0.436991
0.43702
0.437041
0.437051
0.43705
0.43704
0.437019
0.436987
0.436944
0.43689
0.436825
0.436749
0.436661
0.436562
0.436451
0.436328
0.436194
0.436048
0.435891
0.435722
0.435541
0.435348
0.435144
0.434928
0.434701
0.434462
0.434212
0.433951
0.433679
0.433396
0.433102
0.432798
0.432484
0.432159
0.431825
0.431481
0.431128
0.430766
0.430395
0.430015
0.429627
0.429232
0.428829
0.428419
0.428001
0.427578
0.427148
0.426713
0.426272
0.425826
0.425376
0.424921
0.424462
0.424001
0.423536
0.423069
0.422599
0.422128
0.421656
0.421182
0.420709
0.420235
0.419761
0.419289
0.418818
0.418348
0.417881
0.417416
0.416953
0.416495
0.41604
0.415589
0.415143
0.414701
0.414265
0.413835
0.41341
0.412992
0.412581
0.412178
0.411781
0.411393
0.411012
0.41064
0.410277
0.409924
0.409579
0.409244
0.40892
0.408605
0.408301
0.408008
0.407726
0.407455
0.407195
0.406947
0.406711
0.406487
0.406275
0.406076
0.405889
0.405714
0.405553
0.405404
0.405268
0.405146
0.405036
0.40494
0.404856
0.404787
0.40473
0.404687
0.404657
0.40464
0.404637
0.404646
0.404669
0.404706
0.404755
0.404817
0.404893
0.404981
0.405082
0.405196
0.405322
0.40546
0.405611
0.405774
0.405949
0.406135
0.406334
0.406543
0.406764
0.406997
0.40724
0.407494
0.407758
0.408033
0.408319
0.408614
0.408919
0.409233
0.409557
0.40989
0.410232
0.410583
0.410943
0.411311
0.411687
0.412071
0.412463
0.412862
0.413269
0.413683
0.414103
0.414531
0.414965
0.415406
0.415853
0.416305
0.416764
0.417228
0.417698
0.418172
0.418652
0.419137
0.419627
0.420121
0.420619
0.421121
0.421628
0.422138
0.422652
0.42317
0.42369
0.424214
0.424741
0.42527
0.425802
0.426336
0.426873
0.427412
0.427952
0.428494
0.429038
0.429582
0.430128
0.430675
0.431223
0.43177
0.432319
0.432867
0.433415
0.433963
0.434511
0.435058
0.435603
0.436148
0.436691
0.437233
0.437773
0.438311
0.438847
0.43938
0.439911
0.440438
0.440963
0.441484
0.442001
0.442515
0.443024
0.443529
0.44403
0.444526
0.445017
0.445503
0.445983
0.446457
0.446926
0.447388
0.447844
0.448294
0.448736
0.449172
0.4496
0.450021
0.450434
0.450839
0.451236
0.451625
0.452005
0.452376
0.452738
0.453092
0.453435
0.45377
0.454094
0.454409
0.454713
0.455008
0.455291
0.455565
0.455827
0.456078
0.456319
0.456548
0.456766
0.456972
0.457166
0.457349
0.45752
0.457678
0.457825
0.457959
0.458081
0.45819
0.458286
0.45837
0.458441
0.4585
0.458545
0.458577
0.458596
0.458603
0.458596
0.458575
0.458542
0.458496
0.458436
0.458363
0.458277
0.458177
0.458065
0.457939
0.457801
0.457649
0.457484
0.457307
0.457117
0.456914
0.456699
0.456472
0.456232
0.45598
0.455716
0.455441
0.455154
0.454856
0.454546
0.454226
0.453895
0.453554
0.453203
0.452842
0.452471
0.452092
0.451703
0.451306
0.4509
0.450487
0.450066
0.449637
0.449202
0.44876
0.448313
0.447859
0.447401
0.446937
0.446469
0.445996
0.44552
0.445041
0.444559
0.444074
0.443587
0.443099
0.442609
0.442118
0.441627
0.441136
0.440645
0.440154
0.439665
0.439177
0.438691
0.438206
0.437724
0.437245
0.436769
0.436296
0.435827
0.435361
0.4349
0.434442
0.433989
0.433541
0.433098
0.43266
0.432227
0.4318
0.431378
0.430961
0.430551
0.430146
0.429746
0.429353
0.428966
0.428585
0.428209
0.42784
0.427477
0.427119
0.426768
0.426422
0.426082
0.425748
0.42542
0.425098
0.424781
0.424469
0.424163
0.423863
0.423568
0.423278
0.422993
0.422713
0.422438
0.422168
0.421903
0.421643
0.421387
0.421136
0.420889
0.420647
0.420409
0.420175
0.419946
0.419721
0.4195
0.419283
0.419071
0.418862
0.418658
0.418458
0.418262
0.41807
0.417882
0.417698
0.417518
0.417343
0.417172
0.417005
0.416842
0.416684
0.41653
0.416381
0.416236
0.416096
0.41596
0.41583
0.415704
0.415583
0.415467
0.415357
0.415251
0.415151
0.415056
0.414967
0.414883
0.414805
0.414733
0.414667
0.414607
0.414553
0.414505
0.414463
0.414428
0.4144
0.414378
0.414362
0.414354
0.414352
0.414358
0.41437
0.41439
0.414417
0.414451
0.414493
0.414542
0.414599
0.414663
0.414735
0.414815
0.414903
0.414999
0.415102
0.415214
0.415333
0.415461
0.415597
0.415741
0.415893
0.416053
0.416222
0.416399
0.416584
0.416778
0.41698
0.41719
0.417408
0.417635
0.41787
0.418113
0.418365
0.418624
0.418892
0.419168
0.419451
0.419743
0.420043
0.42035
0.420666
0.420988
0.421319
0.421657
0.422002
0.422355
0.422714
0.423081
0.423454
0.423834
0.424221
0.424614
0.425013
0.425418
0.42583
0.426246
0.426669
0.427096
0.427529
0.427966
0.428408
0.428854
0.429305
0.429759
0.430217
0.430679
0.431144
0.431611
0.432082
0.432554
0.433029
0.433505
0.433984
0.434463
0.434944
0.435425
0.435907
0.436388
0.43687
0.437352
0.437832
0.438312
0.438791
0.439268
0.439743
0.440216
0.440687
0.441155
0.441621
0.442083
0.442542
0.442997
0.443448
0.443895
0.444338
0.444776
0.445209
0.445637
0.44606
0.446477
0.446888
0.447293
0.447692
0.448084
0.44847
0.448849
0.449221
0.449585
0.449942
0.450292
0.450633
0.450967
0.451293
0.45161
0.451919
0.452219
0.452511
0.452794
0.453067
0.453332
0.453587
0.453833
0.45407
0.454297
0.454514
0.454721
0.454919
0.455106
0.455283
0.455451
0.455608
0.455754
0.45589
0.456016
0.456132
0.456236
0.45633
0.456414
0.456487
0.456549
0.4566
0.456641
0.45667
0.456689
0.456697
0.456694
0.456681
0.456656
0.456621
0.456575
0.456519
0.456451
0.456373
0.456285
0.456185
0.456076
0.455956
0.455825
0.455685
0.455534
0.455373
0.455203
0.455022
0.454832
0.454632
0.454423
0.454204
0.453977
0.45374
0.453495
0.453241
0.452978
0.452707
0.452428
0.452141
0.451846
0.451544
0.451235
0.450918
0.450595
0.450265
0.449929
0.449586
0.449238
0.448884
0.448524
0.44816
0.44779
0.447416
0.447037
0.446654
0.446267
0.445877
0.445483
0.445085
0.444685
0.444282
0.443877
0.44347
0.443061
0.44265
0.442237
0.441823
0.441409
0.440993
0.440578
0.440161
0.439745
0.439329
0.438913
0.438498
0.438083
0.43767
0.437258
0.436847
0.436437
0.436029
0.435623
0.43522
0.434818
0.434419
0.434022
0.433628
0.433237
0.432848
0.432463
0.432081
0.431702
0.431327
0.430955
0.430587
0.430223
0.429863
0.429506
0.429154
0.428806
0.428462
0.428123
0.427788
0.427457
0.427131
0.42681
0.426494
0.426182
0.425876
0.425574
0.425278
0.424987
0.424701
0.42442
0.424145
0.423875
0.42361
0.423351
0.423098
0.42285
0.422608
0.422372
0.422142
0.421917
0.421699
0.421486
0.421279
0.421079
0.420884
0.420696
0.420514
0.420338
0.420168
0.420005
0.419848
0.419697
0.419553
0.419415
0.419283
0.419158
0.419039
0.418926
0.41882
0.41872
0.418627
0.41854
0.41846
0.418385
0.418317
0.418255
0.4182
0.418151
0.418107
0.41807
0.418039
0.418014
0.417995
0.417982
0.417974
0.417972
0.417976
0.417985
0.417999
0.418019
0.418044
0.418074
0.418109
0.418149
0.418194
0.418243
0.418296
0.418354
0.418416
0.418482
0.418552
0.418625
0.418702
0.418783
0.418866
0.418952
0.419042
0.419133
0.419228
0.419324
0.419423
0.419523
0.419626
0.419729
0.419834
0.419941
0.420048
0.420156
0.420264
0.420373
0.420482
0.420591
0.420699
0.420808
0.420916
0.421023
0.421129
0.421234
0.421338
0.421441
0.421542
0.421642
0.42174
0.421836
0.42193
0.422022
0.422112
0.422199
0.422284
0.422366
0.422446
0.422524
0.422598
0.42267
0.422739
0.422805
0.422868
0.422929
0.422986
0.42304
0.423092
0.42314
0.423186
0.423228
0.423268
0.423305
0.423338
0.423369
0.423397
0.423422
0.423444
0.423463
0.423479
0.423493
0.423504
0.423511
0.423517
0.423519
0.423519
0.423516
0.42351
0.423502
0.42349
0.423477
0.42346
0.423441
0.423419
0.423394
0.423366
0.423336
0.423303
0.423267
0.423228
0.423186
0.423142
0.423094
0.423044
0.42299
0.422934
0.422874
0.422811
0.422746
0.422677
0.422605
0.42253
0.422452
0.42237
0.422286
0.422198
0.422107
0.422013
0.421916
0.421816
0.421713
0.421607
0.421498
0.421387
0.421272
0.421155
0.421035
0.420913
0.420789
0.420662
0.420533
0.420402
0.420269
0.420135
0.419999
0.419862
0.419724
0.419585
0.419445
0.419304
0.419163
0.419022
0.418881
0.418741
0.418601
0.418461
0.418323
0.418186
0.418051
0.417917
0.417786
0.417657
0.41753
0.417406
0.417285
0.417168
0.417054
0.416943
0.416837
0.416735
0.416638
0.416545
0.416457
0.416374
0.416297
0.416225
0.416159
0.416099
0.416045
0.415997
0.415956
0.415921
0.415893
0.415872
0.415858
0.415851
0.415851
0.415859
0.415874
0.415896
0.415926
0.415964
0.416009
0.416062
0.416123
0.416191
0.416267
0.416351
0.416442
0.416542
0.416649
0.416763
0.416885
0.417015
0.417152
0.417297
0.41745
0.417609
0.417776
0.41795
0.418131
0.418319
0.418514
0.418716
0.418924
0.419139
0.419361
0.419589
0.419823
0.420063
0.42031
0.420562
0.42082
0.421084
0.421353
0.421628
0.421908
0.422194
0.422484
0.422779
0.42308
0.423385
0.423694
0.424008
0.424326
0.424649
0.424975
0.425306
0.42564
0.425978
0.426319
0.426664
0.427012
0.427364
0.427718
0.428075
0.428435
0.428797
0.429161
0.429528
0.429897
0.430268
0.430641
0.431015
0.431391
0.431768
0.432146
0.432525
0.432904
0.433285
0.433665
0.434046
0.434426
0.434807
0.435187
0.435566
0.435944
0.436322
0.436698
0.437072
0.437445
0.437816
0.438185
0.438551
0.438915
0.439276
0.439633
0.439988
0.440338
0.440685
0.441028
0.441367
0.4417
0.44203
0.442354
0.442673
0.442986
0.443293
0.443595
0.44389
0.444179
0.444461
0.444737
0.445005
0.445266
0.445519
0.445765
0.446002
0.446232
0.446453
0.446665
0.446869
0.447064
0.44725
0.447426
0.447594
0.447751
0.447899
0.448037
0.448165
0.448284
0.448392
0.44849
0.448577
0.448654
0.448721
0.448777
0.448822
0.448857
0.448882
0.448895
0.448898
0.448891
0.448873
0.448844
0.448804
0.448754
0.448694
0.448624
0.448543
0.448452
0.44835
0.448239
0.448118
0.447988
0.447848
0.447698
0.447539
0.447372
0.447195
0.44701
0.446817
0.446615
0.446405
0.446188
0.445963
0.445731
0.445492
0.445246
0.444994
0.444736
0.444472
0.444202
0.443927
0.443647
0.443362
0.443073
0.44278
0.442483
0.442182
0.441879
0.441572
0.441263
0.440952
0.440638
0.440324
0.440007
0.43969
0.439372
0.439054
0.438735
0.438416
0.438098
0.43778
0.437464
0.437148
0.436833
0.436521
0.43621
0.435901
0.435594
0.435289
0.434988
0.434689
0.434392
0.434099
0.433809
0.433523
0.43324
0.43296
0.432684
0.432412
0.432144
0.431879
0.431618
0.431362
0.431109
0.43086
0.430615
0.430374
0.430138
0.429905
0.429676
0.42945
0.429229
0.429012
0.428798
0.428587
0.428381
0.428177
0.427977
0.42778
0.427587
0.427396
0.427208
0.427023
0.42684
0.42666
0.426482
0.426306
0.426132
0.425961
0.42579
0.425622
0.425455
0.425289
0.425124
0.42496
0.424797
0.424634
0.424472
0.42431
0.424149
0.423987
0.423825
0.423663
0.423501
0.423338
0.423174
0.42301
0.422845
0.422678
0.422511
0.422342
0.422172
0.422
0.421827
0.421653
0.421476
0.421298
0.421118
0.420936
0.420752
0.420566
0.420378
0.420188
0.419996
0.419801
0.419605
0.419407
0.419206
0.419003
0.418799
0.418592
0.418383
0.418172
0.41796
0.417745
0.417529
0.417311
0.417092
0.416871
0.416648
0.416425
0.4162
0.415974
0.415747
0.41552
0.415291
0.415063
0.414834
0.414605
0.414376
0.414147
0.413918
0.413691
0.413464
0.413237
0.413013
0.412789
0.412567
0.412348
0.41213
0.411914
0.411701
0.411491
0.411284
0.41108
0.41088
0.410684
0.410491
0.410303
0.41012
0.409941
0.409767
0.409598
0.409435
0.409278
0.409127
0.408982
0.408844
0.408712
0.408588
0.40847
0.40836
0.408258
0.408164
0.408077
0.407999
0.40793
0.407869
0.407816
0.407773
0.407739
0.407715
0.407699
0.407694
0.407698
0.407712
0.407736
0.407769
0.407813
0.407867
0.407931
0.408006
0.408091
0.408186
0.408291
0.408406
0.408532
0.408668
0.408814
0.40897
0.409136
0.409312
0.409498
0.409693
0.409899
0.410113
0.410337
0.41057
0.410812
0.411063
0.411322
0.41159
0.411866
0.41215
0.412441
0.412741
0.413047
0.41336
0.413681
0.414007
0.41434
0.414679
0.415023
0.415373
0.415727
0.416087
0.416451
0.416819
0.417191
0.417566
0.417945
0.418327
0.418711
0.419097
0.419486
0.419876
0.420268
0.42066
0.421054
0.421447
0.421841
0.422235
0.422628
0.423021
0.423412
0.423802
0.42419
0.424577
0.424961
0.425342
0.425721
0.426097
0.426469
0.426838
0.427203
0.427563
0.42792
0.428271
0.428618
0.42896
0.429296
0.429627
0.429952
0.430271
0.430584
0.43089
0.43119
0.431483
0.431769
0.432048
0.43232
0.432584
0.43284
0.433089
0.43333
0.433562
0.433787
0.434003
0.434211
0.43441
0.434601
0.434783
0.434957
0.435121
0.435277
0.435424
0.435562
0.435691
0.435811
0.435922
0.436024
0.436117
0.436201
0.436276
0.436342
0.436399
0.436448
0.436488
0.436519
0.436542
0.436556
0.436561
0.436559
0.436548
0.436529
0.436503
0.436468
0.436426
0.436376
0.43632
0.436256
0.436185
0.436107
0.436022
0.435932
0.435835
0.435732
0.435623
0.435508
0.435389
0.435264
0.435134
0.435
0.434861
0.434717
0.43457
0.43442
0.434265
0.434108
0.433947
0.433784
0.433618
0.43345
0.43328
0.433108
0.432935
0.43276
0.432585
0.432408
0.432232
0.432055
0.431877
0.431701
0.431524
0.431349
0.431174
0.431001
0.430829
0.430659
0.43049
0.430324
0.43016
0.429999
0.42984
0.429685
0.429533
0.429384
0.429239
0.429098
0.428961
0.428828
0.428699
0.428576
0.428457
0.428343
0.428234
0.428131
0.428033
0.427941
0.427855
0.427775
0.427701
0.427634
0.427573
0.427519
0.427471
0.42743
0.427397
0.42737
0.427351
0.427339
0.427335
0.427339
0.42735
0.427368
0.427395
0.42743
0.427473
0.427524
0.427583
0.42765
0.427725
0.427809
0.427901
0.428002
0.428111
0.428228
0.428354
0.428488
0.42863
0.428781
0.428941
0.429108
0.429284
0.429468
0.429661
0.429861
0.430069
0.430286
0.43051
0.430742
0.430982
0.431229
0.431483
0.431745
0.432014
0.43229
0.432573
0.432863
0.433158
0.433461
0.433769
0.434083
0.434403
0.434729
0.43506
0.435396
0.435737
0.436082
0.436432
0.436786
0.437144
0.437506
0.437871
0.43824
0.438611
0.438985
0.439361
0.439739
0.440119
0.440501
0.440884
0.441268
0.441653
0.442039
0.442424
0.442809
0.443194
0.443579
0.443962
0.444344
0.444725
0.445104
0.445481
0.445855
0.446227
0.446596
0.446962
0.447324
0.447683
0.448038
0.448388
0.448734
0.449075
0.449411
0.449742
0.450067
0.450387
0.4507
0.451007
0.451308
0.451602
0.451889
0.452169
0.452441
0.452706
0.452963
0.453212
0.453453
0.453685
0.453909
0.454125
0.454331
0.454528
0.454717
0.454896
0.455065
0.455225
0.455376
0.455516
0.455647
0.455768
0.455878
0.455979
0.45607
0.45615
0.45622
0.456279
0.456328
0.456367
0.456396
0.456414
0.456421
0.456419
0.456405
0.456382
0.456348
0.456304
0.456249
0.456185
0.45611
0.456025
0.45593
0.455825
0.455711
0.455586
0.455452
0.455309
0.455156
0.454993
0.454822
0.454641
0.454451
0.454252
0.454045
0.453829
0.453605
0.453372
0.453131
0.452882
0.452626
0.452361
0.452089
0.45181
0.451524
0.45123
0.450929
0.450622
0.450309
0.449988
0.449662
0.44933
0.448992
0.448648
0.448299
0.447944
0.447584
0.44722
0.44685
0.446477
0.446098
0.445716
0.44533
0.44494
0.444546
0.444149
0.443749
0.443346
0.44294
0.442532
0.442121
0.441709
0.441294
0.440877
0.44046
0.44004
0.43962
0.439199
0.438777
0.438355
0.437933
0.437511
0.437089
0.436667
0.436246
0.435826
0.435407
0.43499
0.434574
0.43416
0.433748
0.433338
0.432931
0.432527
0.432125
0.431727
0.431331
0.43094
0.430552
0.430168
0.429789
0.429414
0.429043
0.428678
0.428317
0.427961
0.427611
0.427267
0.426928
0.426596
0.426269
0.425949
0.425635
0.425328
0.425027
0.424734
0.424447
0.424168
0.423896
0.423632
0.423375
0.423126
0.422885
0.422652
0.422426
0.422209
0.422
0.421799
0.421607
0.421423
0.421248
0.421081
0.420922
0.420773
0.420631
0.420499
0.420375
0.42026
0.420153
0.420055
0.419966
0.419886
0.419814
0.419751
0.419696
0.41965
0.419612
0.419583
0.419562
0.41955
0.419545
0.419549
0.419561
0.419581
0.419609
0.419645
0.419688
0.419739
0.419798
0.419864
0.419937
0.420017
0.420105
0.420199
0.4203
0.420408
0.420522
0.420642
0.420769
0.420901
0.42104
0.421184
0.421334
0.421489
0.421649
0.421814
0.421984
0.422159
0.422338
0.422521
0.422708
0.4229
0.423095
0.423293
0.423495
0.423699
0.423907
0.424117
0.424329
0.424544
0.424761
0.42498
0.4252
0.425421
0.425644
0.425867
0.426092
0.426316
0.426541
0.426766
0.426991
0.427216
0.42744
0.427663
0.427885
0.428106
0.428326
0.428543
0.428759
0.428973
0.429185
0.429395
0.429601
0.429805
0.430006
0.430204
0.430399
0.43059
0.430777
0.430961
0.43114
0.431316
0.431487
0.431654
0.431816
0.431974
0.432127
0.432275
0.432417
0.432555
0.432688
0.432815
0.432936
0.433052
0.433163
0.433268
0.433367
0.43346
0.433547
0.433628
0.433703
0.433772
0.433835
0.433891
0.433941
0.433985
0.434023
0.434054
0.434079
0.434097
0.434109
0.434114
0.434113
0.434105
0.434091
0.43407
0.434043
0.434009
0.433968
0.433921
0.433867
0.433806
0.433739
0.433665
0.433585
0.433498
0.433404
0.433304
0.433197
0.433083
0.432963
0.432836
0.432703
0.432562
0.432416
0.432263
0.432103
0.431937
0.431764
0.431585
0.431399
0.431207
0.431009
0.430804
0.430593
0.430375
0.430152
0.429922
0.429686
0.429444
0.429195
0.428941
0.428681
0.428416
0.428144
0.427867
0.427584
0.427296
0.427003
0.426704
0.4264
0.426091
0.425778
0.425459
0.425136
0.424809
0.424477
0.424142
0.423802
0.423459
0.423112
0.422761
0.422408
0.422052
0.421693
0.421332
0.420968
0.420603
0.420235
0.419866
0.419496
0.419126
0.418754
0.418382
0.41801
0.417638
0.417267
0.416896
0.416526
0.416158
0.415792
0.415428
0.415065
0.414706
0.41435
0.413997
0.413647
0.413302
0.41296
0.412623
0.412292
0.411965
0.411644
0.411329
0.41102
0.410717
0.410421
0.410132
0.40985
0.409576
0.40931
0.409052
0.408802
0.408561
0.408329
0.408105
0.407892
0.407687
0.407493
0.407308
0.407133
0.406969
0.406815
0.406671
0.406539
0.406417
0.406306
0.406206
0.406117
0.406039
0.405972
0.405917
0.405873
0.40584
0.405819
0.405809
0.40581
0.405822
0.405845
0.40588
0.405926
0.405982
0.40605
0.406128
0.406217
0.406317
0.406427
0.406547
0.406677
0.406818
0.406968
0.407128
0.407297
0.407476
0.407664
0.40786
0.408066
0.40828
0.408502
0.408732
0.40897
0.409216
0.40947
0.40973
0.409998
0.410272
0.410553
0.410841
0.411134
0.411434
0.411739
0.41205
0.412366
0.412687
0.413013
0.413344
0.41368
0.414019
0.414363
0.414711
0.415063
0.415418
0.415776
0.416138
0.416503
0.416871
0.417242
0.417616
0.417992
0.41837
0.418751
0.419133
0.419518
0.419905
0.420293
0.420683
0.421075
0.421468
0.421862
0.422258
0.422655
0.423052
0.423451
0.423851
0.424251
0.424652
0.425054
0.425456
0.425858
0.426261
0.426665
0.427068
0.427472
0.427875
0.428279
0.428682
0.429086
0.429489
0.429892
0.430294
0.430696
0.431097
0.431498
0.431898
0.432297
0.432695
0.433093
0.433489
0.433884
0.434278
0.434671
0.435062
0.435452
0.43584
0.436227
0.436612
0.436995
0.437376
0.437755
0.438132
0.438506
0.438879
0.439248
0.439616
0.43998
0.440342
0.440701
0.441056
0.441409
0.441759
0.442105
0.442447
0.442786
0.443121
0.443452
0.44378
0.444103
0.444422
0.444736
0.445046
0.445351
0.445652
0.445947
0.446238
0.446523
0.446803
0.447077
0.447345
0.447608
0.447865
0.448116
0.44836
0.448598
0.448829
0.449054
0.449272
0.449482
0.449686
0.449882
0.450071
0.450252
0.450425
0.45059
0.450747
0.450896
0.451036
0.451168
0.451292
0.451406
0.451511
0.451607
0.451694
0.451772
0.45184
0.451899
0.451947
0.451986
0.452015
0.452033
0.452042
0.45204
0.452028
0.452005
0.451971
0.451927
0.451872
0.451807
0.45173
0.451643
0.451544
0.451435
0.451314
0.451183
0.45104
0.450886
0.450722
0.450546
0.450359
0.450162
0.449953
0.449734
0.449504
0.449263
0.449011
0.448749
0.448476
0.448194
0.447901
0.447598
0.447285
0.446963
0.446631
0.446289
0.445939
0.44558
0.445212
0.444836
0.444452
0.444059
0.443659
0.443252
0.442838
0.442417
0.44199
0.441557
0.441117
0.440673
0.440224
0.43977
0.439311
0.438849
0.438384
0.437915
0.437444
0.436971
0.436496
0.43602
0.435543
0.435065
0.434588
0.434111
0.433636
0.433162
0.432689
0.43222
0.431753
0.43129
0.43083
0.430376
0.429926
0.429481
0.429043
0.428611
0.428185
0.427768
0.427358
0.426956
0.426563
0.426179
0.425805
0.425441
0.425087
0.424745
0.424413
0.424093
0.423786
0.423491
0.423208
0.422939
0.422683
0.42244
0.422212
0.421998
0.421798
0.421613
0.421442
0.421287
0.421147
0.421022
0.420912
0.420818
0.420739
0.420676
0.420628
0.420596
0.42058
0.420579
0.420593
0.420623
0.420668
0.420728
0.420802
0.420892
0.420995
0.421113
0.421245
0.421391
0.42155
0.421722
0.421907
0.422105
0.422314
0.422535
0.422768
0.423011
0.423265
0.423528
0.423801
0.424084
0.424375
0.424674
0.42498
0.425294
0.425615
0.425942
0.426274
0.426611
0.426954
0.4273
0.427649
0.428002
0.428358
0.428715
0.429074
0.429433
0.429794
0.430154
0.430513
0.430872
0.431229
0.431583
0.431936
0.432285
0.432631
0.432973
0.43331
0.433643
0.433971
0.434293
0.434608
0.434918
0.43522
0.435515
0.435803
0.436083
0.436354
0.436617
0.436871
0.437116
0.437351
0.437577
0.437792
0.437997
0.438192
0.438375
0.438548
0.43871
0.43886
0.438998
0.439125
0.43924
0.439343
0.439433
0.439512
0.439578
0.439631
0.439672
0.439701
0.439717
0.43972
0.43971
0.439688
0.439653
0.439606
0.439546
0.439473
0.439388
0.43929
0.43918
0.439058
0.438924
0.438778
0.438619
0.43845
0.438269
0.438076
0.437872
0.437658
0.437432
0.437196
0.43695
0.436694
0.436429
0.436153
0.435869
0.435576
0.435274
0.434963
0.434645
0.434319
0.433986
0.433646
0.433299
0.432946
0.432587
0.432223
0.431853
0.431479
0.4311
0.430717
0.430331
0.429941
0.429549
0.429155
0.428758
0.42836
0.427961
0.427561
0.427162
0.426762
0.426363
0.425965
0.425568
0.425173
0.424781
0.424391
0.424004
0.423621
0.423242
0.422868
0.422498
0.422133
0.421774
0.42142
0.421073
0.420733
0.420399
0.420073
0.419755
0.419444
0.419142
0.418848
0.418563
0.418287
0.41802
0.417763
0.417516
0.417279
0.417052
0.416835
0.416629
0.416434
0.416249
0.416075
0.415912
0.415761
0.41562
0.415491
0.415373
0.415267
0.415171
0.415087
0.415014
0.414953
0.414903
0.414863
0.414835
0.414818
0.414812
0.414817
0.414832
0.414858
0.414895
0.414942
0.414999
0.415066
0.415143
0.415229
0.415325
0.415431
0.415545
0.415669
0.415801
0.415942
0.416092
0.416249
0.416414
0.416587
0.416768
0.416956
0.417151
0.417353
0.417561
0.417776
0.417997
0.418225
0.418457
0.418696
0.418939
0.419188
0.419442
0.4197
0.419963
0.420229
0.4205
0.420775
0.421053
0.421334
0.421618
0.421906
0.422196
0.422488
0.422783
0.42308
0.423378
0.423678
0.42398
0.424283
0.424586
0.424891
0.425196
0.425502
0.425808
0.426113
0.426419
0.426725
0.427029
0.427333
0.427637
0.427939
0.42824
0.428539
0.428837
0.429133
0.429427
0.429719
0.430009
0.430296
0.43058
0.430862
0.431141
0.431417
0.43169
0.431959
0.432225
0.432487
0.432746
0.433
0.433251
0.433497
0.433739
0.433977
0.43421
0.434439
0.434663
0.434882
0.435096
0.435305
0.435509
0.435708
0.435902
0.436091
0.436274
0.436452
0.436624
0.436791
0.436952
0.437108
0.437258
0.437402
0.437541
0.437674
0.437801
0.437923
0.438039
0.438149
0.438254
0.438352
0.438446
0.438533
0.438615
0.438691
0.438761
0.438826
0.438886
0.43894
0.438988
0.439031
0.439069
0.439102
0.439129
0.439151
0.439168
0.43918
0.439187
0.43919
0.439187
0.43918
0.439168
0.439151
0.43913
0.439105
0.439075
0.439041
0.439003
0.438961
0.438915
0.438865
0.438812
0.438754
0.438694
0.438629
0.438561
0.43849
0.438416
0.438339
0.438259
0.438175
0.438089
0.438001
0.437909
0.437815
0.437719
0.437621
0.43752
0.437417
0.437312
0.437205
0.437096
0.436985
0.436873
0.436759
0.436644
0.436527
0.436409
0.436289
0.436169
0.436047
0.435924
0.4358
0.435676
0.43555
0.435424
0.435296
0.435169
0.43504
0.434911
0.434782
0.434652
0.434522
0.434391
0.43426
0.434129
0.433998
0.433866
0.433735
0.433603
0.433471
0.43334
0.433208
0.433076
0.432944
0.432813
0.432681
0.43255
0.432419
0.432288
0.432157
0.432026
0.431896
0.431766
0.431637
0.431508
0.431379
0.43125
0.431122
0.430994
0.430867
0.43074
0.430614
0.430488
0.430363
0.430238
0.430114
0.42999
0.429867
0.429745
0.429623
0.429502
0.429382
0.429262
0.429143
0.429025
0.428908
0.428791
0.428676
0.428561
0.428447
0.428334
0.428222
0.428111
0.428001
0.427892
0.427784
0.427677
0.427571
0.427466
0.427363
0.42726
0.427159
0.427058
0.426959
0.426861
0.426765
0.426669
0.426575
0.426482
0.426391
0.4263
0.426211
0.426123
0.426037
0.425952
0.425868
0.425786
0.425705
0.425625
0.425546
0.425469
0.425394
0.42532
0.425247
0.425175
0.425105
0.425037
0.424969
0.424904
0.424839
0.424776
0.424715
0.424655
0.424596
0.424539
0.424484
0.42443
0.424377
0.424326
0.424277
0.424229
0.424182
0.424138
0.424094
0.424053
0.424013
0.423975
0.423939
0.423904
0.423871
0.42384
0.423811
0.423784
0.423759
0.423735
0.423714
0.423695
0.423678
0.423663
0.423651
0.42364
0.423632
0.423627
0.423624
0.423623
0.423625
0.42363
0.423637
0.423647
0.423659
0.423675
0.423693
0.423714
0.423738
0.423765
0.423795
0.423829
0.423865
0.423904
0.423947
0.423993
0.424042
0.424095
0.42415
0.42421
0.424272
0.424338
0.424407
0.42448
0.424556
0.424636
0.424719
0.424806
0.424896
0.424989
0.425086
0.425186
0.42529
0.425397
0.425508
0.425622
0.425739
0.425859
0.425983
0.42611
0.426241
0.426374
0.426511
0.42665
0.426793
0.426939
0.427088
0.427239
0.427394
0.427551
0.427711
0.427874
0.428039
0.428207
0.428378
0.428551
0.428726
0.428903
0.429083
0.429265
0.429449
0.429635
0.429822
0.430012
0.430203
0.430396
0.43059
0.430786
0.430982
0.43118
0.431379
0.431579
0.43178
0.431981
0.432183
0.432385
0.432587
0.43279
0.432992
0.433194
0.433396
0.433597
0.433797
0.433997
0.434195
0.434392
0.434588
0.434782
0.434974
0.435164
0.435352
0.435538
0.435721
0.435901
0.436078
0.436252
0.436422
0.436588
0.436751
0.43691
0.437064
0.437214
0.437359
0.437499
0.437634
0.437763
0.437888
0.438006
0.438118
0.438225
0.438325
0.438419
0.438506
0.438586
0.43866
0.438726
0.438785
0.438837
0.438882
0.438919
0.438948
0.43897
0.438984
0.43899
0.438988
0.438979
0.438961
0.438935
0.438902
0.43886
0.438811
0.438753
0.438688
0.438614
0.438533
0.438444
0.438348
0.438244
0.438132
0.438014
0.437888
0.437755
0.437615
0.437468
0.437315
0.437155
0.43699
0.436818
0.43664
0.436457
0.436268
0.436074
0.435875
0.435672
0.435464
0.435252
0.435036
0.434816
0.434592
0.434366
0.434137
0.433904
0.43367
0.433434
0.433195
0.432955
0.432714
0.432472
0.432229
0.431986
0.431743
0.4315
0.431257
0.431015
0.430774
0.430535
0.430296
0.43006
0.429826
0.429594
0.429364
0.429138
0.428914
0.428694
0.428478
0.428265
0.428056
0.427852
0.427652
0.427457
0.427267
0.427082
0.426902
0.426728
0.42656
0.426398
0.426241
0.426091
0.425948
0.425811
0.42568
0.425557
0.425441
0.425331
0.425229
0.425134
0.425047
0.424967
0.424895
0.424831
0.424774
0.424725
0.424684
0.424651
0.424625
0.424608
0.424598
0.424597
0.424603
0.424617
0.424639
0.424669
0.424707
0.424752
0.424805
0.424866
0.424933
0.425009
0.425091
0.425181
0.425277
0.42538
0.42549
0.425607
0.42573
0.425859
0.425994
0.426135
0.426281
0.426433
0.42659
0.426751
0.426918
0.427088
0.427263
0.427442
0.427625
0.427811
0.428
0.428192
0.428386
0.428583
0.428782
0.428982
0.429184
0.429387
0.429591
0.429796
0.430001
0.430206
0.430411
0.430615
0.430818
0.43102
0.431221
0.431421
0.431618
0.431814
0.432007
0.432197
0.432384
0.432569
0.43275
0.432928
0.433102
0.433272
0.433438
0.4336
0.433757
0.43391
0.434058
0.434202
0.43434
0.434473
0.434602
0.434725
0.434842
0.434955
0.435061
0.435163
0.435258
0.435349
0.435433
0.435512
0.435586
0.435654
0.435716
0.435773
0.435825
0.435871
0.435912
0.435947
0.435977
0.436002
0.436023
0.436038
0.436048
0.436054
0.436055
0.436052
0.436045
0.436033
0.436017
0.435998
0.435974
0.435948
0.435917
0.435884
0.435847
0.435807
0.435765
0.43572
0.435672
0.435623
0.435571
0.435517
0.435461
0.435404
0.435345
0.435285
0.435224
0.435162
0.435099
0.435036
0.434971
0.434907
0.434842
0.434778
0.434713
0.434649
0.434585
0.434521
0.434458
0.434396
0.434334
0.434273
0.434214
0.434155
0.434098
0.434042
0.433988
0.433934
0.433883
0.433832
0.433784
0.433737
0.433692
0.433648
0.433606
0.433566
0.433528
0.433491
0.433456
0.433423
0.433392
0.433362
0.433334
0.433307
0.433282
0.433259
0.433237
0.433216
0.433197
0.433179
0.433162
0.433146
0.433131
0.433116
0.433103
0.43309
0.433078
0.433066
0.433054
0.433042
0.433031
0.433019
0.433007
0.432994
0.432981
0.432968
0.432953
0.432938
0.432921
0.432904
0.432884
0.432864
0.432841
0.432817
0.432791
0.432763
0.432733
0.4327
0.432665
0.432628
0.432588
0.432545
0.432499
0.432451
0.4324
0.432345
0.432288
0.432227
0.432164
0.432097
0.432026
0.431953
0.431876
0.431796
0.431713
0.431627
0.431537
0.431444
0.431348
0.431249
0.431148
0.431043
0.430935
0.430824
0.430711
0.430596
0.430478
0.430357
0.430235
0.43011
0.429984
0.429856
0.429726
0.429594
0.429462
0.429328
0.429194
0.429059
0.428923
0.428786
0.42865
0.428513
0.428377
0.428241
0.428105
0.42797
0.427836
0.427702
0.42757
0.42744
0.42731
0.427183
0.427057
0.426933
0.426811
0.426691
0.426574
0.426459
0.426347
0.426237
0.42613
0.426026
0.425925
0.425827
0.425733
0.425641
0.425552
0.425467
0.425386
0.425307
0.425232
0.425161
0.425093
0.425028
0.424967
0.42491
0.424856
0.424805
0.424758
0.424715
0.424674
0.424638
0.424604
0.424574
0.424548
0.424524
0.424504
0.424488
0.424474
0.424464
0.424456
0.424452
0.424451
0.424453
0.424457
0.424465
0.424476
0.424489
0.424506
0.424525
0.424547
0.424571
0.424599
0.424629
0.424661
0.424697
0.424735
0.424775
0.424818
0.424864
0.424911
0.424962
0.425015
0.42507
0.425128
0.425188
0.42525
0.425314
0.425381
0.42545
0.425521
0.425594
0.425669
0.425746
0.425825
0.425906
0.425989
0.426074
0.42616
0.426247
0.426337
0.426427
0.426519
0.426612
0.426706
0.426802
0.426898
0.426995
0.427092
0.42719
0.427288
0.427387
0.427486
0.427585
0.427683
0.427781
0.427879
0.427976
0.428073
0.428168
0.428262
0.428355
0.428447
0.428537
0.428625
0.428712
0.428796
0.428878
0.428958
0.429036
0.42911
0.429182
0.429251
0.429317
0.42938
0.429439
0.429495
0.429547
0.429596
0.429641
0.429681
0.429718
0.429751
0.42978
0.429804
0.429824
0.42984
0.429851
0.429858
0.42986
0.429858
0.429851
0.42984
0.429824
0.429804
0.429779
0.429749
0.429715
0.429677
0.429634
0.429587
0.429536
0.42948
0.429421
0.429357
0.42929
0.429219
0.429144
0.429066
0.428984
0.428899
0.428811
0.428719
0.428625
0.428529
0.428429
0.428328
0.428224
0.428118
0.428011
0.427902
0.427791
0.427679
0.427566
0.427452
0.427337
0.427222
0.427107
0.426991
0.426875
0.42676
0.426645
0.42653
0.426417
0.426304
0.426193
0.426083
0.425974
0.425867
0.425762
0.425659
0.425558
0.425459
0.425363
0.425269
0.425178
0.425091
0.425006
0.424924
0.424846
0.424771
0.424699
0.424632
0.424568
0.424507
0.424451
0.424399
0.424351
0.424306
0.424267
0.424231
0.4242
0.424173
0.424151
0.424133
0.42412
0.424111
0.424107
0.424107
0.424112
0.424122
0.424136
0.424155
0.424179
0.424207
0.42424
0.424277
0.424319
0.424365
0.424416
0.424471
0.424531
0.424595
0.424663
0.424736
0.424812
0.424893
0.424978
0.425067
0.42516
0.425256
0.425357
0.425461
0.425569
0.42568
0.425795
0.425913
0.426034
0.426158
0.426285
0.426416
0.426549
0.426685
0.426824
0.426965
0.427109
0.427255
0.427403
0.427553
0.427705
0.427859
0.428015
0.428173
0.428332
0.428492
0.428654
0.428816
0.42898
0.429145
0.42931
0.429476
0.429642
0.429809
0.429976
0.430143
0.43031
0.430477
0.430643
0.430809
0.430974
0.431138
0.431301
0.431463
0.431624
0.431784
0.431941
0.432097
0.432252
0.432404
0.432554
0.432702
0.432847
0.43299
0.43313
0.433267
0.433401
0.433532
0.43366
0.433784
0.433905
0.434022
0.434136
0.434246
0.434352
0.434454
0.434552
0.434646
0.434735
0.434821
0.434902
0.434979
0.435052
0.43512
0.435184
0.435243
0.435298
0.435349
0.435395
0.435437
0.435475
0.435509
0.435538
0.435564
0.435585
0.435603
0.435616
0.435626
0.435633
0.435636
0.435635
0.435631
0.435625
0.435615
0.435602
0.435587
0.43557
0.43555
0.435528
0.435504
0.435478
0.43545
0.435421
0.435391
0.43536
0.435328
0.435296
0.435263
0.435229
0.435196
0.435163
0.43513
0.435097
0.435065
0.435034
0.435004
0.434975
0.434947
0.434921
0.434896
0.434873
0.434853
0.434834
0.434817
0.434803
0.434791
0.434781
0.434774
0.43477
0.434769
0.43477
0.434774
0.434782
0.434792
0.434805
0.434821
0.434841
0.434863
0.434889
0.434918
0.43495
0.434985
0.435023
0.435064
0.435108
0.435154
0.435204
0.435257
0.435312
0.43537
0.435431
0.435494
0.435559
0.435627
0.435698
0.43577
0.435844
0.43592
0.435999
0.436078
0.43616
0.436243
0.436327
0.436413
0.4365
0.436588
0.436677
0.436766
0.436856
0.436947
0.437038
0.43713
0.437222
0.437313
0.437405
0.437497
0.437588
0.437679
0.437769
0.437859
0.437948
0.438036
0.438123
0.438209
0.438294
0.438377
0.438459
0.43854
0.438619
0.438696
0.438771
0.438845
0.438916
0.438985
0.439052
0.439117
0.439179
0.439239
0.439296
0.43935
0.439402
0.439451
0.439496
0.439539
0.439578
0.439614
0.439647
0.439677
0.439703
0.439725
0.439744
0.439758
0.43977
0.439777
0.43978
0.439779
0.439774
0.439765
0.439752
0.439734
0.439712
0.439685
0.439655
0.439619
0.439579
0.439534
0.439485
0.439431
0.439372
0.439308
0.439239
0.439166
0.439088
0.439005
0.438917
0.438824
0.438726
0.438623
0.438516
0.438403
0.438286
0.438164
0.438037
0.437905
0.437768
0.437627
0.437481
0.437331
0.437176
0.437017
0.436853
0.436686
0.436514
0.436338
0.436157
0.435974
0.435786
0.435595
0.4354
0.435202
0.435
0.434796
0.434589
0.434378
0.434166
0.43395
0.433733
0.433513
0.433292
0.433068
0.432844
0.432617
0.43239
0.432161
0.431932
0.431702
0.431472
0.431242
0.431011
0.430781
0.430552
0.430322
0.430094
0.429867
0.429641
0.429417
0.429194
0.428973
0.428754
0.428538
0.428323
0.428112
0.427903
0.427698
0.427495
0.427296
0.427101
0.426909
0.426721
0.426537
0.426357
0.426181
0.42601
0.425844
0.425682
0.425525
0.425373
0.425226
0.425083
0.424946
0.424815
0.424688
0.424567
0.424452
0.424342
0.424237
0.424138
0.424045
0.423957
0.423874
0.423798
0.423727
0.423661
0.423601
0.423547
0.423498
0.423455
0.423417
0.423384
0.423357
0.423335
0.423319
0.423307
0.423301
0.423299
0.423303
0.423311
0.423324
0.423342
0.423364
0.42339
0.423421
0.423456
0.423495
0.423538
0.423585
0.423636
0.42369
0.423748
0.423808
0.423872
0.423939
0.424009
0.424081
0.424156
0.424233
0.424313
0.424395
0.424478
0.424563
0.42465
0.424738
0.424827
0.424917
0.425009
0.4251
0.425193
0.425285
0.425378
0.425471
0.425563
0.425655
0.425746
0.425837
0.425926
0.426015
0.426101
0.426187
0.42627
0.426352
0.426431
0.426508
0.426583
0.426654
0.426723
0.426789
0.426851
0.42691
0.426965
0.427016
0.427064
0.427107
0.427145
0.42718
0.427209
0.427234
0.427253
0.427268
0.427277
0.427281
0.427279
0.427272
0.427259
0.42724
0.427215
0.427184
0.427146
0.427103
0.427054
0.426998
0.426935
0.426867
0.426792
0.426711
0.426623
0.426529
0.426429
0.426322
0.426209
0.426091
0.425966
0.425835
0.425698
0.425556
0.425408
0.425255
0.425097
0.424933
0.424765
0.424592
0.424415
0.424234
0.424049
0.42386
0.423668
0.423473
0.423275
0.423074
0.422872
0.422668
0.422463
0.422256
0.422049
0.421842
0.421634
0.421428
0.421222
0.421017
0.420814
0.420613
0.420415
0.420219
0.420027
0.419838
0.419654
0.419474
0.4193
0.41913
0.418966
0.418809
0.418658
0.418513
0.418377
0.418247
0.418126
0.418013
0.417909
0.417813
0.417727
0.41765
0.417583
0.417526
0.417479
0.417443
0.417417
0.417403
0.417399
0.417406
0.417424
0.417454
0.417495
0.417548
0.417612
0.417688
0.417775
0.417873
0.417983
0.418105
0.418237
0.418381
0.418536
0.418701
0.418878
0.419065
0.419262
0.41947
0.419687
0.419914
0.420151
0.420396
0.420651
0.420914
0.421185
0.421464
0.421751
0.422045
0.422346
0.422653
0.422967
0.423286
0.423611
0.423941
0.424275
0.424614
0.424957
0.425303
0.425652
0.426004
0.426358
0.426715
0.427073
0.427432
0.427792
0.428153
0.428514
0.428874
0.429234
0.429594
0.429952
0.430309
0.430664
0.431017
0.431368
0.431716
0.432061
0.432403
0.432742
0.433078
0.433409
0.433737
0.43406
0.434379
0.434694
0.435003
0.435308
0.435608
0.435903
0.436193
0.436477
0.436756
0.437029
0.437297
0.437558
0.437815
0.438065
0.438309
0.438548
0.438781
0.439007
0.439228
0.439442
0.439651
0.439854
0.44005
0.440241
0.440425
0.440604
0.440776
0.440943
0.441104
0.441259
0.441408
0.441551
0.441689
0.441821
0.441947
0.442068
0.442183
0.442293
0.442397
0.442496
0.442589
0.442677
0.442761
0.442838
0.442911
0.442979
0.443042
0.4431
0.443153
0.443201
0.443245
0.443284
0.443318
0.443348
0.443373
0.443394
0.443411
0.443424
0.443432
0.443436
0.443436
0.443432
0.443424
0.443413
0.443397
0.443378
0.443355
0.443329
0.443299
0.443266
0.443229
0.443189
0.443146
0.443099
0.44305
0.442997
0.442942
0.442883
0.442822
0.442758
0.442691
0.442621
0.442549
0.442475
0.442398
0.442318
0.442236
0.442152
0.442066
0.441977
0.441886
0.441793
0.441698
0.441601
0.441502
0.441401
0.441298
0.441194
0.441087
0.440979
0.440868
0.440756
0.440643
0.440527
0.44041
0.440291
0.440171
0.440049
0.439925
0.4398
0.439674
0.439545
0.439416
0.439284
0.439152
0.439018
0.438882
0.438745
0.438607
0.438467
0.438325
0.438183
0.438039
0.437894
0.437748
0.4376
0.437451
0.437301
0.43715
0.436998
0.436845
0.436691
0.436536
0.43638
0.436223
0.436065
0.435906
0.435747
0.435587
0.435426
0.435265
0.435103
0.434941
0.434778
0.434615
0.434451
0.434287
0.434123
0.433959
0.433795
0.433631
0.433467
0.433303
0.433139
0.432976
0.432812
0.43265
0.432487
0.432325
0.432164
0.432003
0.431843
0.431684
0.431525
0.431368
0.431211
0.431055
0.430901
0.430747
0.430595
0.430444
0.430294
0.430145
0.429998
0.429852
0.429708
0.429565
0.429423
0.429283
0.429145
0.429008
0.428873
0.428739
0.428607
0.428476
0.428347
0.42822
0.428094
0.42797
0.427847
0.427725
0.427605
0.427487
0.427369
0.427253
0.427138
0.427024
0.426911
0.426799
0.426688
0.426578
0.426468
0.426359
0.42625
0.426141
0.426033
0.425924
0.425816
0.425707
0.425598
0.425489
0.425379
0.425268
0.425156
0.425044
0.42493
0.424815
0.424699
0.424581
0.424461
0.42434
0.424217
0.424092
0.423965
0.423835
0.423703
0.423569
0.423433
0.423294
0.423152
0.423008
0.422861
0.422711
0.422559
0.422403
0.422245
0.422084
0.42192
0.421753
0.421583
0.421411
0.421236
0.421058
0.420877
0.420694
0.420508
0.42032
0.420129
0.419936
0.419741
0.419544
0.419345
0.419144
0.418942
0.418738
0.418533
0.418326
0.418119
0.41791
0.417701
0.417492
0.417282
0.417073
0.416863
0.416654
0.416446
0.416238
0.416031
0.415825
0.415621
0.415419
0.415218
0.41502
0.414824
0.414631
0.41444
0.414253
0.414068
0.413888
0.413711
0.413538
0.413369
0.413205
0.413045
0.41289
0.41274
0.412596
0.412457
0.412323
0.412195
0.412074
0.411958
0.411849
0.411747
0.411651
0.411562
0.41148
0.411404
0.411337
0.411276
0.411223
0.411178
0.41114
0.41111
0.411088
0.411074
0.411067
0.411069
0.411078
0.411096
0.411122
0.411156
0.411198
0.411248
0.411306
0.411372
0.411446
0.411528
0.411618
0.411716
0.411822
0.411935
0.412056
0.412185
0.412321
0.412464
0.412615
0.412773
0.412937
0.413109
0.413287
0.413471
0.413662
0.413859
0.414062
0.414271
0.414486
0.414706
0.414932
0.415162
0.415398
0.415638
0.415883
0.416132
0.416386
0.416643
0.416904
0.417168
0.417436
0.417707
0.41798
0.418257
0.418536
0.418817
0.4191
0.419384
0.419671
0.419959
0.420248
0.420537
0.420828
0.421119
0.42141
0.421702
0.421993
0.422285
0.422575
0.422865
0.423154
0.423442
0.423728
0.424013
0.424296
0.424578
0.424857
0.425134
0.425408
0.42568
0.425949
0.426215
0.426478
0.426737
0.426993
0.427245
0.427494
0.427738
0.427978
0.428214
0.428445
0.428672
0.428893
0.42911
0.429322
0.429529
0.429731
0.429927
0.430118
0.430303
0.430483
0.430656
0.430824
0.430986
0.431142
0.431292
0.431436
0.431574
0.431705
0.431831
0.43195
0.432062
0.432169
0.432269
0.432363
0.432451
0.432533
0.432608
0.432677
0.43274
0.432797
0.432848
0.432893
0.432933
0.432966
0.432994
0.433016
0.433033
0.433044
0.43305
0.433051
0.433047
0.433038
0.433024
0.433005
0.432982
0.432955
0.432923
0.432887
0.432848
0.432804
0.432757
0.432707
0.432653
0.432596
0.432536
0.432474
0.432408
0.432341
0.432271
0.432198
0.432124
0.432048
0.431971
0.431892
0.431812
0.43173
0.431648
0.431565
0.431481
0.431397
0.431312
0.431227
0.431142
0.431058
0.430974
0.43089
0.430806
0.430724
0.430642
0.430562
0.430482
0.430404
0.430327
0.430252
0.430179
0.430107
0.430037
0.42997
0.429904
0.429841
0.42978
0.429722
0.429666
0.429614
0.429564
0.429517
0.429472
0.429432
0.429394
0.429359
0.429328
0.429301
0.429277
0.429257
0.42924
0.429227
0.429218
0.429213
0.429212
0.429215
0.429222
0.429233
0.429248
0.429267
0.429291
0.42932
0.429352
0.429389
0.42943
0.429476
0.429527
0.429582
0.429641
0.429705
0.429774
0.429847
0.429925
0.430007
0.430094
0.430186
0.430282
0.430383
0.430488
0.430598
0.430713
0.430832
0.430955
0.431084
0.431216
0.431353
0.431495
0.431641
0.431791
0.431946
0.432105
0.432268
0.432435
0.432607
0.432782
0.432962
0.433146
0.433334
0.433525
0.43372
0.43392
0.434122
0.434329
0.434539
0.434753
0.43497
0.43519
0.435414
0.435641
0.435871
0.436104
0.436341
0.43658
0.436822
0.437067
0.437314
0.437564
0.437817
0.438072
0.43833
0.43859
0.438852
0.439116
0.439382
0.43965
0.43992
0.440191
0.440464
0.440739
0.441015
0.441293
0.441572
0.441852
0.442133
0.442415
0.442699
0.442983
0.443267
0.443552
0.443838
0.444125
0.444411
0.444698
0.444985
0.445272
0.445559
0.445846
0.446132
0.446418
0.446704
0.446989
0.447274
0.447558
0.44784
0.448122
0.448403
0.448683
0.448961
0.449238
0.449514
0.449788
0.45006
0.45033
0.450598
0.450864
0.451128
0.45139
0.451648
0.451905
0.452158
0.452409
0.452657
0.452901
0.453142
0.453379
0.453613
0.453843
0.454069
0.45429
0.454507
0.45472
0.454928
0.45513
0.455328
0.45552
0.455707
0.455888
0.456063
0.456231
0.456393
0.456549
0.456697
0.456838
0.456972
0.457099
0.457217
0.457327
0.457429
0.457522
0.457606
0.457681
0.457747
0.457803
0.457849
0.457886
0.457911
0.457927
0.457931
0.457924
0.457906
0.457877
0.457836
0.457783
0.457718
0.457641
0.457551
0.457449
0.457334
0.457206
0.457065
0.456911
0.456744
0.456563
0.45637
0.456162
0.455941
0.455707
0.455459
0.455197
0.454922
0.454633
0.454331
0.454015
0.453686
0.453343
0.452988
0.452619
0.452237
0.451842
0.451435
0.451015
0.450583
0.450138
0.449682
0.449214
0.448734
0.448243
0.447742
0.447229
0.446706
0.446173
0.445631
0.445078
0.444517
0.443946
0.443367
0.44278
0.442185
0.441583
0.440973
0.440357
0.439734
0.439105
0.43847
0.43783
0.437186
0.436536
0.435883
0.435226
0.434565
0.433902
0.433236
0.432568
0.431898
0.431227
0.430554
0.429882
0.429208
0.428536
0.427863
0.427192
0.426522
0.425853
0.425187
0.424524
0.423863
0.423205
0.422551
0.421901
0.421256
0.420615
0.419979
0.419349
0.418725
0.418106
0.417495
0.41689
0.416293
0.415703
0.415121
0.414547
0.413982
0.413426
0.412879
0.412342
0.411814
0.411297
0.41079
0.410294
0.409809
0.409336
0.408874
0.408424
0.407986
0.407561
0.407148
0.406749
0.406362
0.405989
0.40563
0.405284
0.404952
0.404635
0.404331
0.404043
0.403769
0.403509
0.403265
0.403036
0.402821
0.402622
0.402439
0.40227
0.402117
0.40198
0.401858
0.401751
0.40166
0.401584
0.401524
0.401479
0.401449
0.401435
0.401436
0.401451
0.401482
0.401528
0.401588
0.401662
0.401751
0.401855
0.401972
0.402103
0.402247
0.402405
0.402576
0.40276
0.402956
0.403165
0.403386
0.403619
0.403863
0.404119
0.404385
0.404663
0.404951
0.405248
0.405556
0.405873
0.406199
0.406534
0.406878
0.40723
0.407589
0.407956
0.408331
0.408712
0.4091
0.409494
0.409894
0.4103
0.410711
0.411127
0.411548
0.411974
0.412403
0.412836
0.413273
0.413713
0.414156
0.414602
0.41505
0.415501
0.415953
0.416407
0.416862
0.417319
0.417777
0.418235
0.418694
0.419154
0.419613
0.420073
0.420532
0.420991
0.421449
0.421907
0.422364
0.422819
0.423274
0.423727
0.424179
0.424629
0.425077
0.425524
0.425969
0.426411
0.426852
0.42729
0.427726
0.42816
0.428592
0.42902
0.429447
0.42987
0.430291
0.430709
0.431124
0.431536
0.431946
0.432352
0.432755
0.433155
0.433552
0.433946
0.434336
0.434723
0.435107
0.435488
0.435865
0.436238
0.436608
0.436974
0.437337
0.437696
0.438051
