3.10891
3.10769
3.10596
3.10373
3.101
3.09777
3.09403
3.08979
3.08504
3.07978
3.07401
3.06772
3.06091
3.05359
3.04574
3.03737
3.02847
3.01903
3.00906
2.99855
2.98749
2.97589
2.96374
2.95103
2.93776
2.92393
2.90954
2.89458
2.87904
2.86294
2.84625
2.82898
2.81113
2.7927
2.77369
2.75408
2.7339
2.71312
2.69177
2.66983
2.64731
2.62421
2.60055
2.57632
2.55153
2.52619
2.50031
2.4739
2.44697
2.41953
2.39161
2.36322
2.33436
2.30508
2.27539
2.2453
2.21486
2.18408
2.15299
2.12163
2.09004
2.05823
2.02626
1.99417
1.96198
1.92975
1.89751
1.86531
1.8332
1.80123
1.76943
1.73787
1.70658
1.67562
1.64503
1.61486
1.58516
1.55597
1.52735
1.49933
1.47195
1.44527
1.4193
1.3941
1.3697
1.34612
1.32339
1.30155
1.28061
1.26059
1.24152
1.22339
1.20624
1.19005
1.17484
1.1606
1.14735
1.13506
1.12374
1.11337
1.10394
1.09544
1.08786
1.08116
1.07534
1.07036
1.06621
1.06287
1.06029
1.05846
1.05735
1.05693
1.05717
1.05804
1.05951
1.06154
1.06412
1.0672
1.07077
1.07478
1.0792
1.08402
1.0892
1.09472
1.10054
1.10664
1.11299
1.11957
1.12636
1.13332
1.14045
1.14771
1.15509
1.16257
1.17012
1.17773
1.18539
1.19307
1.20076
1.20845
1.21612
1.22376
1.23136
1.23891
1.24639
1.25379
1.26111
1.26834
1.27547
1.28249
1.2894
1.29618
1.30284
1.30937
1.31576
1.32202
1.32812
1.33409
1.3399
1.34555
1.35105
1.3564
1.36159
1.36661
1.37148
1.37618
1.38072
1.3851
1.38932
1.39338
1.39727
1.40101
1.40459
1.40801
1.41128
1.41439
1.41735
1.42017
1.42283
1.42536
1.42774
1.42999
1.4321
1.43408
1.43594
1.43768
1.43929
1.4408
1.4422
1.44349
1.44468
1.44578
1.44679
1.44772
1.44857
1.44935
1.45006
1.45071
1.4513
1.45184
1.45233
1.45278
1.4532
1.45358
1.45394
1.45428
1.4546
1.4549
1.4552
1.45549
1.45578
1.45607
1.45637
1.45667
1.45698
1.4573
1.45764
1.45799
1.45835
1.45874
1.45914
1.45956
1.46001
1.46047
1.46095
1.46145
1.46197
1.46251
1.46307
1.46365
1.46424
1.46485
1.46547
1.46611
1.46676
1.46742
1.4681
1.46878
1.46947
1.47016
1.47086
1.47157
1.47228
1.47299
1.47369
1.4744
1.47511
1.47581
1.47651
1.47721
1.4779
1.47858
1.47926
1.47993
1.48059
1.48124
1.48188
1.48252
1.48314
1.48375
1.48435
1.48494
1.48551
1.48608
1.48663
1.48716
1.48768
1.48819
1.48868
1.48916
1.48962
1.49007
1.4905
1.49091
1.49131
1.4917
1.49206
1.49241
1.49275
1.49307
1.49338
1.49367
1.49395
1.49422
1.49448
1.49472
1.49496
1.49519
1.49542
1.49564
1.49586
1.49607
1.49629
1.49651
1.49673
1.49696
1.4972
1.49745
1.49771
1.49798
1.49827
1.49858
1.4989
1.49925
1.49961
1.5
1.50042
1.50086
1.50132
1.50181
1.50233
1.50288
1.50345
1.50406
1.50469
1.50535
1.50604
1.50676
1.50751
1.50828
1.50908
1.50991
1.51076
1.51163
1.51253
1.51345
1.51439
1.51535
1.51634
1.51733
1.51835
1.51939
1.52044
1.5215
1.52258
1.52368
1.52479
1.52591
1.52705
1.5282
1.52937
1.53055
1.53175
1.53296
1.53419
1.53544
1.5367
1.53799
1.53929
1.54062
1.54197
1.54334
1.54474
1.54616
1.54762
1.5491
1.55061
1.55215
1.55373
1.55533
1.55698
1.55865
1.56036
1.56211
1.56389
1.5657
1.56755
1.56943
1.57135
1.5733
1.57528
1.57729
1.57933
1.5814
1.58349
1.58561
1.58774
1.58989
1.59206
1.59424
1.59643
1.59862
1.60082
1.60301
1.60521
1.60739
1.60956
1.61172
1.61386
1.61598
1.61807
1.62013
1.62216
1.62415
1.6261
1.62801
1.62987
1.63169
1.63345
1.63515
1.6368
1.63838
1.63991
1.64137
1.64276
1.64408
1.64534
1.64652
1.64763
1.64867
1.64963
1.65052
1.65134
1.65208
1.65274
1.65334
1.65386
1.6543
1.65468
1.65499
1.65522
1.65539
1.6555
1.65554
1.65552
1.65544
1.65531
1.65512
1.65487
1.65458
1.65424
1.65385
1.65343
1.65296
1.65246
1.65192
1.65135
1.65076
1.65013
1.64949
1.64882
1.64813
1.64742
1.6467
1.64597
1.64522
1.64446
1.6437
1.64292
1.64214
1.64136
1.64057
1.63978
1.63898
1.63818
1.63738
1.63658
1.63577
1.63496
1.63415
1.63333
1.63252
1.63169
1.63087
1.63004
1.6292
1.62836
1.62751
1.62665
1.62578
1.62491
1.62402
1.62313
1.62222
1.6213
1.62037
1.61943
1.61848
1.61751
1.61654
1.61555
1.61455
1.61353
1.61251
1.61147
1.61043
1.60937
1.60831
1.60723
1.60615
1.60507
1.60398
1.60289
1.6018
1.60071
1.59962
1.59853
1.59745
1.59638
1.59531
1.59426
1.59322
1.5922
1.5912
1.59022
1.58926
1.58833
1.58743
1.58655
1.58572
1.58491
1.58415
1.58342
1.58275
1.58212
1.58153
1.581
1.58053
1.58012
1.57976
1.57948
1.57925
1.5791
1.57903
1.57902
1.5791
1.57926
1.5795
1.57982
1.58024
1.58074
1.58134
1.58203
1.58281
1.58369
1.58466
1.58572
1.58688
1.58814
1.58948
1.59091
1.59243
1.59404
1.59573
1.59749
1.59932
1.60122
1.60319
1.60521
1.60728
1.6094
1.61156
1.61375
1.61597
1.61821
1.62046
1.62271
1.62497
1.62722
1.62946
1.63168
1.63388
1.63604
1.63817
1.64027
1.64231
1.64431
1.64625
1.64814
1.64996
1.65172
1.65341
1.65504
1.65658
1.65806
1.65945
1.66077
1.66201
1.66316
1.66424
1.66522
1.66613
1.66695
1.66768
1.66833
1.66889
1.66936
1.66975
1.67006
1.67028
1.67041
1.67047
1.67043
1.67032
1.67013
1.66985
1.6695
1.66906
1.66855
1.66797
1.6673
1.66657
1.66576
1.66489
1.66394
1.66293
1.66185
1.66071
1.65951
1.65825
1.65693
1.65555
1.65413
1.65265
1.65112
1.64955
1.64794
1.64629
1.6446
1.64287
1.64112
1.63934
1.63754
1.63571
1.63387
1.63202
1.63015
1.62829
1.62642
1.62456
1.62271
1.62087
1.61905
1.61725
1.61548
1.61374
1.61204
1.61038
1.60877
1.60722
1.60572
1.60428
1.60291
1.60161
1.60039
1.59924
1.59818
1.59721
1.59634
1.59555
1.59487
1.59429
1.59381
1.59343
1.59316
1.593
1.59296
1.59302
1.59319
1.59347
1.59386
1.59436
1.59496
1.59567
1.59649
1.5974
1.59842
1.59952
1.60072
1.60201
1.60338
1.60484
1.60636
1.60796
1.60962
1.61135
1.61313
1.61496
1.61684
1.61876
1.62072
1.6227
1.62471
1.62674
1.62879
1.63084
1.6329
1.63496
1.63702
1.63906
1.64109
1.64311
1.6451
1.64707
1.649
1.65091
1.65277
1.6546
1.65639
1.65813
1.65982
1.66146
1.66305
1.66459
1.66607
1.66749
1.66885
1.67014
1.67138
1.67255
1.67365
1.67469
1.67566
1.67656
1.67739
1.67815
1.67884
1.67945
1.68
1.68047
1.68087
1.6812
1.68145
1.68163
1.68173
1.68176
1.68172
1.6816
1.68141
1.68115
1.68081
1.68041
1.67993
1.67938
1.67876
1.67807
1.67731
1.67649
1.6756
1.67465
1.67363
1.67255
1.67141
1.67021
1.66896
1.66765
1.66628
1.66487
1.66341
1.6619
1.66035
1.65876
1.65713
1.65546
1.65376
1.65203
1.65027
1.64849
1.64669
1.64487
1.64303
1.64118
1.63933
1.63747
1.63561
1.63375
1.6319
1.63006
1.62823
1.62641
1.62462
1.62284
1.6211
1.61938
1.61769
1.61604
1.61443
1.61285
1.61131
1.60982
1.60836
1.60695
1.60559
1.60427
1.60299
1.60176
1.60057
1.59942
1.59831
1.59725
1.59622
1.59523
1.59428
1.59336
1.59248
1.59162
1.5908
1.59
1.58923
1.58849
1.58778
1.58709
1.58643
1.58579
1.58518
1.5846
1.58405
1.58352
1.58303
1.58257
1.58215
1.58177
1.58142
1.58112
1.58087
1.58066
1.5805
1.5804
1.58035
1.58036
1.58044
1.58058
1.58078
1.58106
1.5814
1.58182
1.5823
1.58287
1.5835
1.58421
1.585
1.58586
1.58679
1.58779
1.58885
1.58999
1.59118
1.59244
1.59375
1.59512
1.59653
1.59798
1.59947
1.601
1.60255
1.60412
1.60571
1.60731
1.60891
1.61051
1.61211
1.61369
1.61525
1.61678
1.61829
1.61975
1.62118
1.62256
1.62389
1.62517
1.62638
1.62754
1.62862
1.62963
1.63058
1.63144
1.63223
1.63293
1.63356
1.63409
1.63455
1.63492
1.6352
1.63539
1.6355
1.63553
1.63546
1.63531
1.63508
1.63476
1.63436
1.63388
1.63333
1.63269
1.63199
1.63121
1.63036
1.62945
1.62847
1.62743
1.62634
1.62519
1.624
1.62276
1.62147
1.62015
1.6188
1.61741
1.616
1.61456
1.61311
1.61165
1.61018
1.6087
1.60723
1.60576
1.6043
1.60286
1.60144
1.60003
1.59866
1.59732
1.59601
1.59474
1.59352
1.59234
1.59122
1.59015
1.58914
1.58818
1.58729
1.58647
1.58571
1.58503
1.58441
1.58387
1.58341
1.58302
1.58271
1.58247
1.58232
1.58224
1.58225
1.58233
1.58249
1.58273
1.58305
1.58344
1.58391
1.58445
1.58507
1.58576
1.58652
1.58735
1.58824
1.5892
1.59022
1.59129
1.59243
1.59362
1.59486
1.59615
1.59749
1.59888
1.6003
1.60177
1.60327
1.6048
1.60637
1.60797
1.60959
1.61123
1.6129
1.61459
1.61629
1.61801
1.61974
1.62148
1.62323
1.62499
1.62675
1.62851
1.63027
1.63203
1.63379
1.63554
1.63728
1.63901
1.64073
1.64244
1.64413
1.6458
1.64744
1.64907
1.65066
1.65223
1.65377
1.65527
1.65674
1.65817
1.65956
1.6609
1.66221
1.66346
1.66467
1.66582
1.66693
1.66798
1.66897
1.66991
1.67079
1.67162
1.67238
1.67309
1.67374
1.67433
1.67486
1.67533
1.67575
1.67611
1.67642
1.67667
1.67687
1.67703
1.67714
1.6772
1.67722
1.6772
1.67715
1.67706
1.67694
1.6768
1.67662
1.67643
1.67622
1.67599
1.67574
1.67549
1.67523
1.67496
1.67468
1.67441
1.67413
1.67385
1.67358
1.67331
1.67304
1.67277
1.67251
1.67226
1.672
1.67175
1.6715
1.67125
1.67101
1.67076
1.67051
1.67025
1.66999
1.66972
1.66945
1.66916
1.66886
1.66854
1.66822
1.66787
1.66751
1.66713
1.66673
1.66631
1.66586
1.6654
1.66491
1.66441
1.66388
1.66333
1.66276
1.66218
1.66157
1.66095
1.66031
1.65965
1.65899
1.65831
1.65762
1.65692
1.65622
1.65551
1.6548
1.65409
1.65338
1.65267
1.65197
1.65128
1.65059
1.64991
1.64924
1.64859
1.64795
1.64732
1.64671
1.64612
1.64555
1.64499
1.64445
1.64394
1.64344
1.64296
1.64251
1.64207
1.64166
1.64126
1.64089
1.64053
1.6402
1.63988
1.63958
1.6393
1.63904
1.63879
1.63856
1.63835
1.63815
1.63796
1.63778
1.63761
1.63746
1.63731
1.63717
1.63704
1.63692
1.6368
1.63668
1.63658
1.63647
1.63637
1.63627
1.63617
1.63608
1.63599
1.63589
1.63581
1.63572
1.63564
1.63556
1.63549
1.63542
1.63536
1.63531
1.63526
1.63523
1.6352
1.63519
1.6352
1.63522
1.63526
1.63533
1.63541
1.63552
1.63566
1.63583
1.63603
1.63626
1.63653
1.63683
1.63718
1.63756
1.63799
1.63845
1.63897
1.63953
1.64013
1.64078
1.64148
1.64222
1.64301
1.64385
1.64473
1.64565
1.64662
1.64763
1.64868
1.64977
1.6509
1.65205
1.65324
1.65446
1.65571
1.65697
1.65826
1.65957
1.66088
1.66221
1.66355
1.66489
1.66623
1.66757
1.66891
1.67024
1.67155
1.67285
1.67413
1.6754
1.67664
1.67785
1.67904
1.68019
1.68132
1.6824
1.68346
1.68447
1.68544
1.68637
1.68726
1.6881
1.6889
1.68965
1.69035
1.691
1.6916
1.69215
1.69264
1.69309
1.69348
1.69381
1.6941
1.69433
1.6945
1.69462
1.69468
1.69469
1.69464
1.69453
1.69437
1.69416
1.69389
1.69356
1.69317
1.69274
1.69224
1.6917
1.69109
1.69044
1.68973
1.68897
1.68816
1.6873
1.68639
1.68543
1.68443
1.68338
1.68228
1.68114
1.67996
1.67875
1.67749
1.6762
1.67488
1.67353
1.67214
1.67074
1.66931
1.66786
1.66639
1.66491
1.66341
1.66191
1.6604
1.65889
1.65738
1.65588
1.65438
1.6529
1.65143
1.64997
1.64854
1.64713
1.64574
1.64439
1.64306
1.64177
1.64052
1.6393
1.63813
1.63699
1.6359
1.63486
1.63386
1.63291
1.63201
1.63115
1.63035
1.6296
1.62889
1.62824
1.62763
1.62708
1.62657
1.62611
1.6257
1.62533
1.62501
1.62473
1.6245
1.6243
1.62415
1.62403
1.62395
1.62391
1.6239
1.62392
1.62398
1.62406
1.62417
1.62431
1.62447
1.62465
1.62486
1.62508
1.62532
1.62558
1.62586
1.62615
1.62646
1.62678
1.62711
1.62745
1.6278
1.62816
1.62853
1.62891
1.6293
1.62969
1.63009
1.6305
1.63091
1.63134
1.63177
1.6322
1.63264
1.63309
1.63355
1.63402
1.63449
1.63498
1.63547
1.63597
1.63648
1.63701
1.63754
1.63809
1.63865
1.63922
1.6398
1.6404
1.64101
1.64164
1.64228
1.64293
1.6436
1.64428
1.64498
1.64569
1.64641
1.64715
1.6479
1.64866
1.64943
1.65021
1.651
1.65179
1.65259
1.6534
1.6542
1.655
1.65581
1.6566
1.65739
1.65817
1.65894
1.6597
1.66044
1.66116
1.66186
1.66253
1.66318
1.6638
1.66439
1.66494
1.66546
1.66594
1.66638
1.66678
1.66714
1.66745
1.66772
1.66793
1.6681
1.66821
1.66828
1.66829
1.66825
1.66816
1.66801
1.66781
1.66756
1.66726
1.6669
1.66649
1.66603
1.66552
1.66496
1.66435
1.6637
1.663
1.66226
1.66148
1.66066
1.6598
1.6589
1.65798
1.65702
1.65603
1.65501
1.65397
1.65291
1.65182
1.65072
1.6496
1.64846
1.64732
1.64616
1.64499
1.64381
1.64262
1.64144
1.64024
1.63905
1.63785
1.63665
1.63546
1.63426
1.63307
1.63188
1.6307
1.62952
1.62835
1.62719
1.62603
1.62488
1.62374
1.62262
1.6215
1.62039
1.6193
1.61823
1.61717
1.61612
1.6151
1.61409
1.6131
1.61214
1.6112
1.61029
1.6094
1.60854
1.60772
1.60692
1.60616
1.60544
1.60475
1.6041
1.60349
1.60293
1.60241
1.60193
1.60151
1.60113
1.6008
1.60053
1.60031
1.60015
1.60004
1.59998
1.59999
1.60006
1.60019
1.60037
1.60063
1.60094
1.60132
1.60176
1.60226
1.60283
1.60347
1.60417
1.60493
1.60576
1.60665
1.6076
1.60862
1.60969
1.61083
1.61202
1.61327
1.61457
1.61593
1.61734
1.61879
1.62029
1.62183
1.62341
1.62503
1.62668
1.62836
1.63006
1.63179
1.63353
1.63529
1.63706
1.63883
1.6406
1.64237
1.64413
1.64589
1.64762
1.64933
1.65102
1.65269
1.65431
1.6559
1.65745
1.65896
1.66041
1.66182
1.66317
1.66446
1.66569
1.66685
1.66795
1.66898
1.66994
1.67082
1.67163
1.67237
1.67302
1.6736
1.6741
1.67452
1.67486
1.67512
1.6753
1.6754
1.67542
1.67537
1.67524
1.67504
1.67477
1.67442
1.67401
1.67352
1.67298
1.67237
1.6717
1.67097
1.67019
1.66936
1.66847
1.66754
1.66656
1.66554
1.66447
1.66336
1.66222
1.66103
1.65982
1.65856
1.65728
1.65596
1.65461
1.65323
1.65182
1.65038
1.64891
1.64741
1.64588
1.64433
1.64274
1.64113
1.63949
1.63783
1.63613
1.63441
1.63266
1.63089
1.62909
1.62726
1.62541
1.62354
1.62165
1.61973
1.6178
1.61585
1.61388
1.61189
1.60989
1.60788
1.60587
1.60384
1.60181
1.59977
1.59774
1.5957
1.59367
1.59165
1.58963
1.58762
1.58563
1.58365
1.58169
1.57975
1.57784
1.57594
1.57408
1.57224
1.57044
1.56867
1.56693
1.56523
1.56357
1.56195
1.56037
1.55884
1.55735
1.55591
1.55451
1.55317
1.55188
1.55064
1.54945
1.54831
1.54723
1.5462
1.54523
1.54431
1.54345
1.54265
1.5419
1.54121
1.54057
1.53999
1.53947
1.53901
1.5386
1.53825
1.53796
1.53773
1.53755
1.53744
1.53738
1.53738
1.53744
1.53756
1.53774
1.53799
1.53829
1.53866
1.53909
1.53958
1.54014
1.54075
1.54143
1.54217
1.54297
1.54383
1.54475
1.54573
1.54676
1.54784
1.54898
1.55016
1.55139
1.55266
1.55397
1.55532
1.5567
1.55811
1.55954
1.561
1.56248
1.56397
1.56547
1.56699
1.5685
1.57002
1.57154
1.57306
1.57457
1.57606
1.57755
1.57903
1.58049
1.58193
1.58335
1.58475
1.58614
1.5875
1.58884
1.59015
1.59145
1.59271
1.59396
1.59518
1.59638
1.59756
1.59872
1.59985
1.60097
1.60206
1.60314
1.6042
1.60525
1.60628
1.6073
1.60831
1.60931
1.6103
1.61128
1.61226
1.61324
1.61422
1.61519
1.61617
1.61716
1.61815
1.61915
1.62015
1.62117
1.6222
1.62324
1.62429
1.62536
1.62645
1.62755
1.62867
1.6298
1.63095
1.63212
1.6333
1.6345
1.63571
1.63693
1.63817
1.63942
1.64068
1.64194
1.64322
1.64449
1.64577
1.64705
1.64833
1.6496
1.65086
1.65212
1.65336
1.65459
1.6558
1.657
1.65817
1.65932
1.66045
1.66155
1.66262
1.66366
1.66467
1.66564
1.66658
1.66748
1.66835
1.66917
1.66996
1.67071
1.67141
1.67208
1.6727
1.67329
1.67383
1.67433
1.67479
1.6752
1.67558
1.67592
1.67621
1.67647
1.67669
1.67687
1.67701
1.67712
1.67719
1.67723
1.67723
1.67721
1.67715
1.67706
1.67695
1.6768
1.67664
1.67645
1.67624
1.67602
1.67577
1.67552
1.67525
1.67497
1.67468
1.67439
1.6741
1.67381
1.67352
1.67324
1.67297
1.67272
1.67248
1.67226
1.67206
1.67188
1.67174
1.67162
1.67154
1.67148
1.67147
1.67149
1.67155
1.67165
1.67179
1.67197
1.6722
1.67246
1.67276
1.6731
1.67348
1.67389
1.67433
1.6748
1.67531
1.67583
1.67638
1.67694
1.67752
1.67811
1.67871
1.6793
1.6799
1.68049
1.68107
1.68164
1.68219
1.68272
1.68323
1.68371
1.68416
1.68457
1.68495
1.68529
1.68558
1.68584
1.68605
1.68621
1.68633
1.6864
1.68642
1.68639
1.68632
1.68619
1.68602
1.68581
1.68554
1.68524
1.68489
1.6845
1.68408
1.68362
1.68313
1.68262
1.68207
1.68151
1.68092
1.68033
1.67972
1.6791
1.67849
1.67787
1.67726
1.67667
1.67608
1.67552
1.67497
1.67446
1.67397
1.67352
1.67311
1.67273
1.67241
1.67213
1.67189
1.67172
1.67159
1.67152
1.67151
1.67155
1.67165
1.67181
1.67203
1.67231
1.67264
1.67303
1.67347
1.67397
1.67451
1.6751
1.67574
1.67642
1.67715
1.6779
1.67869
1.67952
1.68037
1.68124
1.68213
1.68304
1.68396
1.68489
1.68582
1.68676
1.6877
1.68863
1.68956
1.69048
1.69138
1.69227
1.69314
1.69399
1.69481
1.69561
1.69639
1.69713
1.69784
1.69852
1.69916
1.69976
1.70033
1.70085
1.70134
1.70178
1.70218
1.70253
1.70284
1.7031
1.70331
1.70347
1.70359
1.70365
1.70366
1.70362
1.70353
1.70339
1.70319
1.70294
1.70264
1.70228
1.70188
1.70141
1.7009
1.70034
1.69972
1.69906
1.69834
1.69758
1.69677
1.69592
1.69502
1.69408
1.69311
1.69209
1.69104
1.68996
1.68886
1.68772
1.68656
1.68539
1.68419
1.68298
1.68177
1.68054
1.67931
1.67809
1.67686
1.67565
1.67444
1.67325
1.67208
1.67092
1.66979
1.66869
1.66761
1.66657
1.66555
1.66458
1.66364
1.66274
1.66188
1.66107
1.66029
1.65956
1.65888
1.65824
1.65765
1.6571
1.65661
1.65616
1.65575
1.6554
1.65509
1.65483
1.65462
1.65445
1.65433
1.65426
1.65424
1.65426
1.65433
1.65445
1.65461
1.65481
1.65507
1.65536
1.6557
1.65609
1.65652
1.65698
1.65749
1.65804
1.65863
1.65925
1.65991
1.6606
1.66132
1.66208
1.66286
1.66366
1.66449
1.66534
1.66621
1.66709
1.66799
1.6689
1.66981
1.67073
1.67164
1.67256
1.67347
1.67437
1.67526
1.67614
1.677
1.67784
1.67866
1.67945
1.68022
1.68095
1.68165
1.68231
1.68294
1.68353
1.68407
1.68457
1.68502
1.68543
1.68579
1.68609
1.68635
1.68655
1.6867
1.68679
1.68683
1.68681
1.68673
1.6866
1.68641
1.68616
1.68586
1.6855
1.68508
1.68461
1.68408
1.68349
1.68285
1.68216
1.68142
1.68062
1.67977
1.67888
1.67793
1.67694
1.67591
1.67483
1.67371
1.67255
1.67134
1.6701
1.66883
1.66752
1.66617
1.6648
1.66339
1.66195
1.66049
1.65901
1.6575
1.65596
1.65441
1.65284
1.65125
1.64965
1.64803
1.6464
1.64476
1.64311
1.64145
1.63979
1.63812
1.63646
1.63479
1.63312
1.63146
1.6298
1.62815
1.62651
1.62487
1.62326
1.62166
1.62007
1.61851
1.61697
1.61545
1.61397
1.61251
1.61108
1.60969
1.60834
1.60703
1.60576
1.60454
1.60337
1.60224
1.60117
1.60016
1.59921
1.59831
1.59748
1.59671
1.59601
1.59537
1.59481
1.59432
1.59389
1.59355
1.59327
1.59307
1.59295
1.5929
1.59292
1.59302
1.59319
1.59344
1.59376
1.59414
1.5946
1.59513
1.59572
1.59638
1.5971
1.59788
1.59872
1.59962
1.60057
1.60157
1.60261
1.60371
1.60484
1.60602
1.60723
1.60848
1.60975
1.61106
1.61239
1.61375
1.61512
1.61651
1.61791
1.61933
1.62075
1.62219
1.62362
1.62505
1.62649
1.62792
1.62934
1.63075
1.63216
1.63355
1.63493
1.63629
1.63764
1.63896
1.64027
1.64156
1.64282
1.64406
1.64528
1.64648
1.64765
1.64879
1.64991
1.651
1.65207
1.65312
1.65414
1.65513
1.65611
1.65706
1.65798
1.65889
1.65977
1.66064
1.66148
1.6623
1.66311
1.6639
1.66467
1.66543
1.66617
1.6669
1.66761
1.66831
1.669
1.66967
1.67033
1.67098
1.67162
1.67224
1.67285
1.67345
1.67403
1.6746
1.67516
1.6757
1.67623
1.67674
1.67724
1.67771
1.67817
1.67861
1.67903
1.67943
1.67981
1.68016
1.68049
1.6808
1.68109
1.68135
1.68159
1.6818
1.68199
1.68215
1.68229
1.68241
1.6825
1.68257
1.68262
1.68265
1.68266
1.68265
1.68263
1.68258
1.68253
1.68246
1.68239
1.6823
1.68221
1.68211
1.68201
1.68191
1.68181
1.68171
1.68162
1.68153
1.68146
1.68138
1.68133
1.68128
1.68124
1.68122
1.68121
1.68122
1.68124
1.68127
1.68132
1.68139
1.68147
1.68156
1.68167
1.68179
1.68191
1.68205
1.6822
1.68235
1.68251
1.68267
1.68284
1.683
1.68316
1.68332
1.68347
1.68362
1.68375
1.68388
1.68399
1.68408
1.68416
1.68422
1.68426
1.68428
1.68428
1.68425
1.68419
1.68411
1.68401
1.68387
1.68371
1.68352
1.6833
1.68304
1.68276
1.68245
1.68212
1.68175
1.68135
1.68093
1.68048
1.68
1.6795
1.67898
1.67843
1.67786
1.67726
1.67665
1.67602
1.67537
1.67471
1.67403
1.67333
1.67263
1.67191
1.67118
1.67045
1.6697
1.66895
1.66819
1.66743
1.66666
1.66588
1.66511
1.66433
1.66354
1.66276
1.66197
1.66118
1.66038
1.65958
1.65878
1.65798
1.65717
1.65636
1.65555
1.65472
1.6539
1.65306
1.65222
1.65137
1.65052
1.64965
1.64878
1.64789
1.647
1.64609
1.64518
1.64425
1.64331
1.64236
1.6414
1.64043
1.63945
1.63846
1.63745
1.63644
1.63542
1.63439
1.63335
1.63231
1.63125
1.63019
1.62913
1.62806
1.62699
1.62591
1.62483
1.62374
1.62266
1.62157
1.62048
1.61939
1.61831
1.61722
1.61613
1.61504
1.61395
1.61286
1.61177
1.61069
1.6096
1.60852
1.60743
1.60635
1.60527
1.60419
1.60312
1.60205
1.60098
1.59992
1.59886
1.59781
1.59677
1.59574
1.59471
1.5937
1.59271
1.59173
1.59077
1.58982
1.58891
1.58802
1.58715
1.58632
1.58552
1.58476
1.58404
1.58336
1.58273
1.58215
1.58162
1.58115
1.58074
1.58039
1.5801
1.57988
1.57973
1.57965
1.57965
1.57973
1.57988
1.58011
1.58042
1.58082
1.58129
1.58185
1.5825
1.58322
1.58403
1.58492
1.5859
1.58695
1.58808
1.58928
1.59056
1.59191
1.59333
1.59482
1.59637
1.59798
1.59964
1.60136
1.60313
1.60495
1.60681
1.6087
1.61063
1.61259
1.61457
1.61658
1.6186
1.62064
1.62269
1.62474
1.62679
1.62884
1.63088
1.63291
1.63492
1.63692
1.63889
1.64084
1.64275
1.64464
1.64649
1.64829
1.65006
1.65178
1.65346
1.65508
1.65666
1.65818
1.65964
1.66104
1.66239
1.66368
1.6649
1.66606
1.66716
1.6682
1.66917
1.67008
1.67093
1.67171
1.67243
1.67309
1.67369
1.67423
1.6747
1.67513
1.67549
1.6758
1.67606
1.67627
1.67643
1.67655
1.67662
1.67665
1.67664
1.67659
1.67651
1.67639
1.67625
1.67608
1.67589
1.67567
1.67544
1.6752
1.67494
1.67467
1.6744
1.67412
1.67385
1.67357
1.67331
1.67304
1.67279
1.67256
1.67234
1.67213
1.67195
1.67179
1.67165
1.67154
1.67146
1.67141
1.67139
1.6714
1.67144
1.67152
1.67163
1.67178
1.67196
1.67218
1.67243
1.67271
1.67303
1.67339
1.67377
1.67418
1.67463
1.6751
1.67559
1.67611
1.67665
1.67721
1.67778
1.67837
1.67897
1.67958
1.6802
1.68082
1.68144
1.68206
1.68267
1.68328
1.68388
1.68447
1.68504
1.68559
1.68613
1.68664
1.68714
1.6876
1.68804
1.68845
1.68883
1.68917
1.68949
1.68977
1.69001
1.69021
1.69038
1.69051
1.69059
1.69064
1.69065
1.69061
1.69053
1.69041
1.69024
1.69003
1.68978
1.68948
1.68913
1.68874
1.68831
1.68782
1.68729
1.68671
1.68609
1.68542
1.6847
1.68393
1.68312
1.68225
1.68135
1.68039
1.67939
1.67834
1.67725
1.67611
1.67493
1.67371
1.67245
1.67114
1.6698
1.66842
1.66701
1.66557
1.66409
1.66259
1.66106
1.6595
1.65793
1.65634
1.65473
1.65311
1.65148
1.64984
1.6482
1.64656
1.64492
1.64328
1.64165
1.64004
1.63843
1.63684
1.63527
1.63371
1.63218
1.63068
1.6292
1.62775
1.62633
1.62494
1.62359
1.62227
1.62098
1.61974
1.61853
1.61736
1.61623
1.61515
1.6141
1.6131
1.61215
1.61124
1.61037
1.60955
1.60877
1.60804
1.60736
1.60673
1.60614
1.6056
1.6051
1.60466
1.60426
1.60391
1.6036
1.60334
1.60313
1.60296
1.60284
1.60276
1.60272
1.60273
1.60278
1.60287
1.603
1.60317
1.60337
1.60361
1.60389
1.6042
1.60454
1.60492
1.60532
1.60576
1.60622
1.6067
1.60721
1.60775
1.60831
1.60889
1.60948
1.6101
1.61074
1.6114
1.61207
1.61276
1.61346
1.61418
1.61491
1.61566
1.61642
1.61719
1.61798
1.61878
1.61959
1.62041
1.62124
1.62209
1.62294
1.62381
1.62469
1.62558
1.62648
1.6274
1.62832
1.62926
1.6302
1.63116
1.63213
1.63311
1.6341
1.6351
1.63611
1.63713
1.63816
1.6392
1.64025
1.64131
1.64238
1.64346
1.64454
1.64563
1.64673
1.64783
1.64894
1.65005
1.65116
1.65227
1.65338
1.65449
1.6556
1.65671
1.65781
1.6589
1.65999
1.66107
1.66214
1.6632
1.66424
1.66527
1.66629
1.66729
1.66828
1.66925
1.67019
1.67112
1.67203
1.67291
1.67377
1.67461
1.67542
1.67621
1.67697
1.6777
1.67841
1.67908
1.67973
1.68034
1.68093
1.68148
1.682
1.68249
1.68294
1.68336
1.68374
1.68409
1.6844
1.68468
1.68492
1.68512
1.68528
1.6854
1.68549
1.68555
1.68556
1.68554
1.68548
1.6854
1.68527
1.68512
1.68494
1.68473
1.6845
1.68424
1.68396
1.68366
1.68335
1.68303
1.68269
1.68235
1.68201
1.68167
1.68133
1.681
1.68067
1.68036
1.68007
1.67979
1.67954
1.67931
1.67911
1.67894
1.6788
1.67869
1.67862
1.67859
1.67859
1.67864
1.67872
1.67885
1.67901
1.67922
1.67947
1.67976
1.68009
1.68047
1.68088
1.68132
1.68181
1.68233
1.68288
1.68347
1.68408
1.68472
1.68539
1.68607
1.68678
1.68751
1.68825
1.68901
1.68977
1.69055
1.69133
1.69211
1.69289
1.69367
1.69444
1.6952
1.69595
1.69669
1.69741
1.69811
1.69879
1.69945
1.70008
1.70068
1.70125
1.70179
1.70229
1.70275
1.70317
1.70354
1.70388
1.70416
1.7044
1.70458
1.70471
1.70479
1.70482
1.70478
1.70469
1.70454
1.70433
1.70406
1.70373
1.70333
1.70288
1.70236
1.70179
1.70115
1.70045
1.6997
1.69888
1.69801
1.69709
1.69612
1.69509
1.69402
1.6929
1.69173
1.69053
1.6893
1.68802
1.68672
1.68539
1.68404
1.68267
1.68128
1.67988
1.67848
1.67706
1.67565
1.67424
1.67284
1.67144
1.67006
1.6687
1.66735
1.66603
1.66473
1.66346
1.66222
1.66101
1.65984
1.6587
1.6576
1.65654
1.65552
1.65453
1.65359
1.65269
1.65183
1.65101
1.65024
1.6495
1.64881
1.64815
1.64753
1.64696
1.64641
1.64591
1.64544
1.645
1.64459
1.64422
1.64387
1.64356
1.64327
1.643
1.64276
1.64254
1.64234
1.64215
1.64199
1.64184
1.64171
1.64158
1.64147
1.64137
1.64127
1.64118
1.64109
1.64101
1.64092
1.64083
1.64074
1.64064
1.64053
1.64041
1.64028
1.64014
1.63997
1.63979
1.63958
1.63936
1.6391
1.63882
1.6385
1.63815
1.63777
1.63735
1.63689
1.63639
1.63584
1.63525
1.63462
1.63393
1.6332
1.63242
1.63159
1.6307
1.62976
1.62878
1.62774
1.62665
1.62551
1.62432
1.62308
1.6218
1.62048
1.61911
1.61771
1.61627
1.61479
1.61329
1.61177
1.61023
1.60866
1.60709
1.60552
1.60394
1.60236
1.6008
1.59925
1.59772
1.59622
1.59475
1.59332
1.59194
1.59061
1.58934
1.58812
1.58698
1.58591
1.58492
1.58402
1.5832
1.58248
1.58186
1.58134
1.58092
1.58062
1.58042
1.58035
1.58038
1.58053
1.58081
1.5812
1.5817
1.58233
1.58307
1.58393
1.5849
1.58598
1.58716
1.58845
1.58984
1.59132
1.5929
1.59455
1.59629
1.5981
1.59998
1.60191
1.60391
1.60595
1.60803
1.61014
1.61228
1.61444
1.61661
1.61879
1.62097
1.62314
1.62529
1.62742
1.62952
1.63158
1.6336
1.63557
1.63749
1.63934
1.64113
1.64285
1.64449
1.64605
1.64752
1.6489
1.65019
1.65138
1.65247
1.65345
1.65432
1.65509
1.65574
1.65628
1.6567
1.65701
1.6572
1.65727
1.65723
1.65706
1.65678
1.65639
1.65588
1.65525
1.65452
1.65367
1.65272
1.65166
1.65051
1.64925
1.6479
1.64646
1.64493
1.64332
1.64163
1.63986
1.63803
1.63613
1.63417
1.63216
1.6301
1.62799
1.62585
1.62368
1.62147
1.61925
1.61701
1.61475
1.61249
1.61023
1.60798
1.60573
1.6035
1.60129
1.59909
1.59693
1.59479
1.59269
1.59063
1.5886
1.58662
1.58469
1.5828
1.58096
1.57917
1.57743
1.57575
1.57412
1.57255
1.57103
1.56957
1.56816
1.56681
1.56552
1.56428
1.5631
1.56197
1.5609
1.55988
1.55892
1.55801
1.55716
1.55636
1.55562
1.55493
1.5543
1.55372
1.5532
1.55273
1.55232
1.55196
1.55167
1.55143
1.55125
1.55113
1.55107
1.55107
1.55114
1.55127
1.55146
1.55171
1.55203
1.55242
1.55287
1.55338
1.55397
1.55462
1.55533
1.55612
1.55696
1.55788
1.55885
1.5599
1.561
1.56216
1.56339
1.56467
1.56601
1.5674
1.56885
1.57034
1.57189
1.57348
1.57511
1.57679
1.5785
1.58024
1.58202
1.58383
1.58567
1.58753
1.58941
1.59131
1.59322
1.59515
1.59709
1.59904
1.60099
1.60295
1.6049
1.60686
1.60881
1.61076
1.6127
1.61463
1.61655
1.61845
1.62035
1.62223
1.62409
1.62594
1.62777
1.62958
1.63138
1.63315
1.6349
1.63664
1.63835
1.64005
1.64172
1.64337
1.64501
1.64662
1.64822
1.64979
1.65135
1.6529
1.65442
1.65593
1.65742
1.6589
1.66037
1.66182
1.66326
1.66469
1.66611
1.66752
1.66891
1.67031
1.67169
1.67306
1.67443
1.67579
1.67715
1.67849
1.67984
1.68117
1.6825
1.68382
1.68513
1.68644
1.68773
1.68901
1.69029
1.69155
1.69279
1.69402
1.69524
1.69643
1.69761
1.69876
1.69989
1.70099
1.70207
1.70311
1.70412
1.7051
1.70604
1.70695
1.70781
1.70863
1.70941
1.71013
1.71081
1.71144
1.71201
1.71253
1.71299
1.71339
1.71373
1.71401
1.71423
1.71438
1.71447
1.71449
1.71444
1.71433
1.71414
1.71389
1.71357
1.71317
1.71271
1.71218
1.71158
1.71091
1.71017
1.70937
1.7085
1.70756
1.70657
1.70551
1.70439
1.70321
1.70197
1.70068
1.69934
1.69795
1.6965
1.69502
1.69348
1.69191
1.6903
1.68865
1.68696
1.68525
1.68351
1.68174
1.67996
1.67815
1.67633
1.6745
1.67266
1.67082
1.66898
1.66714
1.66531
1.66349
1.66169
1.65991
1.65816
1.65643
1.65474
1.65309
1.65148
1.64991
1.6484
1.64694
1.64554
1.64421
1.64294
1.64174
1.64062
1.63958
1.63861
1.63773
1.63694
1.63623
1.63561
1.63509
1.63466
1.63432
1.63408
1.63393
1.63388
1.63393
1.63406
1.6343
1.63462
1.63504
1.63555
1.63615
1.63683
1.63759
1.63843
1.63936
1.64035
1.64142
1.64255
1.64374
1.645
1.64631
1.64767
1.64907
1.65052
1.65201
1.65353
1.65508
1.65665
1.65824
1.65985
1.66148
1.6631
1.66473
1.66637
1.66799
1.66961
1.67121
1.6728
1.67437
1.67591
1.67744
1.67893
1.68039
1.68182
1.68321
1.68456
1.68587
1.68714
1.68837
1.68955
1.69068
1.69176
1.69279
1.69377
1.6947
1.69558
1.6964
1.69716
1.69787
1.69852
1.69912
1.69965
1.70013
1.70055
1.70091
1.70121
1.70146
1.70164
1.70176
1.70183
1.70183
1.70178
1.70167
1.70149
1.70127
1.70098
1.70064
1.70024
1.69979
1.69929
1.69873
1.69812
1.69746
1.69675
1.696
1.6952
1.69435
1.69347
1.69254
1.69157
1.69057
1.68953
1.68845
1.68735
1.68621
1.68505
1.68387
1.68266
1.68143
1.68018
1.67891
1.67763
1.67633
1.67502
1.67371
1.67239
1.67106
1.66973
1.66839
1.66706
1.66573
1.6644
1.66308
1.66176
1.66045
1.65916
1.65787
1.6566
1.65535
1.65411
1.65289
1.65169
1.65052
1.64936
1.64824
1.64714
1.64607
1.64503
1.64402
1.64305
1.64212
1.64122
1.64037
1.63956
1.63879
1.63808
1.63741
1.6368
1.63624
1.63574
1.6353
1.63492
1.6346
1.63435
1.63417
1.63406
1.63402
1.63405
1.63416
1.63434
1.63461
1.63495
1.63537
1.63587
1.63645
1.63712
1.63786
1.63868
1.63959
1.64057
1.64163
1.64277
1.64397
1.64525
1.6466
1.64802
1.64949
1.65103
1.65262
1.65427
1.65596
1.65769
1.65946
1.66127
1.6631
1.66496
1.66684
1.66873
1.67062
1.67252
1.67442
1.67631
1.67819
1.68004
1.68188
1.68369
1.68546
1.6872
1.6889
1.69055
1.69215
1.6937
1.6952
1.69664
1.69801
1.69932
1.70057
1.70175
1.70286
1.70389
1.70486
1.70575
1.70657
1.70732
1.70799
1.70859
1.70912
1.70957
1.70996
1.71027
1.71051
1.71068
1.71079
1.71084
1.71082
1.71074
1.7106
1.71041
1.71016
1.70986
1.70951
1.70912
1.70868
1.70821
1.7077
1.70715
1.70657
1.70597
1.70533
1.70468
1.704
1.70331
1.70261
1.70189
1.70117
1.70044
1.69971
1.69897
1.69824
1.69752
1.69679
1.69608
1.69538
1.69469
1.69401
1.69335
1.69271
1.69208
1.69147
1.69088
1.69032
1.68977
1.68925
1.68875
1.68827
1.68782
1.68739
1.68699
1.68661
1.68625
1.68592
1.6856
1.68531
1.68505
1.6848
1.68457
1.68436
1.68417
1.684
1.68384
1.6837
1.68357
1.68346
1.68335
1.68326
1.68317
1.68309
1.68301
1.68294
1.68287
1.6828
1.68273
1.68266
1.68258
1.6825
1.68241
1.68231
1.6822
1.68208
1.68194
1.68179
1.68163
1.68145
1.68125
1.68104
1.6808
1.68055
1.68027
1.67998
1.67966
1.67932
1.67895
1.67857
1.67816
1.67774
1.67729
1.67682
1.67633
1.67582
1.67529
1.67474
1.67418
1.6736
1.673
1.6724
1.67177
1.67114
1.67049
1.66984
1.66917
1.6685
1.66782
1.66713
1.66644
1.66575
1.66506
1.66436
1.66366
1.66296
1.66226
1.66156
1.66086
1.66017
1.65948
1.65879
1.65811
1.65743
1.65676
1.6561
1.65544
1.6548
1.65416
1.65353
1.65291
1.65231
1.65172
1.65114
1.65057
1.65002
1.64949
1.64898
1.64848
1.648
1.64755
1.64711
1.64669
1.6463
1.64592
1.64557
1.64524
1.64493
1.64464
1.64437
1.64412
1.64389
1.64368
1.64349
1.64331
1.64315
1.643
1.64286
1.64273
1.64261
1.64249
1.64237
1.64225
1.64213
1.642
1.64187
1.64172
1.64155
1.64137
1.64117
1.64095
1.6407
1.64042
1.64011
1.63976
1.63938
1.63896
1.6385
1.63799
1.63744
1.63684
1.6362
1.6355
1.63476
1.63396
1.63312
1.63222
1.63127
1.63026
1.62921
1.62811
1.62696
1.62576
1.62451
1.62322
1.62188
1.6205
1.61909
1.61764
1.61615
1.61464
1.61309
1.61152
1.60993
1.60832
1.60669
1.60505
1.6034
1.60175
1.60009
1.59843
1.59678
1.59513
1.5935
1.59188
1.59028
1.5887
1.58714
1.58562
1.58412
1.58266
1.58124
1.57986
1.57853
1.57724
1.576
1.57482
1.5737
1.57264
1.57164
1.57071
1.56984
1.56905
1.56832
1.56768
1.56711
1.56662
1.5662
1.56587
1.56562
1.56546
1.56537
1.56537
1.56545
1.56561
1.56585
1.56617
1.56656
1.56704
1.56758
1.5682
1.56889
1.56964
1.57045
1.57132
1.57225
1.57323
1.57425
1.57532
1.57643
1.57757
1.57875
1.57995
1.58117
1.5824
1.58365
1.58491
1.58617
1.58742
1.58868
1.58992
1.59114
1.59235
1.59353
1.59469
1.59581
1.5969
1.59796
1.59897
1.59993
1.60085
1.60171
1.60252
1.60327
1.60397
1.6046
1.60517
1.60567
1.60611
1.60648
1.60678
1.60701
1.60717
1.60726
1.60728
1.60723
1.60711
1.60692
1.60667
1.60634
1.60595
1.6055
1.60498
1.6044
1.60377
1.60308
1.60233
1.60154
1.6007
1.59982
1.5989
1.59795
1.59696
1.59594
1.5949
1.59384
1.59277
1.59168
1.59059
1.5895
1.5884
1.58732
1.58624
1.58519
1.58415
1.58314
1.58215
1.5812
1.58029
1.57942
1.57859
1.57781
1.57709
1.57642
1.57581
1.57526
1.57478
1.57436
1.57402
1.57374
1.57355
1.57342
1.57338
1.57342
1.57354
1.57374
1.57402
1.57438
1.57484
1.57537
1.57599
1.5767
1.57749
1.57836
1.57932
1.58036
1.58149
1.58269
1.58398
1.58534
1.58678
1.5883
1.58989
1.59155
1.59328
1.59507
1.59693
1.59885
1.60083
1.60287
1.60496
1.6071
1.60928
1.61151
1.61378
1.61609
1.61843
1.62079
1.62319
1.62561
1.62805
1.6305
1.63297
1.63544
1.63792
1.6404
1.64288
1.64535
1.64782
1.65027
1.65271
1.65513
1.65753
1.6599
1.66225
1.66456
1.66685
1.66909
1.6713
1.67347
1.67559
1.67767
1.6797
1.68168
1.68361
1.68548
1.6873
1.68906
1.69076
1.69239
1.69397
1.69548
1.69692
1.6983
1.69961
1.70084
1.70201
1.70311
1.70413
1.70508
1.70596
1.70676
1.70749
1.70815
1.70873
1.70923
1.70966
1.71002
1.7103
1.71051
1.71065
1.71071
1.71071
1.71064
1.7105
1.7103
1.71003
1.7097
1.70931
1.70886
1.70835
1.7078
1.70719
1.70654
1.70584
1.7051
1.70432
1.7035
1.70266
1.70178
1.70087
1.69995
1.699
1.69804
1.69706
1.69607
1.69507
1.69407
1.69307
1.69207
1.69108
1.69009
1.68911
1.68815
1.6872
1.68626
1.68535
1.68446
1.68359
1.68274
1.68193
1.68114
1.68038
1.67965
1.67895
1.67829
1.67766
1.67706
1.6765
1.67597
1.67547
1.67501
1.67459
1.67419
1.67383
1.6735
1.6732
1.67294
1.6727
1.67248
1.67229
1.67213
1.67199
1.67187
1.67176
1.67168
1.67161
1.67155
1.6715
1.67146
1.67143
1.67141
1.67139
1.67137
1.67135
1.67133
1.67131
1.67128
1.67125
1.67122
1.67118
1.67113
1.67107
1.67101
1.67094
1.67085
1.67076
1.67066
1.67055
1.67043
1.6703
1.67016
1.67001
1.66985
1.66969
1.66951
1.66933
1.66914
1.66894
1.66874
1.66853
1.66831
1.66809
1.66786
1.66763
1.66739
1.66716
1.66691
1.66667
1.66642
1.66617
1.66592
1.66567
1.66542
1.66516
1.6649
1.66464
1.66438
1.66412
1.66385
1.66358
1.66331
1.66303
1.66275
1.66246
1.66217
1.66187
1.66156
1.66125
1.66092
1.66059
1.66025
1.6599
1.65955
1.65918
1.6588
1.65841
1.65801
1.65761
1.65719
1.65676
1.65633
1.65588
1.65543
1.65497
1.65451
1.65403
1.65356
1.65307
1.65259
1.65209
1.6516
1.6511
1.6506
1.6501
1.6496
1.64909
1.64859
1.64809
1.64758
1.64708
1.64658
1.64607
1.64557
1.64507
1.64458
1.64408
1.64358
1.64309
1.6426
1.64211
1.64162
1.64113
1.64065
1.64016
1.63968
1.63921
1.63873
1.63826
1.63779
1.63733
1.63687
1.63641
1.63596
1.63552
1.63509
1.63466
1.63424
1.63383
1.63342
1.63303
1.63265
1.63228
1.63193
1.63158
1.63125
1.63094
1.63064
1.63036
1.63009
1.62984
1.62961
1.62939
1.6292
1.62902
1.62886
1.62872
1.6286
1.62851
1.62843
1.62837
1.62834
1.62833
1.62834
1.62837
1.62843
1.62851
1.62861
1.62874
1.62889
1.62907
1.62928
1.62951
1.62977
1.63006
1.63038
1.63073
1.63111
1.63152
1.63196
1.63244
1.63295
1.6335
1.63408
1.6347
1.63535
1.63604
1.63677
1.63754
1.63835
1.6392
1.64009
1.64101
1.64198
1.64299
1.64404
1.64513
1.64625
1.64742
1.64862
1.64986
1.65114
1.65245
1.65379
1.65516
1.65656
1.65799
1.65944
1.66091
1.6624
1.66391
1.66543
1.66696
1.6685
1.67004
1.67158
1.67312
1.67466
1.67618
1.6777
1.6792
1.68068
1.68214
1.68358
1.68499
1.68638
1.68773
1.68905
1.69034
1.69158
1.69279
1.69396
1.69509
1.69617
1.69721
1.69821
1.69916
1.70007
1.70093
1.70174
1.70251
1.70324
1.70392
1.70455
1.70514
1.70568
1.70619
1.70664
1.70706
1.70743
1.70777
1.70806
1.70831
1.70853
1.7087
1.70884
1.70894
1.70901
1.70903
1.70902
1.70898
1.7089
1.70878
1.70863
1.70844
1.70822
1.70796
1.70766
1.70733
1.70697
1.70657
1.70614
1.70567
1.70516
1.70462
1.70405
1.70344
1.7028
1.70213
1.70142
1.70068
1.69991
1.69911
1.69828
1.69742
1.69654
1.69562
1.69469
1.69373
1.69275
1.69175
1.69073
1.6897
1.68865
1.68759
1.68651
1.68543
1.68434
1.68325
1.68215
1.68105
1.67995
1.67885
1.67775
1.67665
1.67556
1.67447
1.67339
1.67232
1.67125
1.67019
1.66914
1.6681
1.66706
1.66604
1.66501
1.664
1.66299
1.66198
1.66098
1.65998
1.65898
1.65798
1.65698
1.65598
1.65497
1.65395
1.65293
1.65189
1.65085
1.64979
1.64871
1.64761
1.6465
1.64536
1.64421
1.64302
1.64181
1.64057
1.6393
1.638
1.63667
1.6353
1.63389
1.63245
1.63097
1.62945
1.62788
1.62628
1.62463
1.62294
1.62121
1.61944
1.61762
1.61575
1.61385
1.6119
1.60991
1.60788
1.6058
1.60369
1.60155
1.59936
1.59715
1.5949
1.59263
1.59033
1.588
1.58566
1.5833
1.58092
1.57854
1.57615
1.57376
1.57137
1.56898
1.56661
1.56426
1.56192
1.55961
1.55733
1.55508
1.55287
1.5507
1.54858
1.54652
1.54451
1.54256
1.54068
1.53887
1.53714
1.53548
1.53391
1.53243
1.53103
1.52973
1.52853
1.52742
1.52643
1.52553
1.52475
1.52407
1.52351
1.52306
1.52272
1.52251
1.52241
1.52242
1.52256
1.52281
1.52318
1.52366
1.52426
1.52498
1.5258
1.52674
1.52779
1.52894
1.53019
1.53154
1.53299
1.53453
1.53616
1.53788
1.53967
1.54155
1.5435
1.54552
1.54761
1.54975
1.55195
1.55421
1.55651
1.55886
1.56125
1.56368
1.56613
1.56862
1.57112
1.57365
1.57619
1.57875
1.58131
1.58388
1.58645
1.58902
1.59159
1.59414
1.59669
1.59922
1.60174
1.60424
1.60671
1.60917
1.61159
1.61399
1.61636
1.61869
1.62099
1.62325
1.62547
1.62766
1.6298
1.6319
1.63395
1.63596
1.63792
1.63984
1.6417
1.64352
1.64529
1.647
1.64867
1.65028
1.65185
1.65336
1.65482
1.65623
1.6576
1.65891
1.66018
1.6614
1.66258
1.66371
1.66481
1.66586
1.66688
1.66786
1.6688
1.66972
1.67061
1.67147
1.67231
1.67312
1.67392
1.6747
1.67546
1.67622
1.67696
1.67769
1.67842
1.67914
1.67985
1.68056
1.68127
1.68198
1.68268
1.68339
1.68409
1.68479
1.68549
1.68618
1.68687
1.68756
1.68823
1.6889
1.68956
1.69021
1.69085
1.69147
1.69207
1.69265
1.69321
1.69375
1.69426
1.69475
1.6952
1.69562
1.69601
1.69636
1.69667
1.69694
1.69717
1.69735
1.69749
1.69758
1.69762
1.69761
1.69755
1.69744
1.69727
1.69704
1.69676
1.69642
1.69602
1.69556
1.69504
1.69445
1.6938
1.69309
1.69231
1.69147
1.69056
1.68959
1.68855
1.68744
1.68626
1.68502
1.6837
1.68232
1.68088
1.67936
1.67778
1.67614
1.67442
1.67265
1.67081
1.66891
1.66695
1.66493
1.66285
1.66071
1.65853
1.65629
1.654
1.65167
1.64929
1.64687
1.64442
1.64193
1.63941
1.63686
1.63429
1.6317
1.6291
1.62648
1.62385
1.62123
1.6186
1.61597
1.61336
1.61076
1.60818
1.60562
1.60309
1.60059
1.59813
1.5957
1.59332
1.59098
1.58869
1.58646
1.58428
1.58216
1.5801
1.5781
1.57617
1.5743
1.57251
1.57078
1.56913
1.56754
1.56603
1.5646
1.56323
1.56194
1.56073
1.55959
1.55852
1.55753
1.55661
1.55577
1.555
1.5543
1.55368
1.55313
1.55265
1.55225
1.55192
1.55166
1.55147
1.55135
1.5513
1.55133
1.55143
1.55159
1.55183
1.55214
1.55252
1.55297
1.55349
1.55408
1.55473
1.55546
1.55625
1.55711
1.55804
1.55903
1.56009
1.56121
1.5624
1.56364
1.56495
1.56632
1.56774
1.56922
1.57076
1.57235
1.57399
1.57568
1.57742
1.5792
1.58103
1.5829
1.5848
1.58675
1.58873
1.59074
1.59278
1.59485
1.59695
1.59906
1.6012
1.60336
1.60554
1.60773
1.60993
1.61214
1.61435
1.61658
1.6188
1.62103
1.62326
1.62548
1.62769
1.6299
1.6321
1.63429
1.63647
1.63863
1.64077
1.64289
1.645
1.64708
1.64913
1.65116
1.65316
1.65514
1.65708
1.65898
1.66086
1.6627
1.6645
1.66626
1.66798
1.66966
1.6713
1.67289
1.67444
1.67594
1.6774
1.67881
1.68017
1.68149
1.68276
1.68398
1.68515
1.68627
1.68734
1.68837
1.68935
1.69029
1.69117
1.69202
1.69282
1.69358
1.69429
1.69497
1.69561
1.69621
1.69677
1.6973
1.6978
1.69827
1.69871
1.69912
1.6995
1.69986
1.7002
1.70051
1.7008
1.70107
1.70132
1.70156
1.70177
1.70197
1.70215
1.70232
1.70247
1.7026
1.70272
1.70283
1.70292
1.70299
1.70305
1.70309
1.70311
1.70313
1.70312
1.7031
1.70306
1.70301
1.70293
1.70285
1.70274
1.70262
1.70248
1.70233
1.70216
1.70197
1.70177
1.70155
1.70131
1.70106
1.70079
1.70051
1.7002
1.69989
1.69955
1.6992
1.69883
1.69845
1.69804
1.69762
1.69719
1.69673
1.69626
1.69577
1.69526
1.69473
1.69418
1.69362
1.69303
1.69243
1.69181
1.69117
1.69051
1.68983
1.68914
1.68842
1.6877
1.68695
1.68619
1.68541
1.68462
1.68382
1.683
1.68217
1.68133
1.68047
1.67961
1.67873
1.67785
1.67696
1.67606
1.67515
1.67423
1.67331
1.67238
1.67145
1.67051
1.66957
1.66862
1.66767
1.66672
1.66576
1.6648
1.66384
1.66288
1.66192
1.66096
1.66
1.65904
1.65808
1.65713
1.65618
1.65524
1.6543
1.65337
1.65245
1.65154
1.65064
1.64975
1.64888
1.64802
1.64718
1.64636
1.64555
1.64477
1.64401
1.64328
1.64256
1.64187
1.64121
1.64058
1.63997
1.63938
1.63883
1.6383
1.63779
1.63732
1.63686
1.63644
1.63603
1.63565
1.63528
1.63493
1.63461
1.63429
1.63399
1.6337
1.63341
1.63314
1.63286
1.63259
1.63233
1.63205
1.63178
1.6315
1.63121
1.63092
1.63061
1.6303
1.62997
1.62963
1.62927
1.62891
1.62852
1.62813
1.62772
1.62729
1.62686
1.62641
1.62595
1.62548
1.625
1.62452
1.62403
1.62354
1.62305
1.62255
1.62206
1.62158
1.6211
1.62064
1.62018
1.61974
1.61932
1.61891
1.61853
1.61817
1.61783
1.61753
1.61725
1.617
1.61679
1.61661
1.61647
1.61637
1.61631
1.61628
1.6163
1.61636
1.61647
1.61662
1.61681
1.61705
1.61733
1.61766
1.61804
1.61847
1.61894
1.61946
1.62003
1.62064
1.62131
1.62202
1.62277
1.62358
1.62443
1.62532
1.62627
1.62726
1.62829
1.62937
1.63049
1.63165
1.63286
1.63411
1.63539
1.63672
1.63808
1.63948
1.64091
1.64238
1.64388
1.64541
1.64696
1.64854
1.65015
1.65178
1.65343
1.6551
1.65679
1.6585
1.66022
1.66195
1.6637
1.66545
1.66721
1.66899
1.67076
1.67254
1.67432
1.67611
1.67789
1.67967
1.68144
1.68321
1.68497
1.68672
1.68845
1.69017
1.69188
1.69356
1.69522
1.69685
1.69846
1.70004
1.70158
1.70309
1.70456
1.70598
1.70736
1.70869
1.70997
1.7112
1.71237
1.71348
1.71453
1.71551
1.71643
1.71729
1.71807
1.71878
1.71942
1.71998
1.72047
1.72089
1.72122
1.72149
1.72167
1.72178
1.72181
1.72176
1.72164
1.72145
1.72119
1.72085
1.72045
1.71997
1.71944
1.71884
1.71818
1.71746
1.71669
1.71587
1.715
1.71409
1.71314
1.71216
1.71114
1.71009
1.70903
1.70794
1.70683
1.70572
1.70459
1.70347
1.70234
1.70122
1.70011
1.69901
1.69793
1.69686
1.69581
1.69479
1.69379
1.69282
1.69189
1.69098
1.6901
1.68926
1.68845
1.68767
1.68692
1.68621
1.68554
1.68489
1.68428
1.68369
1.68313
1.6826
1.68209
1.68161
1.68114
1.6807
1.68027
1.67986
1.67946
1.67907
1.67868
1.67831
1.67794
1.67757
1.6772
1.67683
1.67646
1.67608
1.6757
1.67531
1.67491
1.6745
1.67408
1.67365
1.67321
1.67275
1.67229
1.67181
1.67131
1.6708
1.67028
1.66974
1.66919
1.66862
1.66804
1.66745
1.66684
1.66622
1.66559
1.66494
1.66429
1.66362
1.66294
1.66226
1.66156
1.66086
1.66015
1.65943
1.65871
1.65798
1.65725
1.65652
1.65579
1.65505
1.65431
1.65358
1.65284
1.65211
1.65137
1.65065
1.64992
1.6492
1.64848
1.64777
1.64707
1.64637
1.64567
1.64498
1.6443
1.64362
1.64295
1.64229
1.64162
1.64096
1.64031
1.63965
1.639
1.63835
1.6377
1.63704
1.63638
1.63572
1.63505
1.63438
1.63369
1.633
1.6323
1.63158
1.63085
1.63011
1.62935
1.62858
1.6278
1.627
1.62618
1.62535
1.6245
1.62364
1.62277
1.62189
1.621
1.6201
1.6192
1.61829
1.61738
1.61647
1.61556
1.61465
1.61376
1.61287
1.61199
1.61112
1.61026
1.60942
1.6086
1.60779
1.607
1.60622
1.60546
1.60472
1.604
1.6033
1.60261
1.60193
1.60128
1.60063
1.6
1.59939
1.59878
1.59819
1.59761
1.59704
1.59648
1.59593
1.59539
1.59487
1.59435
1.59385
1.59336
1.59288
1.59242
1.59197
1.59154
1.59113
1.59073
1.59036
1.59001
1.58968
1.58938
1.5891
1.58885
1.58864
1.58845
1.5883
1.58818
1.5881
1.58806
1.58806
1.5881
1.58818
1.5883
1.58847
1.58869
1.58896
1.58927
1.58964
1.59005
1.59052
1.59104
1.59161
1.59224
1.59291
1.59365
1.59443
1.59527
1.59616
1.5971
1.59809
1.59914
1.60023
1.60137
1.60256
1.6038
1.60507
1.60639
1.60775
1.60914
1.61057
1.61203
1.61351
1.61503
1.61656
1.61811
1.61968
1.62126
1.62284
1.62443
1.62603
1.62761
1.62919
1.63076
1.63232
1.63386
1.63537
1.63687
1.63833
1.63976
1.64116
1.64251
1.64383
1.6451
1.64633
1.64751
1.64864
1.64971
1.65073
1.6517
1.6526
1.65345
1.65423
1.65495
1.65561
1.65621
1.65673
1.6572
1.65759
1.65792
1.65818
1.65837
1.6585
1.65855
1.65854
1.65846
1.65831
1.6581
1.65783
1.65749
1.65708
1.65662
1.65611
1.65553
1.65491
1.65424
1.65353
1.65277
1.65199
1.65117
1.65033
1.64947
1.6486
1.64772
1.64684
1.64597
1.64511
1.64426
1.64345
1.64266
1.6419
1.64119
1.64052
1.63989
1.63932
1.6388
1.63834
1.63793
1.63758
1.63728
1.63704
1.63685
1.63671
1.63662
1.63657
1.63657
1.6366
1.63667
1.63676
1.63688
1.63702
1.63718
1.63734
1.63752
1.63769
1.63787
1.63804
1.63821
1.63837
1.63852
1.63865
1.63876
1.63886
1.63894
1.63901
1.63905
1.63907
1.63907
1.63905
1.63902
1.63896
1.63888
1.63879
1.63868
1.63855
1.63842
1.63826
1.6381
1.63793
1.63775
1.63757
1.63738
1.63719
1.63699
1.6368
1.63662
1.63644
1.63627
1.6361
1.63595
1.63582
1.6357
1.6356
1.63552
1.63546
1.63543
1.63543
1.63546
1.63552
1.63561
1.63574
1.63591
1.63612
1.63638
1.63668
1.63702
1.63742
1.63786
1.63836
1.63892
1.63953
1.6402
1.64092
1.64171
1.64256
1.64347
1.64445
1.64549
1.64659
1.64775
1.64898
1.65028
1.65163
1.65305
1.65452
1.65605
1.65764
1.65929
1.66098
1.66272
1.66451
1.66633
1.66819
1.67009
1.67201
1.67396
1.67592
1.67789
1.67988
1.68186
1.68384
1.68581
1.68777
1.68971
1.69163
1.69351
1.69536
1.69717
1.69894
1.70066
1.70233
1.70394
1.7055
1.707
1.70843
1.7098
1.7111
1.71234
1.7135
1.7146
1.71563
1.71659
1.71748
1.71831
1.71906
1.71976
1.72038
1.72095
1.72145
1.7219
1.72229
1.72263
1.72291
1.72314
1.72332
1.72346
1.72355
1.7236
1.72361
1.72358
1.72352
1.72341
1.72328
1.72311
1.72291
1.72268
1.72243
1.72214
1.72182
1.72148
1.72111
1.72071
1.72028
1.71983
1.71935
1.71883
1.71829
1.71773
1.71713
1.71649
1.71583
1.71514
1.71441
1.71365
1.71285
1.71201
1.71114
1.71024
1.70929
1.7083
1.70728
1.70622
1.70511
1.70396
1.70278
1.70155
1.70028
1.69897
1.69762
1.69623
1.69479
1.69332
1.69181
1.69026
1.68868
1.68705
1.68539
1.6837
1.68197
1.68021
1.67843
1.67661
1.67476
1.67289
1.671
1.66908
1.66715
1.6652
1.66323
1.66125
1.65926
1.65726
1.65526
1.65325
1.65125
1.64925
1.64725
1.64527
1.6433
1.64134
1.6394
1.63748
1.63559
1.63372
1.63188
1.63008
1.62832
1.62659
1.6249
1.62326
1.62166
1.62012
1.61862
1.61717
1.61578
1.61445
1.61317
1.61196
1.6108
1.6097
1.60867
1.6077
1.60679
1.60595
1.60517
1.60445
1.6038
1.60321
1.60268
1.60222
1.60182
1.60148
1.6012
1.60098
1.60082
1.60071
1.60067
1.60067
1.60073
1.60084
1.601
1.6012
1.60145
1.60175
1.60209
1.60246
1.60288
1.60333
1.60381
1.60433
1.60488
1.60545
1.60605
1.60667
1.60732
1.60798
1.60867
1.60937
1.61008
1.6108
1.61154
1.61229
1.61304
1.6138
1.61456
1.61533
1.6161
1.61686
1.61763
1.6184
1.61916
1.61992
1.62068
1.62143
1.62218
1.62292
1.62366
1.62439
1.62512
1.62584
1.62656
1.62728
1.62799
1.62871
1.62942
1.63014
1.63085
1.63157
1.6323
1.63303
1.63377
1.63452
1.63528
1.63605
1.63684
1.63764
1.63846
1.6393
1.64015
1.64103
1.64193
1.64284
1.64378
1.64475
1.64573
1.64674
1.64777
1.64882
1.6499
1.651
1.65212
1.65326
1.65442
1.6556
1.6568
1.65801
1.65924
1.66048
1.66174
1.66301
1.66429
1.66558
1.66687
1.66817
1.66948
1.67078
1.67209
1.6734
1.6747
1.676
1.6773
1.67859
1.67986
1.68113
1.68238
1.68362
1.68485
1.68605
1.68723
1.68839
1.68953
1.69064
1.69173
1.69278
1.6938
1.69479
1.69574
1.69665
1.69753
1.69836
1.69914
1.69988
1.70057
1.70121
1.7018
1.70234
1.70282
1.70324
1.70361
1.70391
1.70415
1.70433
1.70444
1.70449
1.70447
1.70439
1.70423
1.70401
1.70372
1.70336
1.70293
1.70243
1.70186
1.70122
1.70051
1.69974
1.69889
1.69798
1.69701
1.69597
1.69488
1.69372
1.6925
1.69122
1.68989
1.6885
1.68707
1.68558
1.68405
1.68247
1.68085
1.67919
1.67749
1.67576
1.674
1.6722
1.67038
1.66853
1.66665
1.66476
1.66284
1.66091
1.65897
1.65701
1.65504
1.65306
1.65108
1.64909
1.6471
1.6451
1.64311
1.64112
1.63913
1.63715
1.63518
1.63322
1.63126
1.62933
1.6274
1.62549
1.62361
1.62174
1.6199
1.61808
1.61629
1.61453
1.61281
1.61112
1.60947
1.60787
1.60631
1.6048
1.60334
1.60193
1.60059
1.59931
1.59809
1.59694
1.59587
1.59487
1.59395
1.59311
1.59235
1.59168
1.5911
1.59061
1.5902
1.5899
1.58968
1.58956
1.58953
1.5896
1.58975
1.59
1.59034
1.59077
1.59128
1.59188
1.59256
1.59331
1.59414
1.59504
1.596
1.59703
1.59811
1.59925
1.60044
1.60167
1.60294
1.60425
1.60559
1.60695
1.60834
1.60975
1.61117
1.61261
1.61405
1.61549
1.61693
1.61838
1.61981
1.62124
1.62266
1.62406
1.62545
1.62682
1.62817
1.6295
1.63081
1.6321
1.63337
1.63461
1.63583
1.63702
1.63819
1.63933
1.64046
1.64155
1.64263
1.64368
1.64471
1.64571
1.6467
1.64767
1.64862
1.64955
1.65047
1.65137
1.65225
1.65312
1.65398
1.65482
1.65566
1.65648
1.6573
1.6581
1.6589
1.65969
1.66047
1.66125
1.66202
1.66278
1.66354
1.6643
1.66505
1.6658
1.66655
1.66729
1.66803
1.66877
1.66951
1.67024
1.67098
1.67171
1.67244
1.67318
1.67391
1.67465
1.67538
1.67612
1.67686
1.6776
1.67834
1.67909
1.67984
1.68059
1.68134
1.6821
1.68286
1.68362
1.68439
1.68516
1.68593
1.6867
1.68747
1.68824
1.68901
1.68978
1.69055
1.69131
1.69207
1.69282
1.69356
1.69429
1.69501
1.69572
1.69641
1.69709
1.69775
1.69839
1.69901
1.6996
1.70017
1.70072
1.70124
1.70173
1.70218
1.70261
1.70301
1.70337
1.7037
1.70399
1.70425
1.70447
1.70466
1.70481
1.70492
1.705
1.70505
1.70506
1.70503
1.70497
1.70488
1.70476
1.70461
1.70443
1.70422
1.70398
1.70371
1.70342
1.70311
1.70277
1.70241
1.70203
1.70162
1.7012
1.70075
1.70029
1.6998
1.6993
1.69877
1.69823
1.69766
1.69707
1.69646
1.69583
1.69518
1.6945
1.69379
1.69306
1.6923
1.69151
1.69069
1.68984
1.68896
1.68804
1.68709
1.6861
1.68508
1.68402
1.68292
1.68179
1.68062
1.67941
1.67816
1.67688
1.67556
1.6742
1.67281
1.67138
1.66992
1.66844
1.66692
1.66538
1.66381
1.66221
1.6606
1.65897
1.65733
1.65567
1.65401
1.65234
1.65066
1.64899
1.64732
1.64565
1.644
1.64236
1.64073
1.63913
1.63755
1.63599
1.63446
1.63297
1.63151
1.63009
1.6287
1.62736
1.62606
1.6248
1.62359
1.62243
1.62132
1.62025
1.61923
1.61826
1.61734
1.61647
1.61564
1.61486
1.61412
1.61343
1.61278
1.61217
1.6116
1.61106
1.61057
1.6101
1.60967
1.60927
1.6089
1.60855
1.60823
1.60793
1.60766
1.6074
1.60716
1.60695
1.60674
1.60656
1.60638
1.60622
1.60607
1.60593
1.6058
1.60568
1.60557
1.60547
1.60537
1.60528
1.6052
1.60512
1.60505
1.60498
1.60492
1.60487
1.60482
1.60478
1.60475
1.60473
1.60471
1.6047
1.60471
1.60472
1.60474
1.60478
1.60483
1.6049
1.60498
1.60508
1.6052
1.60534
1.6055
1.60568
1.60588
1.60612
1.60637
1.60666
1.60697
1.60732
1.60769
1.6081
1.60854
1.60902
1.60953
1.61008
1.61066
1.61129
1.61194
1.61264
1.61337
1.61414
1.61495
1.6158
1.61668
1.61759
1.61854
1.61953
1.62054
1.62159
1.62267
1.62377
1.6249
1.62606
1.62724
1.62843
1.62965
1.63088
1.63212
1.63338
1.63464
1.63591
1.63718
1.63845
1.63971
1.64098
1.64223
1.64348
1.64471
1.64592
1.64711
1.64829
1.64944
1.65056
1.65165
1.65272
1.65375
1.65474
1.6557
1.65662
1.65749
1.65833
1.65911
1.65986
1.66056
1.6612
1.6618
1.66236
1.66286
1.66331
1.6637
1.66405
1.66435
1.66459
1.66478
1.66493
1.66502
1.66506
1.66505
1.665
1.66489
1.66475
1.66455
1.66431
1.66403
1.66371
1.66334
1.66294
1.6625
1.66203
1.66152
1.66098
1.66041
1.65981
1.65918
1.65853
1.65785
1.65716
1.65644
1.65571
1.65496
1.65419
1.65342
1.65263
1.65183
1.65102
1.65021
1.6494
1.64858
1.64776
1.64694
1.64612
1.6453
1.64448
1.64367
1.64287
1.64207
1.64128
1.64051
1.63974
1.63898
1.63823
1.6375
1.63677
1.63607
1.63538
1.6347
1.63404
1.6334
1.63277
1.63217
1.63158
1.63101
1.63047
1.62994
1.62943
1.62895
1.62849
1.62805
1.62763
1.62723
1.62686
1.62651
1.62618
1.62588
1.62559
1.62534
1.6251
1.62489
1.62469
1.62453
1.62438
1.62425
1.62415
1.62407
1.62401
1.62397
1.62395
1.62395
1.62397
1.62402
1.62408
1.62416
1.62426
1.62438
1.62451
1.62467
1.62484
1.62503
1.62524
1.62547
1.62571
1.62597
1.62625
1.62654
1.62685
1.62718
1.62752
1.62788
1.62825
1.62863
1.62903
1.62944
1.62987
1.6303
1.63075
1.6312
1.63167
1.63214
1.63262
1.6331
1.63359
1.63408
1.63458
1.63507
1.63557
1.63607
1.63656
1.63705
1.63754
1.63803
1.63851
1.63899
1.63945
1.63992
1.64037
1.64081
1.64125
1.64167
1.64209
1.64249
1.64288
1.64326
1.64362
1.64397
1.64431
1.64462
1.64492
1.64519
1.64545
1.64568
1.64588
1.64606
1.64622
1.64634
1.64643
1.64649
1.64651
1.6465
1.64645
1.64636
1.64623
1.64605
1.64584
1.64557
1.64527
1.64491
1.64451
1.64406
1.64356
1.64302
1.64242
1.64178
1.64109
1.64036
1.63957
1.63875
1.63787
1.63696
1.636
1.635
1.63397
1.6329
1.63179
1.63066
1.62949
1.6283
1.62709
1.62586
1.62461
1.62334
1.62207
1.62079
1.6195
1.61822
1.61694
1.61567
1.61441
1.61316
1.61194
1.61074
1.60956
1.60842
1.60731
1.60624
1.60521
1.60422
1.60328
1.60239
1.60156
1.60077
1.60005
1.59939
1.59879
1.59825
1.59778
1.59737
1.59703
1.59676
1.59655
1.59642
1.59635
1.59636
1.59643
1.59657
1.59678
1.59706
1.59741
1.59782
1.5983
1.59884
1.59944
1.60011
1.60083
1.60161
1.60245
1.60334
1.60428
1.60528
1.60632
1.6074
1.60853
1.6097
1.6109
1.61214
1.61342
1.61472
1.61605
1.6174
1.61878
1.62017
1.62158
1.62301
1.62444
1.62588
1.62732
1.62877
1.63021
1.63165
1.63308
1.6345
1.6359
1.63729
1.63866
1.64001
1.64134
1.64264
1.64391
1.64514
1.64635
1.64752
1.64865
1.64974
1.6508
1.65181
1.65277
1.6537
1.65457
1.65541
1.65619
1.65693
1.65762
1.65827
1.65887
1.65942
1.65992
1.66038
1.66079
1.66116
1.66148
1.66175
1.66198
1.66217
1.66231
1.66241
1.66246
1.66247
1.66244
1.66236
1.66223
1.66206
1.66184
1.66157
1.66125
1.66089
1.66047
1.65999
1.65947
1.65888
1.65824
1.65754
1.65677
1.65595
1.65506
1.65411
1.65309
1.652
1.65085
1.64963
1.64833
1.64697
1.64554
1.64404
1.64248
1.64084
1.63914
1.63737
1.63554
1.63365
1.63169
1.62967
1.6276
1.62547
1.6233
1.62107
1.6188
1.61648
1.61413
1.61174
1.60932
1.60687
1.60439
1.6019
1.59939
1.59686
1.59433
1.5918
1.58926
1.58673
1.58421
1.5817
1.57921
1.57674
1.5743
1.57188
1.5695
1.56716
1.56486
1.5626
1.56039
1.55824
1.55613
1.55409
1.55211
1.5502
1.54835
1.54657
1.54487
1.54324
1.54169
1.54021
1.53882
1.53752
1.53629
1.53516
1.53412
1.53316
1.5323
1.53153
1.53085
1.53027
1.52979
1.52941
1.52912
1.52893
1.52884
1.52885
1.52896
1.52918
1.52949
1.5299
1.53042
1.53103
1.53174
1.53255
1.53346
1.53447
1.53557
1.53676
1.53804
1.53941
1.54087
1.54241
1.54403
1.54573
1.54751
1.54935
1.55126
1.55324
1.55527
1.55736
1.5595
1.56169
1.56391
1.56618
1.56847
1.57079
1.57313
1.57549
1.57785
1.58023
1.5826
1.58497
1.58733
1.58968
1.59201
1.59431
1.59659
1.59883
1.60104
1.60321
1.60534
1.60742
1.60945
1.61142
1.61335
1.61521
1.61702
1.61876
1.62044
1.62206
1.62361
1.6251
1.62652
1.62788
1.62917
1.6304
1.63157
1.63267
1.63371
1.63469
1.63562
1.63648
1.6373
1.63806
1.63878
1.63944
1.64007
1.64065
1.64119
1.6417
1.64218
1.64263
1.64305
1.64344
1.64382
1.64418
1.64452
1.64484
1.64516
1.64547
1.64577
1.64606
1.64636
1.64665
1.64694
1.64723
1.64752
1.64781
1.64811
1.64841
1.64871
1.64902
1.64933
1.64964
1.64995
1.65027
1.65059
1.65091
1.65122
1.65154
1.65186
1.65217
1.65248
1.65279
1.65309
1.65339
1.65369
1.65397
1.65426
1.65453
1.6548
1.65507
1.65533
1.65558
1.65583
1.65608
1.65632
1.65656
1.6568
1.65703
1.65727
1.65751
1.65775
1.658
1.65826
1.65852
1.65879
1.65907
1.65936
1.65967
1.65999
1.66033
1.66069
1.66107
1.66146
1.66188
1.66232
1.66278
1.66327
1.66378
1.66431
1.66486
1.66544
1.66603
1.66665
1.66728
1.66793
1.66859
1.66927
1.66995
1.67064
1.67133
1.67203
1.67272
1.6734
1.67407
1.67472
1.67536
1.67597
1.67655
1.67711
1.67762
1.6781
1.67854
1.67892
1.67926
1.67954
1.67977
1.67994
1.68004
1.68009
1.68006
1.67998
1.67982
1.6796
1.67931
1.67896
1.67855
1.67807
1.67753
1.67694
1.6763
1.6756
1.67487
1.6741
1.67329
1.67246
1.6716
1.67073
1.66986
1.66898
1.6681
1.66724
1.6664
1.66558
1.66479
1.66404
1.66333
1.66266
1.66204
1.66148
1.66097
1.66053
1.66014
1.65982
1.65956
1.65937
1.65924
1.65917
1.65917
1.65923
1.65935
1.65953
1.65977
1.66006
1.66041
1.6608
1.66124
1.66173
1.66226
1.66284
1.66345
1.6641
1.66479
1.66551
1.66626
1.66704
1.66785
1.66869
1.66956
1.67045
1.67137
1.6723
1.67326
1.67424
1.67524
1.67626
1.67729
1.67834
1.67941
1.68049
1.68158
1.68269
1.6838
1.68492
1.68604
1.68717
1.68831
1.68944
1.69057
1.6917
1.69282
1.69393
1.69503
1.69612
1.69719
1.69824
1.69927
1.70028
1.70127
1.70222
1.70315
1.70403
1.70489
1.7057
1.70648
1.70721
1.70789
1.70853
1.70912
1.70965
1.71013
1.71055
1.71092
1.71123
1.71147
1.71165
1.71177
1.71182
1.7118
1.71172
1.71156
1.71134
1.71104
1.71067
1.71023
1.70972
1.70913
1.70848
1.70775
1.70695
1.70608
1.70514
1.70413
1.70305
1.70191
1.7007
1.69943
1.6981
1.69672
1.69528
1.69379
1.69225
1.69067
1.68904
1.68738
1.68569
1.68396
1.68221
1.68044
1.67864
1.67684
1.67503
1.67321
1.67138
1.66957
1.66775
1.66595
1.66416
1.66238
1.66062
1.65889
1.65718
1.65549
1.65384
1.65221
1.65061
1.64905
1.64751
1.64601
1.64455
1.64311
1.64171
1.64035
1.63901
1.6377
1.63642
1.63517
1.63395
1.63275
1.63158
1.63042
1.62928
1.62816
1.62706
1.62597
1.62489
1.62382
1.62276
1.6217
1.62065
1.61961
1.61856
1.61752
1.61647
1.61543
1.61438
1.61333
1.61228
1.61123
1.61017
1.60912
1.60806
1.607
1.60595
1.60489
1.60384
1.60279
1.60175
1.60072
1.5997
1.59869
1.59769
1.59671
1.59575
1.59481
1.5939
1.593
1.59214
1.59131
1.59051
1.58974
1.58902
1.58833
1.58768
1.58708
1.58653
1.58602
1.58556
1.58515
1.5848
1.5845
1.58425
1.58406
1.58393
1.58386
1.58384
1.58388
1.58398
1.58414
1.58435
1.58463
1.58496
1.58534
1.58579
1.58628
1.58683
1.58743
1.58808
1.58878
1.58952
1.59031
1.59115
1.59202
1.59294
1.59389
1.59487
1.59589
1.59695
1.59803
1.59913
1.60027
1.60143
1.6026
1.6038
1.60502
1.60626
1.60751
1.60877
1.61005
1.61134
1.61264
1.61395
1.61527
1.61659
1.61792
1.61926
1.62061
1.62195
1.62331
1.62466
1.62602
1.62738
1.62874
1.6301
1.63145
1.63281
1.63416
1.63551
1.63686
1.63819
1.63952
1.64084
1.64215
1.64344
1.64472
1.64598
1.64722
1.64843
1.64963
1.6508
1.65193
1.65304
1.65412
1.65515
1.65615
1.65711
1.65803
1.6589
1.65972
1.66049
1.66122
1.66189
1.6625
1.66306
1.66357
1.66401
1.6644
1.66473
1.665
1.66521
1.66536
1.66545
1.66549
1.66547
1.66539
1.66525
1.66506
1.66482
1.66453
1.66419
1.6638
1.66336
1.66289
1.66237
1.66181
1.66121
1.66058
1.65992
1.65923
1.6585
1.65776
1.65699
1.65619
1.65538
1.65455
1.6537
1.65284
1.65197
1.65109
1.6502
1.6493
1.6484
1.64749
1.64658
1.64567
1.64476
1.64385
1.64295
1.64205
1.64116
1.64028
1.6394
1.63854
1.63769
1.63685
1.63603
1.63523
1.63445
1.63369
1.63295
1.63224
1.63156
1.6309
1.63028
1.62969
1.62914
1.62862
1.62814
1.6277
1.62731
1.62696
1.62666
1.6264
1.6262
1.62605
1.62595
1.62591
1.62592
1.62598
1.62611
1.62629
1.62653
1.62683
1.62719
1.6276
1.62807
1.6286
1.62918
1.62981
1.6305
1.63123
1.63202
1.63285
1.63372
1.63464
1.63559
1.63657
1.63759
1.63863
1.63969
1.64078
1.64188
1.64299
1.64411
1.64523
1.64635
1.64747
1.64857
1.64967
1.65075
1.6518
1.65283
1.65384
1.65481
1.65574
1.65664
1.6575
1.65831
1.65908
1.6598
1.66047
1.66109
1.66165
1.66216
1.66262
1.66302
1.66337
1.66366
1.66389
1.66408
1.6642
1.66428
1.6643
1.66427
1.66419
1.66406
1.66389
1.66368
1.66342
1.66312
1.66278
1.6624
1.66199
1.66154
1.66107
1.66056
1.66002
1.65946
1.65888
1.65826
1.65763
1.65698
1.6563
1.65561
1.65489
1.65416
1.65341
1.65265
1.65187
1.65107
1.65025
1.64942
1.64857
1.64771
1.64683
1.64594
1.64503
1.6441
1.64316
1.6422
1.64122
1.64023
1.63922
1.63819
1.63715
1.63609
1.63502
1.63393
1.63282
1.6317
1.63057
1.62942
1.62826
1.62709
1.6259
1.62471
1.6235
1.62229
1.62106
1.61983
1.6186
1.61736
1.61612
1.61487
1.61362
1.61237
1.61113
1.60988
1.60864
1.6074
1.60616
1.60493
1.60371
1.6025
1.60129
1.60009
1.59891
1.59773
1.59656
1.59541
1.59427
1.59315
1.59204
1.59094
1.58986
1.5888
1.58775
1.58673
1.58572
1.58473
1.58377
1.58282
1.5819
1.58101
1.58014
1.57929
1.57847
1.57769
1.57693
1.5762
1.57551
1.57485
1.57423
1.57365
1.5731
1.57259
1.57213
1.57171
1.57133
1.571
1.57072
1.57049
1.57031
1.57018
1.5701
1.57008
1.57012
1.57021
1.57036
1.57057
1.57085
1.57118
1.57158
1.57205
1.57258
1.57318
1.57384
1.57457
1.57537
1.57624
1.57718
1.57819
1.57927
1.58042
1.58164
1.58293
1.58429
1.58572
1.58722
1.58879
1.59042
1.59212
1.59389
1.59572
1.59762
1.59958
1.60159
1.60367
1.6058
1.60798
1.61021
1.61249
1.61482
1.61719
1.61959
1.62204
1.62451
1.62701
1.62954
1.63209
1.63466
1.63724
1.63983
1.64242
1.64501
1.6476
1.65018
1.65275
1.6553
1.65783
1.66033
1.6628
1.66524
1.66764
1.66999
1.6723
1.67455
1.67675
1.67888
1.68096
1.68296
1.68489
1.68675
1.68853
1.69023
1.69185
1.69338
1.69482
1.69617
1.69743
1.69859
1.69966
1.70063
1.7015
1.70227
1.70294
1.70351
1.70398
1.70435
1.70463
1.7048
1.70488
1.70487
1.70476
1.70456
1.70427
1.70389
1.70343
1.70289
1.70227
1.70158
1.70081
1.69998
1.69909
1.69813
1.69712
1.69605
1.69494
1.69378
1.69259
1.69135
1.69009
1.6888
1.68748
1.68614
1.68479
1.68342
1.68204
1.68065
1.67926
1.67787
1.67648
1.6751
1.67371
1.67234
1.67098
1.66963
1.66829
1.66697
1.66566
1.66437
1.66309
1.66184
1.66061
1.6594
1.6582
1.65704
1.65589
1.65477
1.65367
1.65259
1.65154
1.65052
1.64952
1.64855
1.64761
1.64669
1.6458
1.64495
1.64412
1.64332
1.64256
1.64182
1.64112
1.64046
1.63983
1.63923
1.63867
1.63815
1.63767
1.63723
1.63683
1.63647
1.63616
1.63588
1.63565
1.63547
1.63533
1.63524
1.6352
1.6352
1.63525
1.63535
1.6355
1.63569
1.63593
1.63622
1.63656
1.63694
1.63737
1.63784
1.63835
1.6389
1.6395
1.64013
1.6408
1.6415
1.64223
1.64298
1.64376
1.64457
1.64539
1.64623
1.64707
1.64793
1.64879
1.64965
1.6505
1.65135
1.65218
1.653
1.6538
1.65458
1.65532
1.65604
1.65672
1.65737
1.65797
1.65853
1.65904
1.65949
1.6599
1.66025
1.66054
1.66077
1.66094
1.66105
1.6611
1.66108
1.66099
1.66084
1.66063
1.66035
1.66
1.65959
1.65912
1.65859
1.65799
1.65734
1.65663
1.65587
1.65506
1.6542
1.65329
1.65233
1.65134
1.65031
1.64924
1.64814
1.64701
1.64586
1.64469
1.6435
1.64229
1.64107
1.63985
1.63862
1.63739
1.63616
1.63494
1.63373
1.63253
1.63134
1.63018
1.62903
1.62791
1.62682
1.62576
1.62473
1.62373
1.62278
1.62186
1.62098
1.62015
1.61936
1.61862
1.61793
1.61729
1.6167
1.61616
1.61567
1.61523
1.61484
1.61451
1.61423
1.614
1.61381
1.61368
1.6136
1.61357
1.61358
1.61363
1.61373
1.61387
1.61405
1.61427
1.61453
1.61482
1.61515
1.61551
1.6159
1.61631
1.61676
1.61723
1.61773
1.61826
1.61881
1.61938
1.61997
1.62058
1.62122
1.62188
1.62255
1.62325
1.62397
1.62471
1.62546
1.62624
1.62704
1.62785
1.62869
1.62954
1.63042
1.63131
1.63223
1.63316
1.63411
1.63508
1.63607
1.63708
1.6381
1.63914
1.64019
1.64126
1.64235
1.64344
1.64455
1.64567
1.64679
1.64793
1.64906
1.65021
1.65136
1.6525
1.65365
1.6548
1.65594
1.65707
1.6582
1.65932
1.66042
1.66151
1.66259
1.66366
1.6647
1.66573
1.66673
1.66772
1.66868
1.66962
1.67053
1.67143
1.67229
1.67313
1.67395
1.67474
1.67551
1.67625
1.67697
1.67766
1.67833
1.67899
1.67962
1.68023
1.68083
1.68141
1.68198
1.68253
1.68307
1.6836
1.68413
1.68464
1.68515
1.68566
1.68616
1.68666
1.68716
1.68765
1.68815
1.68864
1.68913
1.68962
1.69011
1.6906
1.69109
1.69157
1.69205
1.69253
1.69299
1.69345
1.6939
1.69434
1.69477
1.69518
1.69558
1.69596
1.69632
1.69666
1.69697
1.69727
1.69754
1.69778
1.69799
1.69817
1.69833
1.69845
1.69854
1.6986
1.69863
1.69862
1.69858
1.69851
1.6984
1.69827
1.6981
1.6979
1.69767
1.69741
1.69712
1.6968
1.69646
1.69609
1.6957
1.69528
1.69484
1.69438
1.6939
1.69341
1.69289
1.69237
1.69182
1.69126
1.6907
1.69011
1.68952
1.68892
1.68831
1.68769
1.68706
1.68642
1.68578
1.68512
1.68446
1.68379
1.6831
1.68241
1.68171
1.681
1.68027
1.67953
1.67877
1.678
1.67721
1.6764
1.67557
1.67473
1.67385
1.67295
1.67203
1.67108
1.6701
1.6691
1.66806
1.66699
1.66588
1.66475
1.66358
1.66238
1.66114
1.65987
1.65856
1.65723
1.65586
1.65446
1.65302
1.65156
1.65007
1.64856
1.64702
1.64546
1.64389
1.64229
1.64068
1.63906
1.63743
1.6358
1.63416
1.63252
1.63088
1.62926
1.62764
1.62603
1.62444
1.62286
1.62131
1.61977
1.61826
1.61678
1.61532
1.6139
1.6125
1.61114
1.60981
1.60851
1.60724
1.60601
1.6048
1.60364
1.6025
1.60139
1.60031
1.59926
1.59824
1.59724
1.59626
1.59531
1.59437
1.59345
1.59255
1.59166
1.59078
1.58992
1.58906
1.5882
1.58736
1.58651
1.58567
1.58483
1.58398
1.58314
1.5823
1.58145
1.5806
1.57974
1.57889
1.57803
1.57717
1.5763
1.57544
1.57458
1.57372
1.57286
1.572
1.57115
1.57031
1.56947
1.56865
1.56784
1.56705
1.56627
1.56552
1.56479
1.56408
1.56341
1.56276
1.56215
1.56158
1.56105
1.56056
1.56012
1.55974
1.5594
1.55913
1.55891
1.55876
1.55867
1.55866
1.55872
1.55885
1.55906
1.55935
1.55972
1.56017
1.56071
1.56133
1.56204
1.56283
1.56371
1.56466
1.5657
1.56682
1.56801
1.56927
1.5706
1.572
1.57346
1.57497
1.57654
1.57815
1.57981
1.5815
1.58322
1.58497
1.58674
1.58852
1.59031
1.59211
1.59391
1.59571
1.59749
1.59926
1.60101
1.60274
1.60445
1.60612
1.60776
1.60937
1.61093
1.61246
1.61393
1.61536
1.61674
1.61806
1.61933
1.62054
1.62169
1.62277
1.6238
1.62475
1.62564
1.62646
1.62721
1.62789
1.6285
1.62902
1.62948
1.62985
1.63015
1.63038
1.63052
1.63058
1.63057
1.63047
1.6303
1.63004
1.62971
1.62931
1.62882
1.62827
1.62763
1.62693
1.62616
1.62531
1.62441
1.62344
1.6224
1.62132
1.62017
1.61898
1.61774
1.61646
1.61513
1.61377
1.61238
1.61096
1.60951
1.60805
1.60658
1.60509
1.6036
1.60211
1.60062
1.59914
1.59768
1.59623
1.5948
1.5934
1.59204
1.5907
1.58941
1.58816
1.58695
1.5858
1.58469
1.58364
1.58265
1.58172
1.58085
1.58005
1.57931
1.57863
1.57802
1.57748
1.57701
1.5766
1.57625
1.57598
1.57576
1.57561
1.57553
1.5755
1.57553
1.57561
1.57575
1.57594
1.57618
1.57647
1.5768
1.57718
1.57759
1.57804
1.57853
1.57905
1.5796
1.58017
1.58077
1.5814
1.58205
1.58272
1.5834
1.5841
1.58482
1.58555
1.58629
1.58704
1.5878
1.58857
1.58934
1.59012
1.59091
1.59171
1.59251
1.59331
1.59412
1.59493
1.59575
1.59658
1.59741
1.59824
1.59908
1.59993
1.60079
1.60165
1.60252
1.60341
1.6043
1.60521
1.60613
1.60706
1.608
1.60897
1.60994
1.61094
1.61195
1.61298
1.61404
1.61511
1.61619
1.6173
1.61844
1.61959
1.62076
1.62195
1.62316
1.62439
1.62564
1.62691
1.6282
1.6295
1.63083
1.63216
1.63351
1.63488
1.63625
1.63764
1.63903
1.64044
1.64185
1.64326
1.64468
1.64609
1.64751
1.64893
1.65034
1.65174
1.65314
1.65453
1.65591
1.65727
1.65861
1.65994
1.66125
1.66254
1.6638
1.66503
1.66624
1.66741
1.66855
1.66965
1.67071
1.67174
1.67272
1.67365
1.67453
1.67536
1.67614
1.67687
1.67753
1.67813
1.67867
1.67915
1.67956
1.6799
1.68016
1.68036
1.68047
1.68052
1.68048
1.68037
1.68017
1.6799
1.67954
1.6791
1.67858
1.67797
1.67729
1.67652
1.67567
1.67474
1.67374
1.67265
1.67149
1.67026
1.66895
1.66758
1.66614
1.66464
1.66308
1.66146
1.65979
1.65808
1.65632
1.65452
1.65269
1.65083
1.64894
1.64704
1.64512
1.6432
1.64128
1.63936
1.63745
1.63556
1.63369
1.63185
1.63004
1.62828
1.62656
1.6249
1.62329
1.62175
1.62027
1.61887
1.61755
1.61632
1.61517
1.61411
1.61315
1.61229
1.61153
1.61087
1.61032
1.60988
1.60955
1.60933
1.60922
1.60922
1.60933
1.60955
1.60987
1.6103
1.61084
1.61147
1.6122
1.61302
1.61393
1.61492
1.61599
1.61714
1.61836
1.61964
1.62098
1.62237
1.62381
1.62529
1.6268
1.62835
1.62992
1.6315
1.6331
1.63471
1.63631
1.63792
1.63951
1.64109
1.64265
1.64419
1.6457
1.64718
1.64863
1.65004
1.65141
1.65273
1.65401
1.65524
1.65641
1.65753
1.6586
1.65961
1.66056
1.66144
1.66227
1.66303
1.66374
1.66437
1.66494
1.66545
1.66589
1.66627
1.66658
1.66683
1.66701
1.66712
1.66717
1.66716
1.66708
1.66694
1.66674
1.66648
1.66616
1.66578
1.66534
1.66485
1.6643
1.6637
1.66304
1.66234
1.66159
1.66079
1.65994
1.65905
1.65813
1.65716
1.65615
1.65511
1.65404
1.65293
1.6518
1.65064
1.64946
1.64826
1.64703
1.64579
1.64454
1.64328
1.642
1.64073
1.63944
1.63816
1.63688
1.63561
1.63434
1.63308
1.63184
1.63062
1.62941
1.62823
1.62707
1.62594
1.62484
1.62378
1.62275
1.62176
1.62081
1.6199
1.61904
1.61823
1.61746
1.61675
1.61609
1.61548
1.61493
1.61444
1.614
1.61362
1.61329
1.61303
1.61282
1.61267
1.61257
1.61253
1.61255
1.61262
1.61274
1.61292
1.61314
1.61342
1.61374
1.6141
1.61451
1.61496
1.61545
1.61598
1.61654
1.61714
1.61777
1.61842
1.61911
1.61983
1.62057
1.62133
1.62212
1.62293
1.62376
1.6246
1.62547
1.62635
1.62724
1.62815
1.62908
1.63002
1.63097
1.63193
1.6329
1.63388
1.63487
1.63588
1.63689
1.63791
1.63894
1.63997
1.64102
1.64207
1.64312
1.64418
1.64524
1.64631
1.64738
1.64845
1.64952
1.6506
1.65167
1.65273
1.6538
1.65486
1.65591
1.65695
1.65799
1.65901
1.66002
1.66102
1.66201
1.66297
1.66392
1.66485
1.66576
1.66664
1.6675
1.66834
1.66915
1.66993
1.67068
1.6714
1.67209
1.67275
1.67337
1.67396
1.67451
1.67503
1.67551
1.67595
1.67635
1.67672
1.67705
1.67733
1.67758
1.6778
1.67797
1.6781
1.6782
1.67826
1.67828
1.67826
1.67821
1.67812
1.678
1.67785
1.67766
1.67744
1.67718
1.6769
1.67659
1.67625
1.67589
1.6755
1.67508
1.67465
1.67419
1.67371
1.67321
1.67269
1.67216
1.67162
1.67105
1.67048
1.6699
1.6693
1.6687
1.66808
1.66746
1.66684
1.6662
1.66557
1.66493
1.66428
1.66364
1.66299
1.66234
1.6617
1.66105
1.6604
1.65976
1.65911
1.65847
1.65784
1.6572
1.65657
1.65595
1.65532
1.65471
1.6541
1.65349
1.65289
1.6523
1.65171
1.65114
1.65056
1.65
1.64944
1.64889
1.64835
1.64782
1.64729
1.64678
1.64627
1.64576
1.64527
1.64478
1.64429
1.64382
1.64335
1.64288
1.64242
1.64196
1.64151
1.64105
1.6406
1.64015
1.6397
1.63925
1.63879
1.63834
1.63788
1.63742
1.63695
1.63648
1.636
1.63552
1.63504
1.63455
1.63405
1.63355
1.63305
1.63254
1.63202
1.63151
1.63099
1.63048
1.62996
1.62945
1.62894
1.62843
1.62793
1.62744
1.62696
1.62649
1.62603
1.62559
1.62517
1.62476
1.62438
1.62402
1.62369
1.62338
1.6231
1.62285
1.62263
1.62244
1.62229
1.62217
1.62209
1.62204
1.62203
1.62206
1.62213
1.62224
1.62238
1.62257
1.62279
1.62305
1.62335
1.62368
1.62405
1.62445
1.62489
1.62535
1.62585
1.62637
1.62691
1.62748
1.62807
1.62868
1.62931
1.62994
1.63059
1.63125
1.63191
1.63257
1.63323
1.63388
1.63453
1.63517
1.6358
1.63641
1.63701
1.63758
1.63813
1.63866
1.63916
1.63963
1.64007
1.64047
1.64085
1.64119
1.64149
1.64176
1.64198
1.64218
1.64233
1.64245
1.64254
1.64258
1.6426
1.64258
1.64253
1.64244
1.64233
1.6422
1.64204
1.64186
1.64165
1.64143
1.6412
1.64096
1.6407
1.64044
1.64017
1.6399
1.63963
1.63937
1.63911
1.63886
1.63861
1.63838
1.63817
1.63797
1.63778
1.63761
1.63747
1.63734
1.63724
1.63716
1.63711
1.63708
1.63707
1.6371
1.63714
1.63722
1.63733
1.63746
1.63762
1.63781
1.63803
1.63828
1.63856
1.63887
1.63921
1.63959
1.63999
1.64042
1.64088
1.64138
1.6419
1.64246
1.64304
1.64366
1.6443
1.64497
1.64568
1.6464
1.64716
1.64794
1.64874
1.64957
1.65042
1.65129
1.65217
1.65307
1.65398
1.65491
1.65584
1.65678
1.65772
1.65866
1.65959
1.66052
1.66144
1.66235
1.66324
1.66411
1.66496
1.66577
1.66656
1.66731
1.66802
1.66869
1.66931
1.66988
1.6704
1.67087
1.67127
1.67162
1.6719
1.67211
1.67225
1.67233
1.67233
1.67227
1.67213
1.67192
1.67164
1.6713
1.67088
1.6704
1.66986
1.66926
1.66861
1.66791
1.66716
1.66637
1.66555
1.6647
1.66383
1.66294
1.66204
1.66113
1.66022
1.65933
1.65844
1.65757
1.65672
1.65589
1.6551
1.65434
1.65361
1.65292
1.65227
1.65166
1.65109
1.65057
1.65009
1.64965
1.64926
1.64891
1.6486
1.64835
1.64813
1.64797
1.64785
1.64777
1.64774
1.64776
1.64783
1.64795
1.64812
1.64834
1.64861
1.64893
1.6493
1.64973
1.65021
1.65075
1.65134
1.65198
1.65268
1.65343
1.65424
1.6551
1.656
1.65696
1.65797
1.65902
1.66012
1.66126
1.66245
1.66367
1.66493
1.66622
1.66754
1.66889
1.67026
1.67166
1.67308
1.67451
1.67596
1.67741
1.67888
1.68035
1.68181
1.68328
1.68474
1.6862
1.68764
1.68907
1.69049
1.69188
1.69326
1.69461
1.69593
1.69723
1.69849
1.69972
1.70092
1.70207
1.70319
1.70427
1.7053
1.70629
1.70724
1.70813
1.70898
1.70978
1.71052
1.71122
1.71186
1.71244
1.71298
1.71345
1.71388
1.71424
1.71455
1.71481
1.715
1.71514
1.71522
1.71525
1.71521
1.71512
1.71497
1.71476
1.7145
1.71417
1.71379
1.71334
1.71284
1.71228
1.71165
1.71097
1.71023
1.70942
1.70856
1.70763
1.70664
1.7056
1.70449
1.70331
1.70208
1.70078
1.69943
1.69801
1.69653
1.695
1.6934
1.69175
1.69003
1.68827
1.68645
1.68458
1.68265
1.68068
1.67867
1.67661
1.67451
1.67237
1.67019
1.66799
1.66575
1.66349
1.66121
1.65891
1.6566
1.65427
1.65194
1.6496
1.64727
1.64494
1.64262
1.64032
1.63803
1.63576
1.63352
1.6313
1.62912
1.62698
1.62487
1.62281
1.6208
1.61883
1.61692
1.61507
1.61328
1.61155
1.60988
1.60828
1.60675
1.6053
1.60391
1.6026
1.60137
1.60021
1.59913
1.59813
1.5972
1.59635
1.59558
1.59489
1.59427
1.59372
1.59325
1.59285
1.59251
1.59225
1.59204
1.5919
1.59182
1.5918
1.59184
1.59192
1.59206
1.59224
1.59247
1.59275
1.59307
1.59342
1.59381
1.59424
1.59471
1.5952
1.59573
1.59629
1.59688
1.5975
1.59815
1.59883
1.59953
1.60027
1.60103
1.60182
1.60264
1.60349
1.60437
1.60527
1.60621
1.60718
1.60818
1.60922
1.61028
1.61138
1.61252
1.61369
1.61489
1.61612
1.6174
1.6187
1.62004
1.62142
1.62283
1.62427
1.62575
1.62726
1.6288
1.63037
1.63197
1.6336
1.63526
1.63694
1.63864
1.64037
1.64212
1.64389
1.64567
1.64746
1.64927
1.65109
1.65291
1.65473
1.65656
1.65839
1.6602
1.66202
1.66382
1.6656
1.66737
1.66912
1.67084
1.67254
1.6742
1.67583
1.67742
1.67897
1.68047
1.68193
1.68333
1.68467
1.68596
1.68718
1.68834
1.68943
1.69045
1.69139
1.69225
1.69303
1.69373
1.69435
1.69488
1.69532
1.69567
1.69593
1.6961
1.69617
1.69615
1.69604
1.69584
1.69554
1.69515
1.69468
1.69411
1.69346
1.69273
1.69192
1.69102
1.69005
1.68901
1.68791
1.68674
1.68551
1.68422
1.68288
1.6815
1.68007
1.67861
1.67712
1.6756
1.67406
1.6725
1.67093
1.66935
1.66777
1.66619
1.66461
1.66305
1.66151
1.65998
1.65847
1.65699
1.65553
1.65411
1.65272
1.65137
1.65006
1.64878
1.64755
1.64635
1.6452
1.6441
1.64303
1.64201
1.64104
1.64011
1.63922
1.63837
1.63757
1.6368
1.63608
1.63539
1.63474
1.63413
1.63355
1.633
1.63249
1.63201
1.63157
1.63115
1.63076
1.6304
1.63007
1.62977
1.62949
1.62924
1.62902
1.62882
1.62865
1.62851
1.6284
1.62832
1.62826
1.62824
1.62824
1.62828
1.62835
1.62845
1.62859
1.62876
1.62896
1.6292
1.62947
1.62978
1.63013
1.63051
1.63093
1.63139
1.63188
1.6324
1.63296
1.63355
1.63417
1.63482
1.6355
1.6362
1.63693
1.63768
1.63844
1.63922
1.64002
1.64082
1.64164
1.64245
1.64327
1.64409
1.6449
1.6457
1.6465
1.64728
1.64804
1.64879
1.64951
1.65021
1.65089
1.65154
1.65217
1.65276
1.65332
1.65385
1.65435
1.65481
1.65524
1.65563
1.65599
1.65631
1.6566
1.65685
1.65707
1.65726
1.65742
1.65754
1.65763
1.65769
1.65772
1.65771
1.65768
1.65762
1.65753
1.65741
1.65727
1.65709
1.65688
1.65665
1.65638
1.65608
1.65575
1.65539
1.65499
1.65456
1.65409
1.65358
1.65303
1.65244
1.65181
1.65114
1.65042
1.64965
1.64884
1.64798
1.64707
1.64611
1.64511
1.64406
1.64296
1.64182
1.64063
1.63939
1.63812
1.6368
1.63545
1.63406
1.63265
1.6312
1.62973
1.62824
1.62673
1.6252
1.62367
1.62214
1.6206
1.61908
1.61756
1.61605
1.61457
1.61311
1.61168
1.61028
1.60892
1.60761
1.60634
1.60512
1.60396
1.60285
1.60181
1.60083
1.59992
1.59908
1.59831
1.59761
1.59699
1.59645
1.59598
1.5956
1.59529
1.59506
1.59491
1.59484
1.59485
1.59493
1.59509
1.59532
1.59562
1.59599
1.59643
1.59694
1.5975
1.59813
1.59882
1.59956
1.60035
1.6012
1.60209
1.60302
1.604
1.60501
1.60606
1.60714
1.60825
1.60939
1.61056
1.61175
1.61295
1.61418
1.61542
1.61667
1.61794
1.61921
1.62049
1.62178
1.62307
1.62436
1.62566
1.62695
1.62824
1.62952
1.63081
1.63208
1.63335
1.63461
1.63586
1.6371
1.63833
1.63955
1.64076
1.64195
1.64313
1.6443
1.64545
1.64659
1.64771
1.64881
1.6499
1.65097
1.65202
1.65305
1.65407
1.65507
1.65604
1.657
1.65794
1.65885
1.65975
1.66062
1.66147
1.6623
1.6631
1.66388
1.66464
1.66537
1.66608
1.66676
1.66741
1.66804
1.66864
1.66921
1.66975
1.67026
1.67075
1.6712
1.67162
1.67201
1.67237
1.6727
1.673
1.67326
1.67349
1.6737
1.67387
1.67401
1.67412
1.6742
1.67425
1.67427
1.67426
1.67423
1.67417
1.67409
1.67398
1.67385
1.6737
1.67353
1.67334
1.67314
1.67291
1.67267
1.67242
1.67215
1.67186
1.67157
1.67126
1.67093
1.6706
1.67025
1.66988
1.66951
1.66912
1.66872
1.6683
1.66786
1.66741
1.66694
1.66645
1.66595
1.66542
1.66487
1.6643
1.6637
1.66308
1.66244
1.66177
1.66108
1.66035
1.65961
1.65883
1.65803
1.6572
1.65634
1.65546
1.65455
1.65362
1.65267
1.65169
1.65069
1.64967
1.64863
1.64757
1.6465
1.64541
1.64431
1.64321
1.6421
1.64098
1.63986
1.63874
1.63763
1.63652
1.63542
1.63433
1.63325
1.63219
1.63115
1.63013
1.62914
1.62817
1.62723
1.62632
1.62544
1.6246
1.6238
1.62303
1.62231
1.62162
1.62098
1.62039
1.61983
1.61933
1.61887
1.61846
1.6181
1.61778
1.61751
1.6173
1.61712
1.617
1.61692
1.61689
1.61691
1.61697
1.61708
1.61723
1.61742
1.61765
1.61792
1.61823
1.61858
1.61896
1.61938
1.61983
1.62031
1.62083
1.62137
1.62193
1.62252
1.62313
1.62377
1.62442
1.62509
1.62578
1.62648
1.62719
1.62791
1.62864
1.62938
1.63013
1.63088
1.63163
1.63238
1.63313
1.63388
1.63462
1.63536
1.6361
1.63683
1.63755
1.63827
1.63897
1.63967
1.64036
1.64104
1.64171
1.64236
1.64301
1.64365
1.64428
1.64489
1.6455
1.6461
1.64669
1.64728
1.64785
1.64842
1.64898
1.64954
1.65009
1.65063
1.65117
1.6517
1.65223
1.65276
1.65328
1.6538
1.65431
1.65482
1.65533
1.65583
1.65633
1.65682
1.65731
1.65779
1.65826
1.65873
1.65919
1.65964
1.66009
1.66052
1.66094
1.66135
1.66174
1.66213
1.66249
1.66284
1.66317
1.66349
1.66378
1.66405
1.6643
1.66453
1.66473
1.66491
1.66506
1.66519
1.66529
1.66536
1.66541
1.66542
1.6654
1.66536
1.66528
1.66518
1.66505
1.66488
1.66469
1.66446
1.66421
1.66393
1.66362
1.66328
1.66291
1.66252
1.6621
1.66165
1.66118
1.66068
1.66016
1.65961
1.65904
1.65844
1.65782
1.65718
1.65652
1.65583
1.65512
1.65438
1.65363
1.65285
1.65205
1.65123
1.65038
1.64951
1.64863
1.64772
1.64679
1.64583
1.64486
1.64387
1.64286
1.64183
1.64079
1.63973
1.63865
1.63756
1.63647
1.63536
1.63424
1.63312
1.63199
1.63087
1.62974
1.62863
1.62751
1.62641
1.62532
1.62425
1.62319
1.62216
1.62116
1.62018
1.61924
1.61833
1.61746
1.61663
1.61584
1.61511
1.61442
1.61379
1.61322
1.6127
1.61224
1.61185
1.61152
1.61126
1.61106
1.61094
1.61088
1.61089
1.61098
1.61113
1.61135
1.61165
1.61201
1.61244
1.61293
1.61349
1.61411
1.61479
1.61552
1.61631
1.61715
1.61803
1.61896
1.61993
1.62094
1.62197
1.62303
1.62412
1.62522
1.62634
1.62746
1.62859
1.62972
1.63085
1.63196
1.63306
1.63414
1.6352
1.63623
1.63724
1.6382
1.63913
1.64001
1.64085
1.64165
1.64239
1.64308
1.64371
1.64428
1.6448
1.64526
1.64566
1.64599
1.64627
1.64648
1.64663
1.64672
1.64676
1.64674
1.64666
1.64653
1.64634
1.64611
1.64583
1.64551
1.64515
1.64476
1.64433
1.64387
1.64339
1.64288
1.64236
1.64183
1.64129
1.64075
1.6402
1.63966
1.63913
1.63861
1.6381
1.63762
1.63716
1.63672
1.63632
1.63595
1.63562
1.63533
1.63508
1.63487
1.63471
1.6346
1.63454
1.63452
1.63456
1.63465
1.6348
1.63499
1.63523
1.63553
1.63588
1.63627
1.63672
1.63721
1.63774
1.63832
1.63893
1.63959
1.64028
1.641
1.64176
1.64254
1.64335
1.64419
1.64504
1.64591
1.6468
1.64771
1.64862
1.64954
1.65047
1.6514
1.65234
1.65328
1.65421
1.65514
1.65606
1.65698
1.65789
1.65879
1.65968
1.66055
1.66141
1.66225
1.66308
1.66388
1.66467
1.66543
1.66617
1.66689
1.66758
1.66825
1.66888
1.66949
1.67006
1.67061
1.67111
1.67159
1.67202
1.67242
1.67277
1.67308
1.67335
1.67357
1.67374
1.67386
1.67393
1.67394
1.67389
1.67379
1.67363
1.6734
1.67311
1.67275
1.67233
1.67183
1.67126
1.67062
1.66991
1.66912
1.66826
1.66732
1.66631
1.66522
1.66405
1.66282
1.6615
1.66012
1.65867
1.65714
1.65556
1.6539
1.65219
1.65042
1.6486
1.64673
1.6448
1.64284
1.64084
1.63881
1.63674
1.63466
1.63255
1.63043
1.6283
1.62616
1.62403
1.6219
1.61978
1.61768
1.61559
1.61353
1.61151
1.60951
1.60755
1.60564
1.60377
1.60195
1.60018
1.59848
1.59683
1.59525
1.59373
1.59228
1.59091
1.58961
1.58839
1.58724
1.58618
1.5852
1.5843
1.58349
1.58277
1.58213
1.58158
1.58112
1.58075
1.58047
1.58027
1.58017
1.58015
1.58022
1.58037
1.58061
1.58093
1.58134
1.58182
1.58238
1.58301
1.58371
1.58449
1.58533
1.58623
1.58719
1.58821
1.58928
1.59041
1.59157
1.59278
1.59403
1.59531
1.59662
1.59796
1.59933
1.60071
1.6021
1.60351
1.60492
1.60634
1.60776
1.60918
1.61059
1.61199
1.61338
1.61475
1.6161
1.61744
1.61875
1.62004
1.6213
1.62253
1.62374
1.62492
1.62606
1.62717
1.62826
1.62931
1.63033
1.63132
1.63228
1.63321
1.63412
1.635
1.63586
1.63669
1.63751
1.63831
1.63909
1.63986
1.64063
1.64138
1.64213
1.64287
1.64362
1.64437
1.64512
1.64588
1.64665
1.64743
1.64822
1.64903
1.64985
1.6507
1.65156
1.65244
1.65334
1.65426
1.6552
1.65616
1.65714
1.65815
1.65917
1.66021
1.66127
1.66234
1.66344
1.66454
1.66566
1.66679
1.66793
1.66908
1.67023
1.67139
1.67256
1.67372
1.67489
1.67605
1.67721
1.67836
1.67951
1.68065
1.68178
1.6829
1.684
1.68509
1.68616
1.68721
1.68825
1.68926
1.69025
1.69121
1.69214
1.69305
1.69392
1.69476
1.69557
1.69634
1.69707
1.69776
1.6984
1.699
1.69955
1.70005
1.7005
1.7009
1.70124
1.70152
1.70175
1.70191
1.70201
1.70205
1.70203
1.70194
1.70178
1.70155
1.70126
1.7009
1.70047
1.69997
1.69941
1.69877
1.69807
1.6973
1.69647
1.69557
1.69461
1.69358
1.6925
1.69136
1.69016
1.68892
1.68762
1.68628
1.68489
1.68347
1.68201
1.68051
1.67899
1.67745
1.67588
1.6743
1.67272
1.67112
1.66953
1.66793
1.66635
1.66478
1.66322
1.66169
1.66018
1.6587
1.65726
1.65585
1.65448
1.65315
1.65187
1.65064
1.64945
1.64832
1.64724
1.64622
1.64525
1.64433
1.64347
1.64267
1.64192
1.64122
1.64058
1.63998
1.63943
1.63893
1.63848
1.63807
1.6377
1.63736
1.63707
1.6368
1.63657
1.63636
1.63618
1.63602
1.63588
1.63576
1.63565
1.63556
1.63547
1.6354
1.63533
1.63526
1.63519
1.63513
1.63506
1.63499
1.63491
1.63483
1.63475
1.63465
1.63455
1.63444
1.63433
1.6342
1.63407
1.63393
1.63378
1.63363
1.63347
1.6333
1.63313
