9.17736
9.17389
9.16901
9.1627
9.15494
9.14573
9.13502
9.12281
9.10905
9.09373
9.07679
9.05821
9.03794
9.01594
8.99215
8.96652
8.939
8.90952
8.87803
8.84446
8.80874
8.77079
8.73055
8.68793
8.64287
8.59527
8.54506
8.49216
8.43649
8.37797
8.31654
8.25211
8.18462
8.11402
8.04026
7.96331
7.88314
7.79975
7.71315
7.62337
7.53048
7.43457
7.33574
7.23414
7.12996
7.02341
6.91474
6.80425
6.69225
6.5791
6.46519
6.35092
6.23673
6.12308
6.01042
5.8992
5.7899
5.68295
5.57879
5.47783
5.38043
5.28695
5.19769
5.11293
5.03289
4.95776
4.88768
4.82275
4.76305
4.70857
4.65932
4.61524
4.57625
4.54221
4.513
4.48844
4.46833
4.45246
4.44061
4.43253
4.42796
4.42664
4.42831
4.4327
4.43954
4.44857
4.45951
4.47213
4.48617
4.50139
4.51756
4.53447
4.55192
4.5697
4.58765
4.60559
4.62337
4.64085
4.6579
4.6744
4.69026
4.70538
4.71968
4.73309
4.74557
4.75706
4.76754
4.77697
4.78534
4.79264
4.79888
4.80406
4.8082
4.81133
4.81346
4.81465
4.81492
4.81432
4.81289
4.81069
4.80776
4.80415
4.79993
4.79513
4.78983
4.78406
4.77789
4.77137
4.76456
4.75749
4.75023
4.74283
4.73533
4.72777
4.72021
4.71268
4.70522
4.69787
4.69066
4.68362
4.67678
4.67016
4.66378
4.65765
4.6518
4.64622
4.64092
4.63591
4.63117
4.6267
4.6225
4.61853
4.6148
4.61127
4.60793
4.60476
4.60172
4.59879
4.59596
4.5932
4.59049
4.58782
4.58518
4.58256
4.57996
4.57739
4.57484
4.57235
4.56991
4.56756
4.56531
4.5632
4.56125
4.55949
4.55794
4.55662
4.55557
4.55479
4.55429
4.55409
4.55418
4.55456
4.55521
4.55611
4.55725
4.55859
4.56011
4.56178
4.56356
4.56543
4.56735
4.5693
4.57127
4.57322
4.57516
4.57707
4.57895
4.5808
4.58264
4.58448
4.58633
4.58822
4.59019
4.59226
4.59446
4.59685
4.59945
4.60232
4.60549
4.60901
4.61292
4.61725
4.62203
4.6273
4.63308
4.63937
4.64618
4.6535
4.66132
4.6696
4.67831
4.68739
4.69679
4.70644
4.71626
4.72618
4.73611
4.74596
4.75565
4.76509
4.7742
4.7829
4.79113
4.79881
4.80589
4.81233
4.81808
4.82312
4.82742
4.83097
4.83378
4.83583
4.83716
4.83778
4.83772
4.837
4.83568
4.83379
4.83138
4.82851
4.82521
4.82155
4.81759
4.81337
4.80895
4.80437
4.79971
4.79499
4.79027
4.78559
4.78099
4.77651
4.77217
4.76802
4.76407
4.76035
4.75687
4.75365
4.7507
4.74803
4.74563
4.74352
4.74169
4.74013
4.73883
4.73779
4.73698
4.7364
4.73603
4.73584
4.73583
4.73596
4.73622
4.73659
4.73706
4.73759
4.73818
4.73881
4.73947
4.74014
4.74082
4.7415
4.74217
4.74283
4.74347
4.7441
4.74471
4.7453
4.74586
4.74639
4.74688
4.74733
4.74772
4.74804
4.74826
4.74839
4.74838
4.74823
4.7479
4.74739
4.74667
4.74571
4.74451
4.74304
4.74131
4.7393
4.737
4.73443
4.73159
4.72848
4.72514
4.72156
4.7178
4.71386
4.70978
4.70561
4.70137
4.69711
4.69287
4.6887
4.68464
4.68074
4.67703
4.67357
4.67039
4.66754
4.66505
4.66296
4.6613
4.6601
4.65938
4.65916
4.65944
4.66025
4.66159
4.66344
4.6658
4.66866
4.67199
4.67578
4.67999
4.68459
4.68955
4.69483
4.70039
4.70619
4.71218
4.71834
4.72461
4.73097
4.73737
4.74378
4.75017
4.75651
4.76278
4.76895
4.775
4.78092
4.78669
4.79231
4.79776
4.80304
4.80815
4.81309
4.81787
4.82248
4.82694
4.83125
4.83541
4.83944
4.84334
4.84712
4.85077
4.8543
4.85772
4.861
4.86415
4.86716
4.87002
4.87271
4.87521
4.87751
4.87959
4.88142
4.88299
4.88427
4.88526
4.88593
4.88626
4.88626
4.88589
4.88517
4.88408
4.88263
4.88081
4.87862
4.87606
4.87315
4.86988
4.86627
4.86231
4.85802
4.8534
4.84845
4.84318
4.8376
4.83172
4.82553
4.81905
4.81228
4.80523
4.79791
4.79034
4.78251
4.77446
4.76618
4.7577
4.74903
4.74021
4.73123
4.72214
4.71295
4.70369
4.69438
4.68506
4.67574
4.66646
4.65725
4.64814
4.63914
4.6303
4.62164
4.61318
4.60495
4.59697
4.58927
4.58186
4.57476
4.56799
4.56157
4.55549
4.54978
4.54445
4.53949
4.53492
4.53074
4.52696
4.52358
4.5206
4.51803
4.51588
4.51415
4.51283
4.51194
4.51148
4.51144
4.51183
4.51264
4.51387
4.51552
4.51756
4.51999
4.52279
4.52595
4.52944
4.53324
4.53733
4.54167
4.54623
4.551
4.55593
4.56099
4.56617
4.57142
4.57673
4.58207
4.58742
4.59276
4.59808
4.60337
4.60863
4.61386
4.61905
4.62421
4.62937
4.63452
4.6397
4.64491
4.65019
4.65554
4.661
4.66656
4.67226
4.6781
4.68408
4.69019
4.69643
4.70279
4.70924
4.71575
4.72229
4.72882
4.73531
4.74171
4.74798
4.75408
4.75998
4.76562
4.77099
4.77604
4.78075
4.7851
4.78905
4.79261
4.79575
4.79847
4.80075
4.80261
4.80402
4.80501
4.80558
4.80573
4.80548
4.80483
4.8038
4.80241
4.80066
4.79858
4.79617
4.79346
4.79046
4.78719
4.78366
4.77989
4.77589
4.77169
4.76729
4.76272
4.75799
4.75313
4.74815
4.74307
4.73792
4.73273
4.72751
4.7223
4.71712
4.71201
4.70699
4.7021
4.69737
4.69283
4.68851
4.68444
4.68064
4.67714
4.67396
4.67111
4.6686
4.66643
4.6646
4.66311
4.66195
4.66109
4.66053
4.66024
4.66019
4.66036
4.66073
4.66127
4.66196
4.66277
4.66368
4.66468
4.66575
4.66688
4.66806
4.66928
4.67053
4.67181
4.67312
4.67446
4.67581
4.67718
4.67856
4.67994
4.68132
4.68269
4.68403
4.68534
4.68659
4.68777
4.68886
4.68984
4.6907
4.69141
4.69195
4.69231
4.69246
4.69239
4.69209
4.69154
4.69073
4.68966
4.68831
4.68668
4.68478
4.68259
4.68014
4.67741
4.67443
4.6712
4.66773
4.66404
4.66015
4.65607
4.65184
4.64747
4.643
4.63844
4.63384
4.62923
4.62464
4.6201
4.61565
4.61134
4.60719
4.60324
4.59952
4.59606
4.59291
4.59007
4.58757
4.58544
4.58368
4.58232
4.58135
4.58077
4.5806
4.58082
4.58142
4.5824
4.58373
4.58541
4.58741
4.58971
4.59229
4.59512
4.59819
4.60145
4.6049
4.6085
4.61222
4.61604
4.61992
4.62384
4.62777
4.63168
4.63553
4.63931
4.64298
4.6465
4.64987
4.65304
4.65599
4.6587
4.66116
4.66333
4.66522
4.66681
4.66808
4.66905
4.6697
4.67004
4.67009
4.66985
4.66933
4.66856
4.66756
4.66635
4.66495
4.66339
4.66169
4.65989
4.65801
4.65608
4.65411
4.65213
4.65017
4.64823
4.64633
4.64449
4.64272
4.64102
4.63941
4.63789
4.63646
4.63513
4.63391
4.6328
4.6318
4.63093
4.6302
4.62961
4.62918
4.62893
4.62887
4.62902
4.6294
4.63004
4.63095
4.63216
4.63369
4.63556
4.63779
4.64039
4.64338
4.64676
4.65053
4.65471
4.65927
4.6642
4.6695
4.67512
4.68105
4.68724
4.69366
4.70026
4.70699
4.71379
4.72062
4.72742
4.73413
4.74069
4.74705
4.75316
4.75895
4.7644
4.76943
4.77403
4.77815
4.78175
4.78481
4.7873
4.7892
4.79051
4.79121
4.7913
4.79078
4.78965
4.78792
4.78561
4.78274
4.77932
4.77539
4.77097
4.7661
4.7608
4.75513
4.74911
4.74279
4.73621
4.72942
4.72245
4.71537
4.7082
4.701
4.69381
4.68668
4.67964
4.67275
4.66604
4.65956
4.65332
4.64738
4.64175
4.63647
4.63154
4.62699
4.62283
4.61906
4.61568
4.61268
4.61006
4.60778
4.60584
4.6042
4.60284
4.60172
4.60081
4.60006
4.59945
4.59894
4.59849
4.59807
4.59764
4.5972
4.5967
4.59614
4.59551
4.59478
4.59397
4.59307
4.59208
4.59103
4.58991
4.58874
4.58755
4.58634
4.58515
4.58398
4.58286
4.58181
4.58083
4.57995
4.57917
4.57851
4.57795
4.57752
4.57719
4.57697
4.57685
4.57681
4.57683
4.57691
4.57701
4.57712
4.57722
4.57728
4.57727
4.57719
4.57699
4.57667
4.5762
4.57558
4.57477
4.57378
4.57259
4.57119
4.56958
4.56776
4.56573
4.56349
4.56106
4.55844
4.55564
4.55268
4.54958
4.54636
4.54304
4.53965
4.53621
4.53276
4.52932
4.52593
4.52262
4.51943
4.51639
4.51353
4.51088
4.50849
4.50638
4.50457
4.50309
4.50196
4.50119
4.5008
4.50079
4.50115
4.50189
4.50298
4.50441
4.50615
4.50819
4.51047
4.51297
4.51565
4.51847
4.52138
4.52434
4.52731
4.53025
4.53311
4.53587
4.53849
4.54093
4.54318
4.5452
4.54697
4.5485
4.54975
4.55072
4.55142
4.55184
4.55199
4.55188
4.55151
4.55092
4.55011
4.54912
4.54796
4.54668
4.54531
4.54387
4.54241
4.54096
4.53957
4.53826
4.53708
4.53607
4.53525
4.53465
4.53431
4.53425
4.53448
4.53503
4.53591
4.53712
4.53867
4.54055
4.54276
4.54529
4.54812
4.55124
4.55463
4.55828
4.56214
4.56621
4.57045
4.57485
4.57937
4.584
4.58871
4.59348
4.5983
4.60313
4.60798
4.61282
4.61764
4.62243
4.62719
4.6319
4.63657
4.64118
4.64574
4.65023
4.65466
4.65902
4.66331
4.66752
4.67165
4.67568
4.67961
4.68343
4.68712
4.69066
4.69405
4.69726
4.70027
4.70307
4.70563
4.70793
4.70996
4.71169
4.71311
4.7142
4.71496
4.71536
4.7154
4.71508
4.7144
4.71337
4.71198
4.71026
4.70821
4.70586
4.70323
4.70033
4.69721
4.69389
4.6904
4.68677
4.68305
4.67925
4.67543
4.6716
4.6678
4.66406
4.66041
4.65685
4.65343
4.65013
4.64699
4.64399
4.64115
4.63845
4.63589
4.63345
4.63112
4.62888
4.6267
4.62456
4.62244
4.62031
4.61815
4.61592
4.61362
4.61122
4.6087
4.60606
4.60328
4.60037
4.59731
4.59413
4.59082
4.58741
4.58391
4.58034
4.57674
4.57314
4.56956
4.56605
4.56264
4.55936
4.55627
4.55339
4.55076
4.54841
4.54637
4.54466
4.54332
4.54235
4.54176
4.54157
4.54177
4.54235
4.54331
4.54462
4.54627
4.54822
4.55046
4.55294
4.55562
4.55849
4.56148
4.56457
4.56772
4.57089
4.57404
4.57715
4.58019
4.58312
4.58593
4.58859
4.59109
4.59342
4.59556
4.59752
4.59927
4.60083
4.60219
4.60336
4.60432
4.60509
4.60567
4.60606
4.60625
4.60626
4.60607
4.6057
4.60515
4.6044
4.60347
4.60237
4.60109
4.59965
4.59805
4.59632
4.59447
4.59254
4.59054
4.58852
4.5865
4.58454
4.58266
4.58093
4.57937
4.57805
4.57699
4.57623
4.57582
4.57579
4.57614
4.57691
4.57809
4.5797
4.58172
4.58414
4.58693
4.59006
4.5935
4.59721
4.60113
4.60521
4.6094
4.61364
4.61788
4.62205
4.6261
4.62998
4.63364
4.63704
4.64014
4.64291
4.64533
4.64738
4.64905
4.65035
4.65127
4.65184
4.65206
4.65196
4.65157
4.65092
4.65003
4.64893
4.64765
4.64621
4.64464
4.64295
4.64115
4.63925
4.63726
4.63517
4.63297
4.63067
4.62824
4.62567
4.62296
4.62008
4.61705
4.61383
4.61045
4.6069
4.60318
4.59932
4.59533
4.59124
4.58707
4.58286
4.57865
4.57446
4.57035
4.56635
4.56249
4.55882
4.55537
4.55218
4.54926
4.54666
4.54438
4.54245
4.54088
4.53968
4.53885
4.53841
4.53834
4.53864
4.53931
4.54035
4.54173
4.54345
4.5455
4.54788
4.55056
4.55355
4.55684
4.56042
4.56429
4.56843
4.57285
4.57754
4.58249
4.5877
4.59316
4.59885
4.60476
4.61087
4.61717
4.62362
4.63021
4.6369
4.64365
4.65044
4.65723
4.66398
4.67065
4.67721
4.68363
4.68987
4.69591
4.7017
4.70724
4.7125
4.71747
4.72213
4.72648
4.73051
4.73422
4.73762
4.74071
4.74349
4.74599
4.74821
4.75017
4.75188
4.75336
4.75463
4.75571
4.75662
4.75737
4.75799
4.7585
4.75891
4.75924
4.75951
4.75974
4.75994
4.76012
4.7603
4.7605
4.76071
4.76095
4.76123
4.76154
4.7619
4.7623
4.76274
4.76322
4.76373
4.76426
4.7648
4.76535
4.76589
4.7664
4.76686
4.76725
4.76757
4.76778
4.76786
4.76779
4.76754
4.7671
4.76645
4.76555
4.76439
4.76294
4.7612
4.75913
4.75672
4.75396
4.75083
4.74732
4.74343
4.73915
4.73447
4.72939
4.72392
4.71807
4.71183
4.70523
4.69828
4.69101
4.68342
4.67556
4.66743
4.65909
4.65055
4.64185
4.63302
4.6241
4.61512
4.60613
4.59715
4.58823
4.57939
4.57067
4.56211
4.55375
4.54561
4.53772
4.53013
4.52285
4.51592
4.50935
4.50319
4.49744
4.49212
4.48725
4.48285
4.47892
4.47546
4.47249
4.46999
4.46795
4.46638
4.46525
4.46453
4.46422
4.46427
4.46467
4.46536
4.46633
4.46752
4.4689
4.47044
4.4721
4.47384
4.47563
4.47744
4.47925
4.48104
4.48279
4.48449
4.48612
4.4877
4.48922
4.49068
4.4921
4.49349
4.49487
4.49625
4.49766
4.49911
4.50063
4.50224
4.50395
4.50579
4.50777
4.5099
4.51219
4.51463
4.51721
4.51995
4.5228
4.52577
4.52882
4.53194
4.53508
4.53823
4.54135
4.54442
4.5474
4.55026
4.55299
4.55555
4.55792
4.5601
4.56206
4.5638
4.5653
4.56657
4.56759
4.56837
4.5689
4.5692
4.56927
4.56911
4.56873
4.56813
4.56733
4.56633
4.56513
4.56375
4.56219
4.56044
4.55853
4.55645
4.5542
4.55178
4.54921
4.54647
4.54358
4.54054
4.53734
4.534
4.53052
4.52691
4.52318
4.51934
4.51541
4.5114
4.50734
4.50325
4.49915
4.49508
4.49107
4.48714
4.48334
4.4797
4.47625
4.47304
4.47009
4.46744
4.46511
4.46315
4.46156
4.46037
4.4596
4.45925
4.45933
4.45984
4.46078
4.46213
4.46389
4.46604
4.46856
4.47142
4.4746
4.47807
4.48181
4.48578
4.48996
4.49432
4.49883
4.50346
4.50818
4.51297
4.5178
4.52265
4.5275
4.53232
4.5371
4.54182
4.54647
4.55103
4.5555
4.55987
4.56413
4.56828
4.57232
4.57624
4.58005
4.58375
4.58735
4.59083
4.59421
4.59749
4.60067
4.60375
4.60672
4.60957
4.61231
4.61493
4.61742
4.61976
4.62195
4.62398
4.62583
4.62749
4.62897
4.63024
4.6313
4.63216
4.63281
4.63326
4.63351
4.63358
4.63349
4.63324
4.63286
4.63237
4.63179
4.63115
4.63047
4.62978
4.62909
4.62843
4.62781
4.62725
4.62675
4.62633
4.626
4.62574
4.62557
4.62548
4.62546
4.6255
4.62558
4.6257
4.62583
4.62595
4.62604
4.62609
4.62606
4.62593
4.62569
4.6253
4.62474
4.624
4.62306
4.62191
4.62053
4.61892
4.61708
4.61499
4.61267
4.61012
4.60735
4.60436
4.60117
4.59779
4.59423
4.59052
4.58667
4.58269
4.57861
4.57444
4.5702
4.5659
4.56158
4.55723
4.55288
4.54855
4.54423
4.53996
4.53572
4.53155
4.52743
4.52338
4.51939
4.51548
4.51164
4.50788
4.50419
4.50057
4.49703
4.49357
4.4902
4.48691
4.48372
4.48064
4.47769
4.47489
4.47226
4.46983
4.46764
4.46571
4.46409
4.4628
4.46188
4.46138
4.4613
4.46169
4.46256
4.46391
4.46577
4.46811
4.47093
4.47421
4.47792
4.48203
4.48651
4.49132
4.49641
4.50174
4.50727
4.51295
4.51875
4.52461
4.53051
4.53641
4.54228
4.54808
4.55379
4.55939
4.56487
4.57019
4.57535
4.58035
4.58516
4.58979
4.59423
4.59848
4.60254
4.6064
4.61008
4.61357
4.61688
4.62001
4.62296
4.62574
4.62835
4.6308
4.63308
4.63521
4.63718
4.639
4.64067
4.64219
4.64356
4.64478
4.64585
4.64678
4.64756
4.6482
4.64869
4.64904
4.64927
4.64936
4.64935
4.64923
4.64904
4.6488
4.64852
4.64825
4.64801
4.64785
4.6478
4.6479
4.64818
4.64869
4.64944
4.65045
4.65176
4.65335
4.65524
4.6574
4.65983
4.66249
4.66537
4.66842
4.6716
4.67488
4.67822
4.68159
4.68494
4.68825
4.69148
4.69462
4.69764
4.70053
4.70327
4.70586
4.70828
4.71053
4.71261
4.71452
4.71627
4.71784
4.71925
4.72049
4.72156
4.72248
4.72323
4.72381
4.72423
4.72447
4.72452
4.72439
4.72404
4.72349
4.7227
4.72166
4.72036
4.71878
4.7169
4.7147
4.71217
4.7093
4.70608
4.7025
4.69855
4.69426
4.68961
4.68464
4.67937
4.67383
4.66805
4.66208
4.65597
4.64978
4.64356
4.63738
4.63128
4.62533
4.61958
4.61407
4.60883
4.6039
4.59929
4.59502
4.59108
4.58748
4.5842
4.58124
4.57857
4.57619
4.57407
4.57219
4.57056
4.56915
4.56796
4.56699
4.56622
4.56567
4.56532
4.56519
4.56526
4.56555
4.56606
4.56678
4.56772
4.56887
4.57024
4.57182
4.57359
4.57557
4.57773
4.58008
4.5826
4.58527
4.5881
4.59105
4.59413
4.59732
4.60061
4.60397
4.60739
4.61087
4.61438
4.61791
4.62145
4.62498
4.62849
4.63196
4.63539
4.63875
4.64205
4.64527
4.6484
4.65145
4.65439
4.65725
4.66001
4.66268
4.66526
4.66777
4.6702
4.67257
4.67488
4.67715
4.67937
4.68157
4.68373
4.68586
4.68796
4.69002
4.69203
4.69399
4.69587
4.69766
4.69934
4.70089
4.7023
4.70355
4.70462
4.70551
4.7062
4.70669
4.70698
4.70707
4.70698
4.70672
4.7063
4.70573
4.70505
4.70428
4.70343
4.70253
4.7016
4.70067
4.69974
4.69885
4.698
4.69722
4.6965
4.69586
4.69531
4.69484
4.69447
4.69418
4.69398
4.69385
4.69379
4.69379
4.69383
4.69389
4.69397
4.69403
4.69405
4.69402
4.6939
4.69368
4.69333
4.69283
4.69216
4.6913
4.69024
4.68895
4.68744
4.6857
4.68372
4.6815
4.67906
4.67641
4.67354
4.6705
4.66729
4.66393
4.66046
4.65691
4.65329
4.64966
4.64603
4.64245
4.63894
4.63555
4.63232
4.62927
4.62644
4.62388
4.62162
4.61968
4.61811
4.61694
4.61618
4.61588
4.61605
4.61671
4.61787
4.61955
4.62175
4.62446
4.62767
4.63138
4.63556
4.6402
4.64525
4.65068
4.65646
4.66254
4.66889
4.67545
4.68218
4.68904
4.69599
4.70298
4.70998
4.71696
4.72388
4.73073
4.73747
4.74408
4.75056
4.75688
4.76302
4.76899
4.77475
4.78029
4.7856
4.79065
4.79542
4.79988
4.80401
4.80776
4.81111
4.81402
4.81647
4.81841
4.81981
4.82066
4.82092
4.82058
4.81962
4.81803
4.81582
4.81299
4.80955
4.80552
4.80092
4.79578
4.79013
4.78401
4.77747
4.77054
4.76327
4.75571
4.74791
4.73991
4.73177
4.72351
4.71519
4.70685
4.69852
4.69024
4.68204
4.67394
4.66598
4.65818
4.65055
4.64311
4.6359
4.62891
4.62218
4.61571
4.60953
4.60365
4.59809
4.59286
4.588
4.58352
4.57943
4.57577
4.57254
4.56977
4.56747
4.56566
4.56435
4.56354
4.56323
4.56343
4.56413
4.56531
4.56696
4.56905
4.57156
4.57444
4.57766
4.58117
4.58494
4.5889
4.59302
4.59723
4.60149
4.60576
4.60997
4.61409
4.61808
4.6219
4.62552
4.6289
4.63202
4.63487
4.63743
4.63969
4.64164
4.64328
4.64462
4.64566
4.64641
4.64689
4.64712
4.6471
4.64687
4.64644
4.64584
4.64508
4.64418
4.64316
4.64203
4.6408
4.63948
4.63807
4.63657
4.63497
4.63325
4.63142
4.62944
4.6273
4.62499
4.62249
4.61977
4.61683
4.61365
4.61023
4.60655
4.60263
4.59847
4.59408
4.58947
4.58467
4.57969
4.57458
4.56936
4.56407
4.55875
4.55343
4.54816
4.54299
4.53795
4.53308
4.52842
4.52403
4.51992
4.51613
4.5127
4.50964
4.50699
4.50476
4.50297
4.50161
4.50071
4.50025
4.50023
4.50064
4.50145
4.50266
4.50423
4.50614
4.50835
4.51083
4.51354
4.51644
4.51949
4.52266
4.5259
4.52918
4.53246
4.53571
4.53889
4.54199
4.54497
4.54781
4.55051
4.55304
4.55539
4.55757
4.55956
4.56138
4.56301
4.56446
4.56574
4.56687
4.56784
4.56867
4.56937
4.56995
4.57043
4.57081
4.57111
4.57134
4.57152
4.57165
4.57174
4.57182
4.5719
4.57197
4.57207
4.57219
4.57234
4.57255
4.57281
4.57313
4.57352
4.57398
4.57452
4.57514
4.57584
4.57662
4.57747
4.5784
4.57939
4.58044
4.58156
4.58271
4.58391
4.58514
4.58639
4.58765
4.58892
4.59019
4.59143
4.59266
4.59386
4.59503
4.59615
4.59723
4.59826
4.59924
4.60018
4.60106
4.60189
4.60268
4.60343
4.60414
4.60481
4.60546
4.60607
4.60667
4.60724
4.60779
4.60832
4.60883
4.60931
4.60977
4.61019
4.61057
4.6109
4.61117
4.61137
4.6115
4.61154
4.61149
4.61134
4.61108
4.6107
4.61022
4.60961
4.60889
4.60806
4.60713
4.6061
4.60499
4.60381
4.60257
4.60128
4.59998
4.59866
4.59736
4.59609
4.59487
4.59371
4.59264
4.59165
4.59078
4.59002
4.58939
4.58888
4.5885
4.58825
4.58812
4.58811
4.58821
4.58841
4.5887
4.58907
4.58953
4.59005
4.59063
4.59127
4.59196
4.59271
4.59351
4.59436
4.59526
4.59622
4.59722
4.59827
4.59937
4.6005
4.60165
4.60283
4.60401
4.60518
4.60635
4.60748
4.60858
4.60965
4.61066
4.61163
4.61256
4.61344
4.61428
4.61509
4.61587
4.61662
4.61737
4.6181
4.61883
4.61956
4.6203
4.62105
4.62181
4.62259
4.62338
4.6242
4.62504
4.6259
4.6268
4.62773
4.62869
4.6297
4.63075
4.63185
4.633
4.63419
4.63542
4.6367
4.63801
4.63936
4.64072
4.6421
4.64348
4.64485
4.64621
4.64753
4.6488
4.65001
4.65115
4.6522
4.65314
4.65397
4.65467
4.65522
4.65561
4.65583
4.65588
4.65574
4.65541
4.65489
4.65418
4.65328
4.65219
4.65094
4.64954
4.64801
4.64636
4.64464
4.64286
4.64106
4.63927
4.63755
4.63591
4.63442
4.6331
4.63199
4.63114
4.63058
4.63035
4.63048
4.631
4.63192
4.63328
4.63507
4.63731
4.64
4.64314
4.64671
4.65071
4.6551
4.65988
4.66501
4.67046
4.67619
4.68218
4.68837
4.69473
4.70123
4.70781
4.71445
4.72109
4.72771
4.73425
4.7407
4.747
4.75314
4.75908
4.76479
4.77025
4.77545
4.78035
4.78496
4.78925
4.79322
4.79687
4.80019
4.80319
4.80587
4.80825
4.81032
4.81211
4.81363
4.81489
4.8159
4.81669
4.81728
4.81766
4.81787
4.81791
4.81779
4.81752
4.81711
4.81657
4.81589
4.81507
4.81412
4.81304
4.81181
4.81043
4.80889
4.8072
4.80533
4.80329
4.80107
4.79866
4.79607
4.79329
4.79031
4.78716
4.78382
4.78031
4.77665
4.77284
4.76889
4.76483
4.76068
4.75645
4.75217
4.74785
4.74353
4.7392
4.73491
4.73065
4.72645
4.72233
4.71828
4.71432
4.71045
4.70668
4.70299
4.6994
4.69588
4.69245
4.68907
4.68575
4.68247
4.67922
4.67598
4.67274
4.66947
4.66618
4.66283
4.65941
4.65591
4.65231
4.64859
4.64474
4.64073
4.63656
4.63221
4.62767
4.62291
4.61793
4.61271
4.60725
4.60154
4.59556
4.58932
4.5828
4.57601
4.56895
4.56162
4.55403
4.54618
4.53808
4.52975
4.5212
4.51245
4.50351
4.4944
4.48516
4.47579
4.46633
4.4568
4.44723
4.43765
4.42809
4.41859
4.40918
4.39989
4.39078
4.38187
4.37322
4.36486
4.35686
4.34925
4.34209
4.33544
4.32933
4.32382
4.31895
4.31475
4.31126
4.30849
4.30646
4.30516
4.30457
4.30469
4.30546
4.30686
4.30882
4.31129
4.31421
4.31752
4.32115
4.32504
4.32915
4.33341
4.33777
4.3422
4.34664
4.35108
4.35548
4.35981
4.36405
4.36819
4.3722
4.37607
4.3798
4.38336
4.38675
4.38996
4.39299
4.39584
4.39851
4.40099
4.40331
4.40546
4.40746
4.40932
4.41108
4.41274
4.41434
4.41591
4.41747
4.41907
4.42074
4.42251
4.42442
4.4265
4.4288
4.43134
4.43414
4.43725
4.44066
4.44441
4.4485
4.45294
4.45772
4.46286
4.46834
4.47416
4.4803
4.48677
4.49353
4.50057
4.50789
4.51545
4.52324
4.53124
4.53942
4.54774
4.55619
4.56473
4.57333
4.58193
4.59052
4.59903
4.60744
4.61569
4.62374
4.63155
4.63907
4.64626
4.65309
4.65951
4.6655
4.67102
4.67606
4.68058
4.68458
4.68805
4.69097
4.69334
4.69517
4.69645
4.6972
4.69741
4.69711
4.6963
4.695
4.69323
4.691
4.68834
4.68525
4.68177
4.67791
4.6737
4.66916
4.66432
4.6592
4.65382
4.64823
4.64243
4.63648
4.63039
4.6242
4.61794
4.61164
4.60533
4.59904
4.59279
4.58662
4.58054
4.57458
4.56877
4.56312
4.55766
4.5524
4.54737
4.54257
4.53805
4.5338
4.52986
4.52625
4.52299
4.5201
4.51762
4.51554
4.51391
4.51274
4.51203
4.51179
4.51204
4.51276
4.51395
4.51558
4.51764
4.52009
4.5229
4.52604
4.52945
4.5331
4.53694
4.54093
4.54501
4.54915
4.5533
4.55744
4.56153
4.56555
4.56949
4.57332
4.57705
4.58068
4.5842
4.58764
4.59099
4.59427
4.59749
4.60066
4.60378
4.60685
4.60986
4.61281
4.61568
4.61844
4.62107
4.62355
4.62585
4.62795
4.62982
4.63144
4.63281
4.63392
4.63476
4.63533
4.63566
4.63575
4.63562
4.63529
4.6348
4.63417
4.63343
4.63261
4.63175
4.63087
4.63001
4.6292
4.62845
4.6278
4.62726
4.62685
4.62659
4.62648
4.62654
4.62675
4.62712
4.62765
4.62832
4.62912
4.63004
4.63106
4.63216
4.63331
4.6345
4.63571
4.63692
4.6381
4.63925
4.64034
4.64138
4.64234
4.64322
4.64403
4.64477
4.64544
4.64604
4.64658
4.64709
4.64756
4.64801
4.64845
4.6489
4.64936
4.64986
4.65041
4.65102
4.6517
4.65248
4.65336
4.65436
4.6555
4.65679
4.65826
4.6599
4.66175
4.66381
4.66608
4.66858
4.67131
4.67427
4.67745
4.68084
4.68442
4.68817
4.69208
4.6961
4.70021
4.70436
4.70851
4.71263
4.71666
4.72056
4.7243
4.72783
4.7311
4.73408
4.73675
4.73907
4.74102
4.74258
4.74373
4.74449
4.74483
4.74477
4.74431
4.74346
4.74224
4.74066
4.73874
4.7365
4.73397
4.73115
4.72808
4.72475
4.7212
4.71742
4.71344
4.70925
4.70487
4.70029
4.69552
4.69056
4.6854
4.68005
4.67451
4.66877
4.66282
4.65668
4.65034
4.6438
4.63707
4.63016
4.62306
4.6158
4.60839
4.60083
4.59315
4.58537
4.5775
4.56957
4.56161
4.55364
4.54569
4.53779
4.52998
4.52228
4.51473
4.50737
4.50022
4.49333
4.48673
4.48045
4.47452
4.46898
4.46386
4.45919
4.45499
4.45129
4.44811
4.44547
4.44339
4.44189
4.44097
4.44066
4.44094
4.44184
4.44334
4.44544
4.44814
4.45142
4.45527
4.45965
4.46456
4.46994
4.47577
4.482
4.48859
4.4955
4.50266
4.51002
4.51754
4.52515
4.53281
4.54045
4.54804
4.55552
4.56284
4.56997
4.57687
4.5835
4.58985
4.59587
4.60156
4.6069
4.61187
4.61646
4.62067
4.6245
4.62794
4.63099
4.63366
4.63595
4.63787
4.63942
4.64062
4.64147
4.64198
4.64218
4.64207
4.64167
4.641
4.64007
4.63891
4.63754
4.63598
4.63426
4.6324
4.63044
4.6284
4.62631
4.62419
4.62207
4.61997
4.61792
4.61593
4.61402
4.61219
4.61046
4.60883
4.60729
4.60584
4.60447
4.60317
4.60194
4.60075
4.59959
4.59845
4.59729
4.59612
4.59491
4.59363
4.59227
4.59081
4.58923
4.58749
4.58559
4.58349
4.58118
4.57864
4.57586
4.57281
4.56949
4.5659
4.56204
4.55792
4.55356
4.54898
4.54421
4.53929
4.53427
4.52918
4.5241
4.51908
4.51416
4.50943
4.50493
4.50071
4.49685
4.49337
4.49034
4.48777
4.4857
4.48415
4.48313
4.48265
4.4827
4.48326
4.48432
4.48586
4.48783
4.49019
4.49291
4.49594
4.49922
4.5027
4.50633
4.51005
4.5138
4.51754
4.5212
4.52474
4.52811
4.53127
4.53419
4.53682
4.53915
4.54116
4.54283
4.54417
4.54518
4.54587
4.54626
4.54637
4.54625
4.54593
4.54544
4.54482
4.54411
4.54335
4.54256
4.54177
4.54099
4.54023
4.53949
4.53877
4.53804
4.53729
4.5365
4.53564
4.5347
4.53364
4.53246
4.53113
4.52965
4.52801
4.52621
4.52426
4.52216
4.51994
4.5176
4.51517
4.51268
4.51015
4.50761
4.50508
4.50261
4.50022
4.49794
4.4958
4.49384
4.49209
4.49057
4.48931
4.48835
4.48771
4.48741
4.48748
4.48794
4.48881
4.4901
4.49182
4.49398
4.49659
4.49964
4.50313
4.50706
4.51141
4.51616
4.5213
4.5268
4.53264
4.53879
4.54521
4.55188
4.55874
4.56578
4.57295
4.5802
4.58751
4.59483
4.60213
4.60937
4.61651
4.62353
4.63039
4.63707
4.64354
4.6498
4.65581
4.66158
4.66709
4.67233
4.67731
4.68202
4.68647
4.69066
4.69461
4.69832
4.70181
4.70508
4.70817
4.71107
4.71381
4.71642
4.71891
4.72131
4.72365
4.72594
4.72822
4.73051
4.73285
4.73526
4.73777
4.74041
4.7432
4.74616
4.74931
4.75268
4.75627
4.7601
4.76417
4.76848
4.77304
4.77784
4.78287
4.78812
4.79357
4.7992
4.80499
4.81092
4.81696
4.82308
4.82924
4.83542
4.84157
4.84766
4.85365
4.85951
4.8652
4.87067
4.87589
4.88083
4.88545
4.88972
4.8936
4.89706
4.90009
4.90266
4.90474
4.90632
4.90738
4.90793
4.90794
4.90742
4.90638
4.9048
4.90272
4.90013
4.89706
4.89353
4.88956
4.88517
4.8804
4.87528
4.86984
4.86411
4.85813
4.85194
4.84556
4.83904
4.8324
4.82567
4.81889
4.81207
4.80523
4.7984
4.79158
4.78479
4.77802
4.77128
4.76457
4.75787
4.75118
4.74449
4.73777
4.73102
4.72422
4.71736
4.71042
4.7034
4.69629
4.6891
4.68183
4.67449
4.66709
4.65967
4.65225
4.64485
4.63752
4.63028
4.62318
4.61625
4.60953
4.60303
4.5968
4.59086
4.58522
4.57989
4.57489
4.57021
4.56587
4.56184
4.55812
4.55472
4.5516
4.54878
4.54622
4.54393
4.5419
4.54011
4.53857
4.53728
4.53623
4.53544
4.5349
4.53463
4.53465
4.53497
4.53561
4.53658
4.53792
4.53963
4.54173
4.54423
4.54716
4.55049
4.55425
4.55841
4.56295
4.56786
4.57309
4.57861
4.58437
4.59033
4.59642
4.6026
4.60882
4.61501
4.62113
4.62713
4.63296
4.63859
4.64397
4.64908
4.65389
4.65838
4.66252
4.66629
4.6697
4.67271
4.67533
4.67755
4.67936
4.68075
4.68172
4.68227
4.6824
4.68209
4.68136
4.68018
4.67857
4.67653
4.67405
4.67113
4.66779
4.66401
4.65981
4.6552
4.65019
4.64479
4.63901
4.63288
4.6264
4.61962
4.61255
4.60522
4.59767
4.58993
4.58205
4.57407
4.56603
4.55798
4.54998
4.54207
4.53432
4.52677
4.51948
4.5125
4.50588
4.49967
4.4939
4.48862
4.48385
4.47962
4.47595
4.47286
4.47036
4.46844
4.46711
4.46636
4.46619
4.46657
4.46749
4.46892
4.47086
4.47326
4.4761
4.47935
4.48299
4.48696
4.49126
4.49583
4.50065
4.50568
4.5109
4.51627
4.52177
4.52736
4.53301
4.53871
4.54441
4.5501
4.55575
4.56134
4.56684
4.57222
4.57746
4.58254
4.58743
4.59212
4.59658
4.60078
4.60472
4.60837
4.61172
4.61475
4.61745
4.61981
4.62181
4.62345
4.62471
4.6256
4.62611
4.62622
4.62594
4.62527
4.62419
4.62272
4.62085
4.61857
4.61589
4.61281
4.60933
4.60545
4.60119
4.59654
4.59152
4.58613
4.5804
4.57433
4.56796
4.5613
4.55438
4.54723
4.53989
4.5324
4.52478
4.51709
4.50937
4.50165
4.49399
4.48642
4.47898
4.47171
4.46465
4.45783
4.45129
4.44503
4.4391
4.43349
4.42824
4.42334
4.41882
4.41467
4.4109
4.40751
4.40451
4.4019
4.39968
4.39785
4.39642
4.39539
4.39476
4.39454
4.39472
4.39531
4.39631
4.39771
4.39951
4.40171
4.40428
4.40722
4.41051
4.41413
4.41807
4.42229
4.42676
4.43147
4.43637
4.44144
4.44663
4.45191
4.45725
4.4626
4.46794
4.47322
4.4784
4.48346
4.48836
4.49307
4.49757
4.50183
4.50583
4.50956
4.51302
4.51618
4.51906
4.52165
4.52397
4.52603
4.52784
4.52943
4.53082
4.53205
4.53313
4.53412
4.53503
4.53591
4.5368
4.53772
4.53871
4.53981
4.54105
4.54245
4.54404
4.54584
4.54786
4.55012
4.55263
4.55539
4.5584
4.56165
4.56515
4.56889
4.57284
4.577
4.58135
4.58588
4.59056
4.59538
4.60032
4.60536
4.6105
4.6157
4.62097
4.62628
4.63163
4.63701
4.6424
4.64781
4.65321
4.65861
4.664
4.66936
4.6747
4.67999
4.68523
4.69041
4.6955
4.7005
4.70537
4.7101
4.71468
4.71907
4.72324
4.72719
4.73088
4.73429
4.7374
4.7402
4.74267
4.74479
4.74656
4.74798
4.74905
4.74977
4.75014
4.7502
4.74994
4.74939
4.74857
4.7475
4.74621
4.74472
4.74306
4.74124
4.7393
4.73724
4.73508
4.73284
4.73052
4.72812
4.72566
4.72313
4.72052
4.71783
4.71504
4.71215
4.70913
4.70599
4.7027
4.69925
4.69565
4.69188
4.68794
4.68383
4.67957
4.67515
4.67061
4.66595
4.6612
4.65639
4.65154
4.64669
4.64187
4.63711
4.63245
4.6279
4.6235
4.61928
4.61525
4.61142
4.60782
4.60445
4.60132
4.59842
4.59575
4.59331
4.59107
4.58904
4.5872
4.58553
4.58401
4.58263
4.58138
4.58025
4.57922
4.57828
4.57743
4.57665
4.57595
4.57532
4.57477
4.57428
4.57386
4.5735
4.57322
4.57302
4.57289
4.57285
4.5729
4.57305
4.57332
4.57373
4.57428
4.57501
4.57594
4.57709
4.57848
4.58015
4.58211
4.5844
4.58702
4.59
4.59334
4.59705
4.60113
4.60558
4.61037
4.6155
4.62093
4.62664
4.63259
4.63875
4.64506
4.6515
4.658
4.66453
4.67103
4.67746
4.68375
4.68988
4.69578
4.70142
4.70676
4.71174
4.71633
4.7205
4.72422
4.72744
4.73015
4.73233
4.73396
4.73501
4.73549
4.73539
4.7347
4.73344
4.73161
4.72923
4.72632
4.7229
4.719
4.71465
4.7099
4.70478
4.69933
4.6936
4.68763
4.68147
4.67516
4.66875
4.66228
4.6558
4.64934
4.64294
4.63664
4.63047
4.62447
4.61865
4.61304
4.60767
4.60257
4.59774
4.59321
4.58901
4.58514
4.58163
4.57849
4.57573
4.57337
4.57142
4.56988
4.56877
4.56808
4.56781
4.56796
4.56851
4.56945
4.57076
4.57241
4.57438
4.57664
4.57914
4.58185
4.58474
4.58775
4.59086
4.59402
4.59718
4.60032
4.60338
4.60635
4.60917
4.61183
4.61429
4.61653
4.61853
4.62027
4.62174
4.62293
4.62383
4.62444
4.62477
4.62482
4.62461
4.62414
4.62345
4.62254
4.62145
4.62022
4.61886
4.61741
4.61592
4.61441
4.61293
4.61152
4.61021
4.60903
4.60804
4.60725
4.6067
4.60641
4.60643
4.60675
4.60741
4.60841
4.60978
4.61152
4.61362
4.6161
4.61896
4.62218
4.62576
4.6297
4.63398
4.63859
4.64351
4.64873
4.65424
4.66001
4.66602
4.67226
4.6787
4.68533
4.69212
4.69905
4.70609
4.71323
4.72044
4.72769
4.73496
4.74224
4.74949
4.75669
4.76382
4.77086
4.77779
4.78458
4.79121
4.79767
4.80393
4.80998
4.81579
4.82136
4.82667
4.83169
4.83643
4.84086
4.84497
4.84876
4.85221
4.85531
4.85805
4.86042
4.86242
4.86403
4.86525
4.86606
4.86647
4.86647
4.86605
4.8652
4.86393
4.86224
4.86012
4.85757
4.8546
4.85121
4.8474
4.84318
4.83856
4.83355
4.82815
4.82238
4.81625
4.80978
4.80297
4.79587
4.78847
4.7808
4.77289
4.76475
4.75641
4.74789
4.73921
4.7304
4.72147
4.71244
4.70333
4.69414
4.6849
4.6756
4.66625
4.65686
4.64744
4.63797
4.62846
4.61891
4.60933
4.59973
4.59009
4.58045
4.57081
4.56119
4.55162
4.54213
4.53276
4.52355
4.51456
4.50585
4.49748
4.48952
4.48205
4.47516
4.46891
4.46341
4.45872
4.45493
4.4521
4.4503
4.44955
4.44991
4.45137
4.45394
4.45758
4.46225
4.4679
4.47444
4.48177
4.4898
4.4984
4.50746
4.51686
4.52647
4.53618
4.54587
4.55544
4.5648
4.57386
4.58254
4.59078
4.59854
4.60577
4.61243
4.61853
4.62403
4.62894
4.63327
4.63703
4.64022
4.64289
4.64505
4.64672
4.64795
4.64875
4.64916
4.64921
4.64893
4.64834
4.64747
4.64634
4.64498
4.64339
4.6416
4.63961
4.63744
4.6351
4.63259
4.62992
4.6271
4.62413
4.62102
4.61778
4.61442
4.61095
4.60739
4.60375
4.60005
4.59631
4.59256
4.58882
4.58512
4.58149
4.57797
4.57457
4.57134
4.5683
4.56548
4.56291
4.56063
4.55864
4.55698
4.55566
4.55469
4.55409
4.55387
4.55402
4.55455
4.55545
4.5567
4.55829
4.56021
4.56243
4.56493
4.56768
4.57064
4.57379
4.57709
4.58051
4.58402
4.58757
4.59115
4.59472
4.59825
4.60173
4.60513
4.60844
4.61164
4.61474
4.61772
4.62059
4.62335
4.62601
4.62857
4.63105
4.63346
4.6358
4.6381
4.64035
4.64257
4.64475
4.6469
4.64902
4.6511
4.65312
4.65507
4.65694
4.6587
4.66033
4.6618
4.66309
4.66418
4.66503
4.66563
4.66595
4.66596
4.66566
4.66503
4.66405
4.66271
4.66102
4.65897
4.65656
4.6538
4.65069
4.64726
4.64351
4.63946
4.63513
4.63054
4.62573
4.62071
4.61551
4.61016
4.6047
4.59916
4.59357
4.58796
4.58238
4.57687
4.57146
4.56619
4.56111
4.55627
4.5517
4.54744
4.54354
4.54003
4.53696
4.53434
4.53221
4.53059
4.5295
4.52895
4.52893
4.52946
4.53052
4.53209
4.53417
4.53672
4.53972
4.54313
4.54694
4.5511
4.55558
4.56034
4.56536
4.5706
4.57603
4.58162
4.58734
4.59317
4.59908
4.60506
4.61108
4.61713
4.62319
4.62926
4.63531
4.64135
4.64737
4.65336
4.65933
4.66526
4.67117
4.67705
4.68291
4.68873
4.69453
4.7003
4.70603
4.71172
4.71736
4.72294
4.72845
4.73386
4.73917
4.74435
4.74938
4.75424
4.75891
4.76336
4.76758
4.77154
4.77523
4.77863
4.78174
4.78454
4.78703
4.78921
4.79108
4.79266
4.79395
4.79496
4.79571
4.79622
4.79651
4.79659
4.79648
4.79621
4.79578
4.79521
4.79452
4.79372
4.79281
4.7918
4.7907
4.78952
4.78824
4.78688
4.78545
4.78393
4.78233
4.78067
4.77893
4.77713
4.77527
4.77336
4.77141
4.76942
4.7674
4.76537
4.76332
4.76127
4.75922
4.75719
4.75516
4.75315
4.75116
4.74919
4.74723
4.74528
4.74334
4.7414
4.73946
4.7375
4.73552
4.73352
4.73147
4.72937
4.72722
4.72501
4.72272
4.72037
4.71793
4.71542
4.71283
4.71015
4.7074
4.70457
4.70167
4.69871
4.69567
4.69257
4.68941
4.6862
4.68293
4.6796
4.67622
4.67279
4.66931
4.66579
4.66222
4.65862
4.65498
4.65133
4.64766
4.64401
4.64037
4.63677
4.63323
4.62978
4.62643
4.62322
4.62016
4.61727
4.6146
4.61214
4.60993
4.60799
4.60632
4.60494
4.60387
4.6031
4.60265
4.6025
4.60267
4.60313
4.60389
4.60493
4.60624
4.6078
4.60959
4.61159
4.61378
4.61614
4.61863
4.62124
4.62393
4.62668
4.62947
4.63226
4.63503
4.63776
4.64042
4.643
4.64547
4.64783
4.65006
4.65215
4.6541
4.6559
4.65756
4.65908
4.66045
4.66169
4.66279
4.66377
4.66463
4.66538
4.66603
4.66658
4.66703
4.66741
4.66771
4.66794
4.66811
4.66823
4.66831
4.66836
4.66839
4.66841
4.66844
4.66848
4.66855
4.66866
4.66882
4.66904
4.66932
4.66967
4.6701
4.6706
4.67118
4.67182
4.67253
4.67329
4.6741
4.67493
4.67578
4.67663
4.67746
4.67825
4.67898
4.67964
4.6802
4.68066
4.68099
4.68118
4.68122
4.68111
4.68083
4.68039
4.67979
4.67903
4.67812
4.67708
4.67592
4.67465
4.6733
4.67188
4.67041
4.66893
4.66744
4.66597
4.66453
4.66316
4.66184
4.66062
4.65949
4.65846
4.65755
4.65676
4.65611
4.65559
4.65522
4.655
4.65493
4.65503
4.6553
4.65574
4.65635
4.65715
4.65812
4.65928
4.66061
4.66212
4.6638
4.66565
4.66765
4.66981
4.67211
4.67455
4.67711
4.6798
4.68259
4.68548
4.68848
4.69157
4.69475
4.69802
4.70138
4.70484
4.70838
4.71203
4.71578
4.71963
4.7236
4.72766
4.73184
4.73613
4.74051
4.74499
4.74955
4.75418
4.75887
4.76359
4.76831
4.77303
4.7777
4.78229
4.78678
4.79112
4.79529
4.79924
4.80294
4.80634
4.80942
4.81213
4.81444
4.81633
4.81775
4.81868
4.81911
4.81901
4.81837
4.81717
4.81542
4.81311
4.81026
4.80687
4.80295
4.79854
4.79366
4.78833
4.78259
4.77648
4.77004
4.76331
4.75634
4.74917
4.74185
4.73442
4.72693
4.71942
4.71193
4.7045
4.69717
4.68996
4.6829
4.67603
4.66936
4.6629
4.65669
4.65072
4.645
4.63956
4.63438
4.62947
4.62484
4.62048
4.6164
4.6126
4.60907
4.60581
4.60282
4.6001
4.59765
4.59547
4.59355
4.5919
4.59052
4.58941
4.58856
4.58799
4.5877
4.58768
4.58795
4.5885
4.58934
4.59048
4.59191
4.59365
4.59568
4.59801
4.60064
4.60356
4.60676
4.61023
4.61396
4.61793
4.62211
4.62649
4.63103
4.6357
4.64047
4.64531
4.65018
4.65503
4.65984
4.66455
4.66914
4.67356
4.67778
4.68176
4.68547
4.68888
4.69197
4.6947
4.69706
4.69903
4.7006
4.70176
4.70249
4.70279
4.70267
4.70211
4.70113
4.69974
4.69793
4.69573
4.69313
4.69016
4.68683
4.68315
4.67915
4.67483
4.67022
4.66532
4.66017
4.65479
4.64918
4.64337
4.63739
4.63125
4.62499
4.61862
4.61218
4.60569
4.59919
4.5927
4.58626
4.57991
4.57367
4.56758
4.56168
4.55601
4.55059
4.54546
4.54064
4.53617
4.53208
4.52837
4.52508
4.52221
4.51976
4.51774
4.51615
4.51497
4.51419
4.51379
4.51373
4.51398
4.51451
4.51527
4.5162
4.51728
4.51843
4.5196
4.52076
4.52183
4.52277
4.52354
4.52408
4.52437
4.52436
4.52403
4.52336
4.52233
4.52095
4.5192
4.51711
4.51468
4.51195
4.50893
4.50567
4.5022
4.49857
4.49482
4.49101
4.48717
4.48335
4.47961
4.47598
4.4725
4.4692
4.4661
4.46324
4.46061
4.45824
4.45611
4.45421
4.45253
4.45106
4.44976
4.4486
4.44756
4.4466
4.44568
4.44478
4.44385
4.44289
4.44185
4.44074
4.43954
4.43825
4.43687
4.43542
4.43392
4.4324
4.4309
4.42945
4.42811
4.42693
4.42596
4.42525
4.42485
4.42483
4.42521
4.42603
4.42734
4.42915
4.43146
4.4343
4.43764
4.44148
4.44579
4.45054
4.45571
4.46124
4.46712
4.47328
4.4797
4.48633
4.49313
4.50006
4.50709
4.51418
4.5213
4.52842
4.53551
4.54255
4.54949
4.55633
4.56302
4.56956
4.57591
4.58206
4.58798
4.59366
4.59908
4.60421
4.60905
4.61359
4.61781
4.62172
4.6253
4.62856
4.6315
4.63413
4.63645
4.63848
4.64024
4.64173
4.64298
4.64401
4.64484
4.64549
4.64599
4.64636
4.64661
4.64677
4.64686
4.64689
4.64688
4.64683
4.64676
4.64667
4.64655
4.64642
4.64625
4.64606
4.64582
4.64552
4.64516
4.64471
4.64417
4.64352
4.64275
4.64184
4.6408
4.6396
4.63827
4.63678
4.63516
4.63342
4.63157
4.62964
4.62766
4.62565
4.62365
4.62169
4.61982
4.61808
4.61649
4.6151
4.61395
4.61306
4.61246
4.61218
4.61223
4.61262
4.61337
4.61448
4.61594
4.61775
4.61989
4.62235
4.62509
4.6281
4.63133
4.63474
4.6383
4.64195
4.64564
4.64931
4.65291
4.65637
4.65964
4.66265
4.66535
4.66767
4.66956
4.67096
4.67184
4.67214
4.67182
4.67085
4.66921
4.66687
4.66381
4.66002
4.65551
4.65027
4.64433
4.63769
4.63039
4.62245
4.61393
4.60487
4.59532
4.58535
4.57504
4.56446
4.5537
4.54284
4.53199
4.52124
4.51069
4.50043
4.49056
4.48117
4.47235
4.46417
4.4567
4.44998
4.44406
4.43898
4.43473
4.43134
4.42878
4.42704
4.42609
4.4259
4.42642
4.42761
4.42944
4.43184
4.43479
4.43823
4.44213
4.44644
4.45114
4.45619
4.46157
4.46724
4.47318
4.47937
4.48579
4.49243
4.49927
4.5063
4.51351
4.52088
4.52841
4.53608
4.5439
4.55184
4.5599
4.56806
4.57631
4.58463
4.59301
4.60141
4.60981
4.61819
4.62652
4.63476
4.64289
4.65088
4.65868
4.66629
4.67367
4.68079
4.68765
4.69423
4.70051
4.70649
4.71217
4.71755
4.72265
4.72746
4.73202
4.73633
4.74042
4.7443
4.74801
4.75156
4.75497
4.75826
4.76146
4.76458
4.76762
4.7706
4.77352
4.77637
4.77915
4.78186
4.78446
4.78695
4.78931
4.7915
4.79351
4.7953
4.79685
4.79813
4.7991
4.79974
4.80002
4.79991
4.7994
4.79845
4.79704
4.79517
4.79281
4.78995
4.78659
4.78273
4.77836
4.77349
4.76814
4.76232
4.75605
4.74937
4.74231
4.7349
4.72719
4.71924
4.71108
4.70278
4.69439
4.68597
4.67758
4.66927
4.66111
4.65313
4.64539
4.63793
4.63079
4.62401
4.6176
4.61159
4.60598
4.6008
4.59604
4.5917
4.58776
4.58422
4.58105
4.57825
4.57577
4.57361
4.57173
4.5701
4.56871
4.56751
4.56648
4.56559
4.56483
4.56417
4.56358
4.56307
4.5626
4.56218
4.5618
4.56146
4.56117
4.56092
4.56072
4.5606
4.56055
4.5606
4.56075
4.56101
4.56139
4.56189
4.56252
4.56327
4.56413
4.56509
4.56614
4.56725
4.56839
4.56955
4.57067
4.57174
4.57272
4.57357
4.57425
4.57474
4.575
4.57499
4.57471
4.57411
4.5732
4.57194
4.57035
4.56841
4.56614
4.56355
4.56066
4.55749
4.55409
4.55051
4.54678
4.54298
4.53918
4.53543
4.53183
4.52845
4.52536
4.52266
4.52041
4.51868
4.51753
4.517
4.51714
4.51796
4.51947
4.52166
4.52451
4.52799
4.53206
4.53666
4.54175
4.54726
4.55312
4.55928
4.56567
4.57224
4.57893
4.58568
4.59245
4.5992
4.60589
4.61249
4.61897
4.6253
4.63147
4.63747
4.64329
4.64891
4.65434
4.65957
4.6646
4.66944
4.6741
4.67857
4.68285
4.68695
4.69088
4.69463
4.6982
4.70158
4.70478
4.70778
4.71058
4.71316
4.71551
4.71763
4.71949
4.72108
4.72239
4.7234
4.72411
4.7245
4.72455
4.72427
4.72363
4.72265
4.72132
4.71964
4.7176
4.71523
4.71252
4.7095
4.70616
4.70253
4.69863
4.69447
4.69008
4.68548
4.68069
4.67575
4.67067
4.66549
4.66022
4.6549
4.64954
4.64419
4.63885
4.63356
4.62833
4.62319
4.61816
4.61326
4.6085
4.6039
4.59947
4.59524
4.5912
4.58737
4.58376
4.58036
4.57719
4.57424
4.57151
4.569
4.5667
4.5646
4.56269
4.56095
4.55938
4.55796
4.55666
4.55547
4.55436
4.5533
4.55228
4.55127
4.55023
4.54913
4.54796
4.54667
4.54525
4.54365
4.54185
4.53983
4.53756
4.53502
4.53218
4.52903
4.52557
4.52177
4.51764
4.51318
4.5084
4.50331
4.49793
4.49228
4.48641
4.48033
4.4741
4.46777
4.46139
4.45501
4.44869
4.44249
4.43647
4.43069
4.42521
4.42008
4.41534
4.41104
4.40722
4.40389
4.40108
4.3988
4.39705
4.39583
4.39513
4.39494
4.39525
4.39602
4.39725
4.39891
4.40097
4.40343
4.40626
4.40944
4.41298
4.41685
4.42105
4.42557
4.43042
4.43559
4.44107
4.44688
4.45299
4.45942
4.46615
4.47318
4.48049
4.48807
4.49591
4.50397
4.51224
4.52068
4.52927
4.53797
4.54674
4.55554
4.56433
4.57307
4.58171
4.59022
4.59854
4.60665
4.61449
4.62203
4.62924
4.63608
4.64252
4.64854
4.65411
4.6592
4.6638
4.6679
4.67149
4.67454
4.67707
4.67906
4.68051
4.68144
4.68185
4.68174
4.68113
4.68005
4.67849
4.6765
4.6741
4.6713
4.66814
4.66465
4.66086
4.65679
4.65248
4.64794
4.64321
4.63831
4.63325
4.62805
4.62272
4.61727
4.6117
4.60603
4.60026
4.59437
4.58838
4.58229
4.5761
4.56981
4.56342
4.55695
4.55041
4.54379
4.53713
4.53044
4.52374
4.51705
4.51041
4.50383
4.49734
4.49098
4.48477
4.47875
4.47295
4.46738
4.46208
4.45707
4.45237
4.448
4.44396
4.44028
4.43695
4.43399
4.43139
4.42915
4.42726
4.42572
4.42453
4.42367
4.42313
4.42291
4.423
4.42338
4.42404
4.42497
4.42615
4.42758
4.42923
4.43108
4.43311
4.43529
4.43759
4.43997
4.4424
4.44483
4.44722
4.44952
4.45167
4.45364
4.45537
4.45681
4.4579
4.45862
4.4589
4.45873
4.45806
4.45688
4.45516
4.4529
4.45009
4.44673
4.44285
4.43844
4.43355
4.42819
4.42242
4.41627
4.40978
4.40301
4.39601
4.38884
4.38154
4.37418
4.36681
4.35948
4.35225
4.34517
4.33829
4.33166
4.32532
4.31931
4.31368
4.30846
4.3037
4.29942
4.29566
4.29244
4.2898
4.28775
4.28631
4.28549
4.28532
4.28579
4.28691
4.28868
4.29109
4.29413
4.2978
4.30208
4.30694
4.31238
4.31837
4.32489
4.3319
4.3394
4.34734
4.35569
4.36443
4.37353
4.38294
4.39264
4.40258
4.41272
4.42302
4.43344
4.44393
4.45444
4.46493
4.47535
4.48566
4.49581
4.50575
4.51545
4.52486
4.53395
4.54269
4.55104
4.55898
4.56648
4.57352
4.58007
4.58613
4.59168
4.59672
4.60122
4.60519
4.60863
4.61153
4.61389
4.61572
4.61703
4.61782
4.61811
4.6179
4.61721
4.61607
4.61449
4.61249
4.61011
4.60737
4.60431
4.60097
4.59739
4.59361
4.58969
4.58567
4.58161
4.57756
4.57358
4.5697
4.56599
4.56247
4.5592
4.5562
4.55349
4.55109
4.54901
4.54724
4.54579
4.54465
4.54379
4.54319
4.54283
4.54269
4.54274
4.54295
4.54329
4.54373
4.54425
4.54482
4.54542
4.54601
4.54659
4.54712
4.54759
4.54798
4.54827
4.54844
4.54849
4.5484
4.54816
4.54775
4.54718
4.54642
4.54548
4.54436
4.54303
4.54151
4.53978
4.53785
4.5357
4.53335
4.53078
4.528
4.525
4.5218
4.51838
4.51476
4.51094
4.50693
4.50274
4.49838
4.49387
4.48922
4.48446
4.47962
4.47471
4.46977
4.46483
4.45994
4.45513
4.45045
4.44595
4.44167
4.43768
4.43402
4.43076
4.42794
4.42563
4.42387
4.42272
4.42223
4.42242
4.42334
4.425
4.42741
4.43059
4.4345
4.43915
4.44448
4.45046
4.45704
4.46415
4.47173
4.4797
4.48798
4.49651
4.5052
4.51398
4.52277
4.53151
4.54014
4.54859
4.55682
4.56479
4.57245
4.57979
4.58677
4.59339
4.59962
4.60547
4.61095
4.61604
4.62078
4.62515
4.62919
4.63291
4.63632
4.63944
4.64229
4.64488
4.64724
4.64936
4.65127
4.65296
4.65445
4.65572
4.65678
4.65763
4.65825
4.65864
4.65878
4.65866
4.65827
4.65759
4.6566
4.6553
4.65368
4.65172
4.64941
4.64677
4.64377
4.64044
4.63677
4.63279
4.62849
4.6239
4.61905
4.61396
4.60865
4.60316
4.59752
4.59175
4.58591
4.58001
4.57409
4.56819
4.56233
4.55656
4.55088
4.54533
4.53994
4.53471
4.52966
4.52482
4.52017
4.51574
4.51152
4.50752
4.50374
4.50017
4.49681
4.49365
4.4907
4.48795
4.4854
4.48304
4.48086
4.47888
4.47708
4.47547
4.47404
4.47279
4.47171
4.47081
4.47007
4.46949
4.46906
4.46877
4.46862
4.46858
4.46864
4.46878
4.469
4.46928
4.46959
4.46994
4.47029
4.47066
4.47101
4.47135
4.47168
4.472
4.47229
4.47258
4.47287
4.47317
4.47349
4.47385
4.47426
4.47474
4.47532
4.476
4.47682
4.47778
4.47891
4.48021
4.48172
4.48342
4.48534
4.48747
4.48983
4.4924
4.49517
4.49814
4.50129
4.50461
4.50806
4.51161
4.51525
4.51892
4.52261
4.52626
4.52984
4.53331
4.53664
4.53977
4.54268
4.54533
4.54769
4.54973
4.55142
4.55274
4.55367
4.55419
4.5543
4.55398
4.55322
4.55203
4.55039
4.54832
4.54582
4.5429
4.53956
4.53582
4.5317
4.52721
4.52236
4.51719
4.51172
4.50598
4.49999
4.4938
4.48743
4.48094
4.47437
4.46775
4.46115
4.45462
4.4482
4.44196
4.43594
4.43021
4.42482
4.41981
4.41523
4.41113
4.40755
4.4045
4.40203
4.40013
4.39882
4.3981
4.39795
4.39837
4.39932
4.40077
4.40269
4.40504
4.40777
4.41084
4.41421
4.41783
4.42166
4.42567
4.42981
4.43406
4.43839
4.44277
4.44719
4.45163
4.45606
4.46048
4.46486
4.4692
4.47348
4.47768
4.4818
4.48582
4.48971
4.49348
4.49709
4.50054
4.5038
4.50686
4.50971
4.51231
4.51467
4.51676
4.51857
4.52008
4.52128
4.52216
4.52272
4.52293
4.52281
4.52233
4.52151
4.52034
4.51883
4.51699
4.51481
4.51233
4.50954
4.50648
4.50315
4.49959
4.49582
4.49186
4.48776
4.48352
4.4792
4.47482
4.47041
4.46602
4.46166
4.45736
4.45317
4.4491
4.44518
4.44143
4.43787
4.43452
4.43137
4.42845
4.42575
4.42328
4.42102
4.41898
4.41714
4.41549
4.41401
4.41268
4.41149
4.41042
4.40943
4.40853
4.40768
4.40688
4.4061
4.40534
4.4046
4.40386
4.40313
4.40241
4.40172
4.40105
4.40044
4.3999
4.39944
4.3991
4.39889
4.39883
4.39897
4.3993
4.39987
4.40068
4.40174
4.40309
4.40471
4.40662
4.40883
4.41132
4.41409
4.41714
4.42045
4.424
4.42779
4.43178
4.43597
4.44032
4.4448
4.4494
4.45409
4.45883
4.4636
4.46837
4.47313
4.47783
4.48246
4.48701
4.49144
4.49575
4.49992
4.50394
4.50781
4.51152
4.51508
4.51847
4.52172
4.52481
4.52776
4.53058
4.53328
4.53586
4.53833
4.54071
4.54299
4.54519
4.54731
4.54935
4.55131
4.55319
4.55498
4.55669
4.5583
4.5598
4.56117
4.56241
4.56348
4.56439
4.56509
4.56557
4.56582
4.56579
4.56548
4.56487
4.56392
4.56263
4.56098
4.55896
4.55657
4.5538
4.55067
4.54717
4.54334
4.53918
4.53473
4.53003
4.5251
4.52001
4.51479
4.5095
4.50419
4.49892
4.49373
4.4887
4.48386
4.47928
4.47499
4.47104
4.46747
4.46431
4.46159
4.45934
4.45756
4.45628
4.4555
4.45522
4.45543
4.45612
4.45728
4.45889
4.46093
4.46336
4.46616
4.46929
4.47272
4.4764
4.48031
4.4844
4.48863
4.49298
4.4974
4.50187
4.50636
4.51084
4.51531
4.51974
4.52413
4.52847
4.53275
4.53697
4.54114
4.54527
4.54936
4.55342
4.55746
4.56148
4.56549
4.56949
4.57349
4.57749
4.58148
4.58545
4.58939
4.5933
4.59716
4.60094
4.60462
4.6082
4.61164
4.61493
4.61804
4.62096
4.62367
4.62615
4.6284
4.63041
4.63217
4.63368
4.63496
4.63599
4.63679
4.63738
4.63777
4.63797
4.63799
4.63787
4.63762
4.63725
4.6368
4.63627
4.6357
4.63511
4.63452
4.63396
4.63346
4.63303
4.6327
4.63251
4.63247
4.63261
4.63295
4.63351
4.63432
4.63537
4.63669
4.63827
4.64012
4.64223
4.64459
4.64718
4.64999
4.65299
4.65615
4.65943
4.66281
4.66624
4.66968
4.6731
4.67644
4.67968
4.68276
4.68565
4.6883
4.6907
4.69279
4.69455
4.69595
4.69698
4.69759
4.69779
4.69755
4.69686
4.69572
4.69411
4.69205
4.68952
4.68652
4.68308
4.67918
4.67485
4.67009
4.66492
4.65934
4.65338
4.64705
4.64038
4.63337
4.62606
4.61846
4.61059
4.6025
4.59419
4.5857
4.57705
4.56827
4.55939
4.55044
4.54145
4.53244
4.52344
4.51448
4.50557
4.49674
4.48801
4.4794
4.47092
4.46258
4.45441
4.4464
4.43856
4.43091
4.42344
4.41616
4.40908
4.40218
4.39548
4.38897
4.38265
4.37653
4.37059
4.36485
4.3593
4.35394
4.34878
4.34381
4.33905
4.3345
4.33016
4.32605
4.32216
4.31852
4.31513
4.31202
4.30919
4.30666
4.30446
4.3026
4.30111
4.30002
4.29935
4.29912
4.29937
4.30012
4.30139
4.30321
4.30558
4.30853
4.31205
4.31615
4.32081
4.32603
4.33177
4.338
4.34468
4.35176
4.35919
4.3669
4.37484
4.38294
4.39113
4.39935
4.40754
4.41563
4.42357
4.4313
4.43878
4.44596
4.4528
4.45927
4.46535
4.47099
4.4762
4.48094
4.4852
4.48897
4.49225
4.49502
4.49729
4.49906
4.50032
4.50109
4.50136
4.50116
4.50049
4.49938
4.49783
4.49587
4.49353
4.49084
4.48781
4.4845
4.48092
4.47713
4.47316
4.46905
4.46485
4.4606
4.45636
4.45217
4.44809
4.44416
4.44043
4.43697
4.43381
4.43101
4.4286
4.42664
4.42516
4.4242
4.42378
4.42393
4.42467
4.42601
4.42797
4.43054
4.43373
4.43752
4.44191
4.44687
4.45238
4.45842
4.46495
4.47192
4.47932
4.48707
4.49514
4.50346
4.51198
4.52064
4.52936
4.53809
4.54676
4.55529
4.56363
4.5717
4.57944
4.58681
4.59373
4.60017
4.60609
4.61145
4.61623
4.62041
4.62397
4.62691
4.62924
4.63097
4.63211
4.63268
4.63272
4.63226
4.63133
4.62998
4.62825
4.62619
4.62384
4.62127
4.61851
4.61561
4.61263
4.6096
4.60658
4.60358
4.60065
4.59781
4.59507
4.59245
4.58996
4.58759
4.58534
4.5832
4.58115
4.57918
4.57728
4.57542
4.5736
4.57179
4.57
4.5682
4.5664
4.56459
4.56278
4.56096
4.55915
4.55735
4.55556
4.55381
4.5521
4.55045
4.54885
4.54733
4.5459
4.54455
4.54331
4.54217
4.54115
4.54024
4.53945
4.53879
4.53826
4.53785
4.53757
4.53742
4.53741
4.53753
4.53779
4.53818
4.5387
4.53937
4.54017
4.5411
4.54217
4.54337
4.5447
4.54615
4.54771
4.54937
4.55113
4.55296
4.55485
4.55679
4.55876
4.56073
4.56269
4.56462
4.5665
4.56833
4.57007
4.57173
4.57328
4.57473
4.57606
4.57727
4.57836
4.57932
4.58015
4.58084
4.58141
4.58184
4.58214
4.58231
4.58235
4.58226
4.58203
4.58169
4.58123
4.58065
4.57998
4.57922
4.57839
4.5775
4.57658
4.57564
4.57472
4.57383
4.573
4.57227
4.57165
4.57116
4.57084
4.5707
4.57074
4.571
4.57146
4.57212
4.57299
4.57405
4.57528
4.57666
4.57817
4.57976
4.58142
4.58309
4.58475
4.58634
4.58784
4.5892
4.59039
4.59136
4.59209
4.59255
4.59271
4.59255
4.59205
4.59121
4.59
4.58843
4.5865
4.5842
4.58154
4.57853
4.57518
4.5715
4.56751
4.56322
4.55865
4.55381
4.54873
4.54342
4.5379
4.5322
4.52632
4.52029
4.51412
4.50784
4.50146
4.495
4.48847
4.48189
4.47529
4.46867
4.46205
4.45544
4.44887
4.44234
4.43587
4.42947
4.42317
4.41697
4.41088
4.40494
4.39913
4.3935
4.38805
4.3828
4.37777
4.37298
4.36845
4.36421
4.36028
4.35669
4.35346
4.35063
4.34821
4.34625
4.34478
4.34381
4.34339
4.34353
4.34428
4.34564
4.34765
4.35032
4.35366
4.35768
4.36239
4.36778
4.37384
4.38056
4.38791
4.39585
4.40436
4.41338
4.42287
4.43278
4.44303
4.45356
4.46431
4.47521
4.48618
4.49715
4.50805
4.51881
4.52936
4.53965
4.5496
4.55916
4.56829
4.57693
4.58505
4.59261
4.59958
4.60595
4.61168
4.61678
4.62124
4.62506
4.62825
4.6308
4.63275
4.63411
4.63491
4.63516
4.6349
4.63416
4.63297
4.63136
4.62936
4.62702
4.62437
4.62142
4.61823
4.61481
4.6112
4.60741
4.60349
4.59945
4.5953
4.59108
4.5868
4.58248
4.57813
4.57377
4.56942
4.56509
4.56078
4.55653
4.55234
4.54823
4.54422
4.54032
4.53655
4.53293
4.52949
4.52624
4.52321
4.52041
4.51788
4.51564
4.51369
4.51207
4.5108
4.50988
4.50933
4.50915
4.50937
4.50996
4.51094
4.51228
4.51399
4.51604
4.51842
4.5211
4.52404
4.52724
4.53064
4.53423
4.53796
4.54181
4.54575
4.54974
4.55376
4.55779
4.56181
4.56579
4.56973
4.57362
4.57745
4.58122
4.58492
4.58858
4.59218
4.59573
4.59925
4.60274
4.60621
4.60967
4.61312
4.61656
4.61999
4.62342
4.62684
4.63025
4.63363
4.63697
4.64027
4.64351
4.64668
4.64975
4.65272
4.65557
4.65828
4.66084
4.66323
4.66545
4.66748
4.66931
4.67094
4.67235
4.67355
4.67453
4.6753
4.67585
4.67619
4.67633
4.67626
4.67599
4.67554
4.67491
4.6741
4.67313
4.67201
4.67074
4.66933
4.6678
4.66614
4.66436
4.66247
4.66048
4.65839
4.6562
4.65392
4.65154
4.64907
4.6465
4.64384
4.64108
4.63821
4.63525
4.63218
4.629
4.62572
4.62233
4.61884
4.61526
4.61159
4.60785
4.60405
4.6002
4.59634
4.59248
4.58865
4.58489
4.58122
4.57768
4.5743
4.57113
4.56818
4.56551
4.56312
4.56106
4.55935
4.55799
4.55701
4.5564
4.55617
4.5563
4.55677
4.55757
4.55865
4.55999
4.56155
4.56327
4.56511
4.56702
4.56895
4.57084
4.57266
4.57435
4.57586
4.57718
4.57825
4.57906
4.57959
4.57982
4.57975
4.57938
4.57871
4.57777
4.57656
4.57512
4.57348
4.57166
4.56971
4.56766
4.56556
4.56345
4.56136
4.55935
4.55745
4.5557
4.55414
4.55281
4.55172
4.55092
4.55043
4.55027
4.55046
4.55102
4.55196
4.55329
4.55502
4.55715
4.5597
4.56265
4.56601
4.56976
4.57391
4.57844
4.58333
4.58856
4.59412
4.59998
4.60611
4.61249
4.61907
4.62584
4.63274
4.63975
4.64682
4.65392
4.661
4.66803
4.67497
4.68178
4.68843
4.69489
4.70113
4.70712
4.71284
4.71828
4.72343
4.72827
4.7328
4.73702
4.74094
4.74457
4.74792
4.75101
4.75386
4.7565
4.75894
4.76123
4.76338
4.76542
4.76738
4.76929
4.77118
4.77307
4.77498
4.77693
4.77893
4.78101
4.78317
4.78542
4.78776
4.7902
4.79275
4.79539
4.79814
4.80097
4.8039
4.80691
4.81
4.81316
4.81638
4.81964
4.82295
4.82629
4.82964
4.83299
4.83633
4.83964
4.8429
4.8461
4.84921
4.85221
4.8551
4.85783
4.8604
4.8628
4.86499
4.86696
4.86871
4.87022
4.87147
4.87248
4.87322
4.87371
4.87394
4.87393
4.87368
4.87321
4.87253
4.87166
4.87062
4.86944
4.86813
4.86673
4.86525
4.86372
4.86217
4.86062
4.85908
4.85758
4.85612
4.85473
4.8534
4.85214
4.85096
4.84985
4.8488
4.8478
4.84684
4.84591
4.84499
4.84405
4.84308
4.84206
4.84096
4.83976
4.83844
4.83698
4.83534
4.83352
4.83149
4.82922
4.82671
4.82394
4.82089
4.81754
4.8139
4.80995
4.80569
4.80112
4.79624
4.79106
4.78559
4.77984
4.77384
4.76759
4.76112
4.75446
4.74764
4.74069
4.73363
4.72652
4.71937
4.71223
4.70515
4.69815
4.69127
4.68457
4.67806
4.6718
4.6658
4.66012
4.65477
4.64978
4.64518
4.64098
4.6372
4.63384
4.63092
4.62842
4.62635
4.6247
4.62344
4.62257
4.62206
4.62188
4.622
4.62241
4.62305
4.62392
4.62496
4.62615
4.62745
4.62885
4.6303
4.63179
4.63329
4.63477
4.63623
4.63762
4.63895
4.6402
4.64134
4.64236
4.64326
4.64401
4.64461
4.64503
4.64528
4.64532
4.64516
4.64479
4.64418
4.64333
4.64223
4.64088
4.63927
4.63739
4.63525
4.63285
4.63019
4.62728
4.62412
4.62074
4.61713
4.61332
4.60933
4.60517
4.60086
4.59642
4.59188
4.58725
4.58256
4.57783
4.57308
4.56834
4.56363
4.55896
4.55436
4.54985
4.54545
4.54117
4.53703
4.53305
4.52925
4.52562
4.52219
4.51896
4.51594
4.51313
4.51054
4.50817
4.50602
4.50409
4.50237
4.50086
4.49957
4.49848
4.49759
4.4969
4.4964
4.49609
4.49597
4.49604
4.4963
4.49675
4.49738
4.49821
4.49924
4.50046
4.50188
4.50351
4.50534
4.50737
4.5096
4.51202
4.51463
4.51741
4.52037
4.52347
4.5267
4.53005
4.53349
4.53699
4.54054
4.54411
4.54767
4.55121
4.55468
4.55808
4.56137
4.56454
4.56758
4.57046
4.57317
4.57571
4.57806
4.58022
4.58219
4.58396
4.58555
4.58695
4.58816
4.58921
4.59009
4.59081
4.59139
4.59183
4.59215
4.59235
4.59244
4.59244
4.59234
4.59217
4.59193
4.59163
4.59127
4.59087
4.59044
4.58999
4.58953
4.58907
4.58863
4.58822
4.58785
4.58753
4.58729
4.58713
4.58707
4.58712
4.58728
4.58756
4.58798
4.58853
4.58921
4.59002
4.59095
4.59201
4.59317
4.59443
4.59577
4.59718
4.59865
4.60016
4.60169
4.60322
4.60475
4.60625
4.60771
4.60913
4.61049
4.61178
4.613
4.61414
4.61519
4.61616
4.61705
4.61785
4.61857
4.6192
4.61977
4.62026
4.62068
4.62104
4.62134
4.62157
4.62174
4.62186
4.62191
4.62189
4.6218
4.62164
4.62139
4.62104
4.62059
4.62003
4.61935
4.61853
4.61757
4.61646
4.61519
4.61375
4.61214
4.61036
4.60841
4.60628
4.60397
4.6015
4.59887
4.59609
4.59317
4.59013
4.58699
4.58375
4.58046
4.57713
4.57378
4.57046
4.56719
4.56401
4.56094
4.55804
4.55533
4.55284
4.55063
4.54871
4.54713
4.54592
4.5451
4.5447
4.54473
4.54523
4.54619
4.54762
4.54954
4.55193
4.55478
4.55809
4.56183
4.56598
4.57052
4.57541
4.58063
4.58613
4.59187
4.59781
4.60392
4.61015
4.61646
4.6228
4.62913
4.63541
4.6416
4.64766
4.65356
4.65925
4.66471
4.66991
4.67481
4.6794
4.68365
4.68754
4.69106
4.6942
4.69695
4.69931
4.70128
4.70287
4.70408
4.70492
4.70542
4.70559
4.70545
4.70503
4.70435
4.70343
4.70231
4.70101
4.69956
4.69797
4.69627
4.69448
4.69262
4.6907
4.68873
4.68671
4.68465
4.68256
4.68042
4.67823
4.67599
4.67368
4.6713
4.66884
4.66627
4.6636
4.66082
4.65791
4.65487
4.65169
4.64838
4.64493
4.64135
4.63764
4.63381
4.62988
4.62585
4.62174
4.61757
4.61335
4.60911
4.60485
4.6006
4.59638
4.5922
4.58808
4.58403
4.58006
4.57619
4.57242
4.56877
4.56523
4.56182
4.55854
4.55539
4.55237
4.54948
4.54673
4.54411
4.54163
4.53928
4.53706
4.53498
4.53304
4.53123
4.52955
4.52802
4.52662
4.52537
4.52426
4.5233
4.52249
4.52184
4.52134
4.52099
4.52081
4.52079
4.52093
4.52123
4.52168
4.52229
4.52306
4.52396
4.52501
4.52619
4.5275
4.52892
4.53045
4.53208
4.5338
4.5356
4.53748
4.53943
4.54143
4.54349
4.54559
4.54774
4.54993
4.55215
4.55441
4.5567
4.55902
4.56136
4.56374
4.56613
4.56855
4.57099
4.57345
4.57592
4.5784
4.58088
4.58335
4.5858
4.58822
4.59059
4.5929
4.59513
4.59726
4.59927
4.60114
4.60285
4.60437
4.60568
4.60677
4.6076
4.60818
4.60848
4.60849
4.6082
4.60761
4.60672
4.60554
4.60408
4.60234
4.60035
4.59813
4.5957
4.5931
4.59036
4.58751
4.58459
4.58163
4.57869
4.57579
4.57298
4.57029
4.56776
4.56544
4.56334
4.5615
4.55995
4.5587
4.55779
4.55721
4.55698
4.5571
4.55758
4.5584
4.55957
4.56106
4.56285
4.56494
4.56729
4.56989
4.57269
4.57569
4.57885
4.58213
4.58553
4.58901
4.59254
4.59611
4.5997
4.60328
4.60685
4.61038
4.61387
4.61731
4.62068
4.62399
4.62722
4.63037
4.63343
4.63641
4.63928
4.64206
4.64472
4.64727
4.64969
4.65197
4.6541
4.65607
4.65787
4.65947
4.66086
4.66204
4.66298
4.66367
4.66411
4.66427
4.66416
4.66377
4.6631
4.66215
4.66093
4.65945
4.65771
4.65574
4.65355
4.65116
4.64859
4.64585
4.64297
4.63997
4.63685
4.63365
4.63035
4.62699
4.62356
4.62008
4.61655
4.61297
4.60936
4.60572
4.60206
4.59839
4.59473
4.59109
4.58749
4.58395
4.5805
4.57715
4.57393
4.57086
4.56797
4.56526
4.56276
4.56047
4.55839
4.55654
4.5549
4.55347
4.55223
4.55119
4.55032
4.54961
4.54905
4.54863
4.54833
4.54815
4.54808
4.54812
4.54826
4.54851
4.54887
4.54933
4.54991
4.55059
4.5514
4.55232
4.55336
4.55451
4.55578
4.55714
4.55861
4.56015
4.56177
4.56344
4.56514
4.56686
4.56858
4.57026
4.5719
4.57346
4.57493
4.57629
4.57751
4.57859
4.57951
4.58027
4.58085
4.58127
4.58153
4.58163
4.58159
4.58144
4.58121
4.58093
4.58064
4.58039
4.58021
4.58018
4.58033
4.58072
4.5814
4.58241
4.58381
4.58562
4.58786
4.59055
4.59369
4.59726
4.60126
4.60564
4.61037
4.61539
4.62065
4.62609
4.63164
4.63725
4.64285
4.6484
4.65383
4.6591
4.66418
4.66904
4.67365
4.678
4.68209
4.6859
4.68945
4.69275
4.69581
4.69865
4.70129
4.70376
4.70606
4.70824
4.71029
4.71224
4.71411
4.71589
4.71759
4.71922
4.72075
4.7222
4.72353
4.72474
4.72579
4.72667
4.72734
4.72779
4.72797
4.72787
4.72746
4.72671
4.72561
4.72413
4.72228
4.72003
4.71739
4.71435
4.71093
4.70714
4.703
4.69852
4.69373
4.68866
4.68333
4.67778
4.67203
4.66612
4.66008
4.65393
4.64771
4.64143
4.63512
4.6288
4.62248
4.61618
4.60991
4.60368
4.59749
4.59136
4.58529
4.57928
4.57335
4.5675
4.56174
4.55608
4.55053
4.54511
4.53984
4.53474
4.52982
4.52512
4.52066
4.51647
4.51257
4.509
4.50577
4.50291
4.50044
4.49839
4.49675
4.49555
4.49477
4.49443
4.4945
4.49498
4.49583
4.49704
4.49857
4.50039
4.50246
4.50474
4.5072
4.50978
4.51245
4.51519
4.51794
4.52068
4.52338
4.52602
4.52858
4.53105
4.53339
4.53562
4.53773
4.5397
4.54154
4.54326
4.54485
4.54632
4.54767
4.54892
4.55006
4.55111
4.55207
4.55294
4.55373
4.55444
4.55507
4.55564
4.55613
4.55656
4.55691
4.5572
4.55741
4.55756
4.55764
4.55765
4.5576
4.55748
4.55731
4.55708
4.55681
4.5565
4.55617
4.55581
4.55546
4.55512
4.5548
4.55452
4.55431
4.55417
4.55412
4.55419
4.55438
4.55472
4.55522
4.55588
4.55673
4.55776
4.559
4.56042
4.56205
4.56388
4.56589
4.5681
4.57048
4.57302
4.57572
4.57856
4.58153
4.5846
4.58777
4.59102
4.59433
4.59769
4.60109
4.6045
4.60793
4.61136
4.61477
4.61818
4.62156
4.62492
4.62825
4.63156
4.63484
4.6381
4.64134
4.64457
4.64778
4.65099
4.65419
4.6574
4.6606
4.66381
4.66703
4.67025
4.67347
4.67669
4.67989
4.68308
4.68622
4.68932
4.69236
4.6953
4.69815
4.70087
4.70343
4.70582
4.708
4.70996
4.71165
4.71307
4.71417
4.71494
4.71535
4.71538
4.71501
4.71424
4.71303
4.7114
4.70933
4.70683
4.7039
4.70055
4.6968
4.69266
4.68816
4.68332
4.67818
4.67277
4.66712
4.66127
4.65526
4.64912
4.6429
4.63661
4.63031
4.624
4.61772
4.61148
4.6053
4.59919
4.59315
4.58718
4.58127
4.57542
4.56961
4.56383
4.55807
4.5523
4.54651
4.54069
4.53482
4.5289
4.52291
4.51686
4.51075
4.50459
4.49838
4.49214
4.4859
4.47969
4.47352
4.46744
4.46149
4.45569
4.4501
4.44474
4.43967
4.43491
4.43051
4.4265
4.42291
4.41976
4.41709
4.4149
4.4132
4.41201
4.41131
4.41111
4.41139
4.41214
4.41332
4.41492
4.4169
4.41922
4.42185
4.42475
4.42787
4.43119
4.43466
4.43824
4.44191
4.44563
4.44939
4.45316
4.45694
4.4607
4.46445
4.46819
4.47192
4.47564
4.47937
4.48311
4.48687
4.49066
4.49448
4.49832
4.50219
4.50606
4.50993
4.51377
4.51756
4.52126
4.52484
4.52828
4.53152
4.53455
4.53733
4.53983
4.54201
4.54387
4.54537
4.54651
4.54727
4.54765
4.54763
4.54723
4.54643
4.54526
4.54371
4.5418
4.53954
4.53693
4.534
4.53076
4.52723
4.52342
4.51936
4.51506
4.51054
4.50583
4.50096
4.49593
4.49078
4.48553
4.4802
4.47482
4.46941
4.464
4.45861
4.45325
4.44796
4.44274
4.43763
4.43262
4.42775
4.42301
4.41843
4.41401
4.40976
4.40569
4.40182
4.39814
4.39468
4.39143
4.3884
4.38561
4.38307
4.38078
4.37875
4.37699
4.3755
4.3743
4.37339
4.37278
4.37246
4.37245
4.37274
4.37334
4.37425
4.37546
4.37697
4.37879
4.3809
4.38331
4.38599
4.38895
4.39218
4.39564
4.39934
4.40324
4.40734
4.41159
4.41598
4.42047
4.42504
4.42964
4.43425
4.43884
4.44336
4.4478
4.4521
4.45626
4.46023
4.464
4.46755
4.47085
4.4739
4.47668
4.47919
4.48143
4.48339
4.48507
4.48649
4.48764
4.48854
4.4892
4.48962
4.48981
4.48978
4.48954
4.48911
4.48848
4.48766
4.48667
4.4855
4.48417
4.48269
4.48106
4.4793
4.47742
4.47545
4.47341
4.47132
4.46921
4.46712
4.46508
4.46313
4.46131
4.45965
4.45819
4.45697
4.456
4.45531
4.45492
4.45483
4.45506
4.45559
4.45642
4.45752
4.45889
4.46048
4.46229
4.46427
4.46639
4.46862
4.47092
4.47327
4.47562
4.47794
4.4802
4.48237
4.48442
4.48631
4.48802
4.48953
4.4908
4.49182
4.49257
4.49304
4.49321
4.49307
4.49262
4.49186
4.49079
4.48942
4.48775
4.48579
4.48356
4.48108
4.47836
4.47543
4.4723
4.46899
4.46553
4.46195
4.45826
4.45449
4.45065
4.44678
4.44289
4.43901
4.43516
4.43136
4.42763
4.424
4.42049
4.41711
4.41391
4.41089
4.40809
4.40553
4.40324
4.40124
4.39956
4.39822
4.39725
4.39666
4.39647
4.39671
4.39738
4.3985
4.40005
4.40206
4.4045
4.40737
4.41065
4.41433
4.41837
4.42275
4.42743
4.43238
4.43755
4.4429
4.44839
4.45396
4.45958
4.4652
4.47077
4.47625
4.48159
4.48676
4.49173
4.49647
4.50095
4.50514
4.50905
4.51265
4.51595
4.51894
4.52165
4.52408
4.52626
4.52821
4.52997
4.53156
4.53304
4.53443
4.53579
4.53716
4.53858
4.54009
4.54172
4.54353
4.54553
4.54777
4.55026
4.55302
4.55607
4.55942
4.56307
4.56704
4.57132
4.5759
4.58079
4.58595
4.5914
4.59709
4.60303
4.60917
4.61549
4.62197
4.62857
4.63525
4.64197
4.64869
4.65537
4.66195
4.66839
4.67464
4.68065
4.68638
4.69178
4.69681
4.70142
4.70559
4.70928
4.71247
4.71514
4.71728
4.71886
4.71991
4.72041
4.72037
4.71982
4.71877
4.71725
4.71528
4.7129
4.71015
4.70706
4.70369
4.70006
4.69624
4.69227
4.68819
4.68406
4.67992
4.67581
4.67179
4.66789
4.66415
4.6606
4.65727
4.65418
4.65136
4.64881
4.64655
4.64456
4.64286
4.64142
4.64024
4.6393
4.63857
4.63805
4.6377
4.6375
4.63743
4.63748
4.63761
4.63781
4.63807
4.63837
4.6387
4.63905
4.63941
4.63978
4.64014
4.64049
4.64081
4.64111
4.64138
4.64159
4.64175
4.64183
4.64183
4.64174
4.64154
4.64121
4.64076
4.64017
4.63943
4.63854
4.6375
4.6363
4.63495
4.63346
4.63183
4.63007
4.62821
4.62625
4.62421
4.62212
4.61999
4.61785
4.61572
4.61361
4.61156
4.60959
4.6077
4.60592
4.60426
4.60274
4.60136
4.60013
4.59904
4.59811
4.59732
4.59668
4.59616
4.59575
4.59545
4.59524
4.59508
4.59498
4.5949
4.59483
4.59474
4.59462
4.59445
4.5942
4.59387
4.59344
4.5929
4.59224
4.59145
4.59054
4.58949
4.58832
4.58702
4.58561
4.5841
4.5825
4.58082
4.57909
4.57733
4.57556
4.5738
4.57208
4.57043
4.56886
4.5674
4.56607
4.56488
4.56387
4.56303
4.56238
4.56193
4.56167
4.5616
4.56173
4.56204
4.56252
4.56315
4.56393
4.56481
4.5658
4.56686
4.56796
4.56908
4.5702
4.57129
4.57232
4.57327
4.57412
4.57483
4.5754
4.5758
4.57602
4.57604
4.57585
4.57544
4.57481
4.57396
4.57288
4.57158
4.57006
4.56832
4.56639
4.56426
4.56194
4.55946
4.55681
4.55401
4.55108
4.54803
4.54486
4.5416
4.53824
4.53481
4.53132
4.52778
4.52421
4.52061
4.51701
4.51342
4.50987
4.50638
4.50298
4.49969
4.49655
4.49359
4.49085
4.48836
4.48616
4.48431
4.48283
4.48176
4.48116
4.48104
4.48145
4.4824
4.48394
4.48606
4.4888
4.49214
4.49609
4.50064
4.50577
4.51147
4.5177
4.52444
4.53164
4.53927
4.54727
4.55561
4.56422
4.57306
4.58209
4.59124
4.60048
4.60974
4.61899
4.62819
4.63728
4.64625
4.65504
4.66364
4.67201
4.68013
4.68798
4.69554
4.7028
4.70976
4.71639
4.7227
4.72868
4.73434
4.73967
4.74469
4.74938
4.75377
4.75785
4.76162
4.76509
4.76826
4.77113
4.77369
4.77593
4.77785
4.77943
4.78066
4.78153
4.78202
4.78211
4.7818
4.78108
4.77993
4.77836
4.77635
4.77391
4.77105
4.76777
4.76408
4.76
4.75552
4.75068
4.74549
4.73995
4.7341
4.72793
4.72149
4.71477
4.7078
4.70059
4.69316
4.68553
4.67772
4.66974
4.66162
4.65337
4.64501
4.63658
4.62809
4.61957
4.61104
4.60254
4.59409
4.58572
4.57747
4.56938
4.56147
4.55378
4.54634
4.5392
4.53238
4.52593
4.51987
4.51423
4.50904
4.50432
4.50009
4.49638
4.49317
4.49049
4.48833
4.48668
4.48553
4.48486
4.48464
4.48485
4.48546
4.48642
4.48769
4.48924
4.49101
4.49296
4.49505
4.49723
4.49945
4.50168
4.50387
4.506
4.50802
4.50992
4.51166
4.51323
4.51462
4.5158
4.51679
4.51757
4.51814
4.51852
4.51871
4.51872
4.51858
4.51828
4.51786
4.51734
4.51675
4.5161
4.51543
4.51476
4.51414
4.51358
4.51313
4.51281
4.51265
4.51269
4.51293
4.51342
4.51416
4.51516
4.51645
4.51801
4.51986
4.52198
4.52436
4.52698
4.52983
4.53288
4.5361
4.53946
4.54293
4.54646
4.55003
4.55359
4.55711
4.56053
4.56384
4.56699
4.56994
4.57267
4.57514
4.57733
4.57922
4.58078
4.58202
4.58291
4.58347
4.58368
4.58357
4.58315
4.58243
4.58145
4.58023
4.5788
4.5772
4.57548
4.57367
4.57182
4.56997
4.56817
4.56646
4.56488
4.56348
4.5623
4.56138
4.56075
4.56044
4.56048
4.5609
4.56172
4.56297
4.56465
4.56677
4.56936
4.5724
4.57591
4.57988
4.5843
4.58916
4.59444
4.60013
4.60619
4.61259
4.61929
4.62625
4.63343
4.64076
4.64819
4.65567
4.66314
4.67052
4.67775
4.68477
4.69153
4.69795
4.70398
4.70956
4.71465
4.71919
4.72316
4.72651
4.72921
4.73124
4.73258
4.73323
4.73317
4.73241
4.73096
4.72882
4.72603
4.72261
4.71858
4.71399
4.70889
4.70331
4.6973
4.69094
4.68426
4.67732
4.67019
4.66292
4.65557
4.64817
4.6408
4.63347
4.62624
4.61913
4.61216
4.60537
4.59875
4.59233
4.5861
4.58007
4.57423
4.56859
4.56314
4.55788
4.5528
4.5479
4.54318
4.53864
4.53428
4.53012
4.52614
4.52237
4.51881
4.51547
4.51236
4.50949
4.50686
4.50448
4.50235
4.50048
4.49886
4.49748
4.49634
4.49542
4.49471
4.49418
4.49381
4.49357
4.49343
4.49337
4.49334
4.49332
4.49327
4.49316
4.49295
4.49263
4.49215
4.49151
4.49067
4.48963
4.48837
4.4869
4.48521
4.4833
4.4812
4.4789
4.47643
4.47381
4.47107
4.46823
4.46533
4.46239
4.45945
4.45653
4.45367
4.45089
4.44823
4.44571
4.44335
4.44118
4.43922
4.43748
4.43598
4.43475
4.4338
4.43316
4.43282
4.43283
4.4332
4.43394
4.43508
4.43664
4.43863
4.44108
4.44401
4.44743
4.45134
4.45576
4.46068
4.46612
4.47205
4.47847
4.48536
4.49271
4.50047
4.50863
4.51715
4.52599
4.5351
4.54446
4.554
4.56368
4.57347
4.5833
4.59313
4.60292
4.61262
4.62219
4.63157
4.64074
4.64965
4.65827
4.66657
4.6745
4.68205
4.68919
4.6959
4.70216
4.70796
4.71328
4.71813
4.72249
4.72636
4.72976
4.73269
4.73516
4.73719
4.7388
4.74001
4.74084
4.74132
4.74148
4.74135
4.74095
4.7403
4.73944
4.73839
4.73716
4.73577
4.73423
4.73256
4.73075
4.72881
4.72675
4.72455
4.72221
4.71973
4.7171
4.71432
4.71139
4.70831
4.70507
4.70169
4.69818
4.69454
4.69079
4.68695
4.68305
4.6791
4.67514
4.67118
4.66726
4.66339
4.6596
4.65591
4.65234
4.6489
4.64559
4.64242
4.6394
4.6365
4.63373
4.63107
4.62849
4.62599
4.62352
4.62108
4.61863
4.61616
4.61363
4.61103
4.60834
4.60554
4.60262
4.59958
4.5964
4.59308
4.58963
4.58605
4.58235
4.57854
4.57464
4.57066
4.56661
4.56253
4.55844
4.55435
4.55029
4.54629
4.54238
4.53859
4.53493
4.53145
4.52815
4.52508
4.52225
4.51968
4.51739
4.5154
4.51373
4.51238
4.51135
4.51065
4.51029
4.51025
4.51052
4.51111
4.51199
4.51314
4.51455
4.5162
4.51806
4.52011
4.52233
4.52469
4.52716
4.52972
4.53235
4.53501
4.53768
4.54035
4.54297
4.54554
4.54803
4.55042
4.55269
4.55481
4.55678
4.55857
4.56018
4.56158
4.56277
4.56375
4.56449
4.56501
4.56529
4.56535
4.56517
4.56477
4.56415
4.56333
4.5623
4.56109
4.55969
4.55814
4.55644
4.55461
4.55267
4.55064
4.54855
4.54642
4.54428
4.54216
4.54009
4.53809
4.5362
4.53445
4.53286
4.53147
4.5303
4.52936
4.52869
4.52828
4.52816
4.52834
4.5288
4.52956
4.53061
4.53193
4.53352
4.53536
4.53743
4.53972
4.54219
4.54482
4.54758
4.55046
4.55342
4.55643
4.55947
4.56251
4.56552
4.56849
4.57137
4.57416
4.57683
4.57937
4.58175
4.58397
4.586
4.58785
4.58951
4.59096
4.59222
4.59327
4.59412
4.59477
4.59523
4.59551
4.59562
4.59556
4.59536
4.59502
4.59456
4.59399
4.59333
4.5926
4.5918
4.59097
4.59011
4.58924
4.58838
4.58754
4.58673
4.58596
4.58526
4.58463
4.58408
4.58363
4.58327
4.58301
4.58287
4.58285
4.58295
4.58317
4.58351
4.58399
4.58459
4.58532
4.58618
4.58717
4.58827
4.58951
4.59085
4.59232
4.5939
4.59558
4.59736
4.59924
4.60121
4.60326
4.60538
4.60758
4.60983
4.61214
4.6145
4.6169
4.61933
4.6218
4.62429
4.62682
4.62937
4.63195
4.63457
4.63723
4.63995
4.64273
4.64558
4.64853
4.65159
4.65478
4.65811
4.66161
4.66529
4.66918
4.67328
4.67762
4.6822
4.68704
4.69213
4.69748
4.70308
4.70892
4.71499
4.72127
4.72773
4.73434
4.74107
4.74787
4.75471
4.76154
4.7683
4.77496
4.78145
4.78773
4.79374
4.79944
4.80477
4.8097
4.81418
4.81818
4.82165
4.82458
4.82693
4.82869
4.82986
4.83041
4.83035
4.82969
4.82843
4.82659
4.8242
4.82127
4.81785
4.81396
4.80964
4.80495
4.79991
4.79458
4.78901
4.78325
4.77733
4.7713
4.76522
4.75912
4.75303
4.74699
4.74104
4.73519
4.72946
4.72387
4.71844
4.71315
4.70803
4.70306
4.69824
4.69356
4.68901
4.68457
4.68024
4.67599
4.67181
4.66768
4.66359
4.65952
4.65545
4.65138
4.64729
4.64317
4.63901
4.63481
4.63056
4.62627
4.62193
4.61754
4.61312
4.60867
4.60421
4.59974
4.59528
4.59086
4.58648
4.58217
4.57796
4.57385
4.56987
4.56603
4.56235
4.55884
4.55552
4.55237
4.54941
4.54662
4.544
4.54154
4.53921
4.537
4.53489
4.53284
4.53084
4.52887
4.5269
4.52492
4.52291
4.52087
4.51879
4.51667
4.51452
4.51235
4.51018
4.50803
4.50591
4.50387
4.50192
4.5001
4.49844
4.49695
4.49568
4.49464
4.49386
4.49335
4.49312
4.49319
4.49355
4.4942
4.49515
4.49636
4.49783
4.49953
4.50144
4.50352
4.50575
4.50808
4.51048
4.51291
4.51532
4.51769
4.51998
4.52213
4.52413
4.52595
4.52754
4.52889
4.52997
4.53078
4.53129
4.5315
4.5314
4.53099
4.53027
4.52925
4.52794
4.52635
4.5245
4.5224
4.52007
4.51754
4.51482
4.51194
4.50893
4.5058
4.5026
4.49933
4.49603
4.49273
4.48944
4.48619
4.483
4.4799
4.4769
4.47402
4.47128
4.46869
4.46626
4.46399
4.4619
4.45999
4.45826
4.4567
4.45531
4.45407
4.45299
4.45205
4.45123
4.45051
4.44989
4.44933
4.44883
4.44837
4.44793
4.44751
4.44707
4.44663
4.44618
4.4457
4.44521
4.44471
4.44421
4.44372
4.44326
4.44284
4.44248
4.44221
4.44204
4.44201
4.44212
4.44241
4.44288
4.44356
4.44446
4.44559
4.44695
4.44855
4.45038
4.45245
4.45475
4.45727
4.46
4.46292
4.46602
4.46929
4.47272
4.47627
4.47995
4.48374
4.48761
4.49157
4.4956
4.49969
4.50382
4.508
4.51221
4.51644
4.5207
4.52496
4.52924
4.53352
4.53781
4.5421
4.54639
4.55069
4.55499
4.55931
4.56364
4.56798
4.57235
4.57674
4.58116
4.5856
4.59008
4.59457
4.59909
4.60361
4.60812
4.61262
4.61708
4.62147
4.62579
4.62999
4.63405
4.63794
4.64162
4.64507
4.64826
4.65116
4.65372
4.65594
4.65779
4.65924
4.66028
4.6609
4.66109
4.66084
4.66015
4.65903
4.65748
4.65552
4.65316
4.65042
4.64732
4.64389
4.64016
4.63616
4.63192
4.62747
4.62285
4.6181
4.61325
4.60834
4.60341
4.59848
4.59359
4.58877
4.58405
4.57946
4.57502
4.57075
4.56667
4.56278
4.55912
4.55568
4.55247
4.54951
4.54679
4.54432
4.54211
4.54014
4.53843
4.53696
4.53575
4.53477
4.53404
4.53354
4.53327
4.53322
4.53337
4.53373
4.53427
4.53499
4.53588
4.53693
4.53812
4.53945
4.54091
4.54249
4.54419
4.546
4.54793
4.54997
4.55211
4.55437
4.55673
4.55922
4.56181
4.56452
4.56734
4.57028
4.57333
4.57649
4.57975
4.58312
4.58659
4.59014
4.59379
4.59751
4.6013
4.60515
4.60906
4.613
4.61697
4.62097
4.62496
4.62896
4.63293
4.63687
4.64077
4.64461
4.64838
4.65207
4.65568
4.65919
4.66259
4.66589
4.66907
4.67214
4.67509
4.67793
4.68066
4.68328
4.68581
4.68825
4.69062
4.69292
4.69518
4.6974
4.69962
4.70184
4.7041
4.70641
4.7088
4.71129
4.71391
4.71668
4.71961
4.72273
4.72605
4.72956
4.73329
4.7372
4.74131
4.74559
4.75001
4.75455
4.75918
4.76386
4.76855
4.77322
4.77783
4.78235
4.78675
4.79099
4.79506
4.79893
4.8026
4.80604
4.80926
4.81224
4.815
4.81754
4.81986
4.82197
4.82389
4.82563
4.8272
4.82861
4.82987
4.83101
4.83203
4.83294
4.83375
4.83447
4.8351
4.83566
4.83613
4.83651
4.83682
4.83703
4.83714
4.83714
4.83702
4.83677
4.83637
4.83581
4.83507
4.83413
4.83299
4.83162
4.83001
4.82816
4.82604
4.82366
4.82101
4.81807
4.81486
4.81137
4.8076
4.80356
4.79927
4.79472
4.78993
4.78491
4.77969
4.77427
4.76867
4.76292
4.75703
4.75102
4.7449
4.73871
4.73246
4.72617
4.71985
4.71352
4.70721
4.70093
4.69468
4.68849
4.68238
4.67635
4.67041
4.66458
4.65887
4.65329
4.64785
4.64255
4.6374
4.63241
4.62758
4.62293
4.61843
4.61411
4.60995
4.60595
4.60211
4.59841
4.59483
4.59138
4.58802
4.58473
4.5815
4.5783
4.57511
4.57189
4.56863
4.5653
4.56187
4.55832
4.55463
4.55078
4.54677
4.54257
4.53819
4.53362
4.52887
4.52395
4.51887
4.51365
4.50833
4.50292
4.49746
4.49201
4.48659
4.48126
4.47608
4.47109
4.46636
4.46194
4.45788
4.45426
4.4511
4.44848
4.44643
4.44499
4.4442
4.44408
4.44466
4.44594
4.44793
4.45062
4.454
4.45805
4.46274
4.46804
4.4739
4.48028
4.48712
4.49439
4.50201
4.50994
4.51812
4.52648
4.53497
4.54354
4.55214
4.56071
4.5692
4.57758
4.5858
4.59382
4.60161
4.60913
4.61636
4.62326
4.62982
4.636
4.64179
4.64717
4.65211
4.6566
4.66063
4.66419
4.66725
4.66982
4.67187
4.67342
4.67446
4.67497
4.67498
4.67449
4.6735
4.67202
4.67008
4.66769
4.66488
4.66166
4.65808
4.65417
4.64995
4.64548
4.64079
4.63593
4.63095
4.62591
4.62084
4.61581
4.61087
4.60607
4.60148
4.59713
4.59308
4.58938
4.58607
4.58318
4.58076
4.57881
4.57737
4.57644
4.57603
4.57614
4.57675
4.57785
4.57942
4.58143
4.58384
4.58663
4.58975
4.59317
4.59684
4.60072
4.60477
4.60895
4.61323
4.61756
4.62191
4.62624
4.63054
4.63478
4.63892
4.64294
4.64683
4.65056
4.65412
4.65748
4.66064
4.66359
4.6663
4.66878
4.67101
4.67299
4.67471
4.67618
4.67739
4.67834
4.67906
4.67953
4.67978
4.67981
4.67963
4.67927
4.67873
4.67803
4.67718
4.67621
4.67511
4.6739
4.67259
4.6712
4.66972
4.66817
4.66655
4.66486
4.66312
4.66132
4.65947
4.65757
4.65564
4.65367
4.65168
4.64968
4.64767
4.64567
4.64369
4.64172
4.63979
4.6379
4.63605
4.63425
4.63248
4.63075
4.62904
4.62735
4.62565
4.62393
4.62216
4.62032
4.61838
4.61632
4.61411
4.61172
4.60914
4.60633
4.60328
4.59998
4.59641
4.59256
4.58842
4.584
4.5793
4.57432
4.56907
4.56356
4.5578
4.55182
4.54562
4.53922
4.53264
4.52589
4.51899
4.51197
4.50482
4.49757
4.49024
4.48283
4.47535
4.46784
4.46029
4.45272
4.44515
4.43761
4.4301
4.42266
4.4153
4.40804
4.40093
4.39398
4.38723
4.3807
4.37442
4.36843
4.36275
4.35742
4.35246
4.34789
4.34373
4.34001
4.33674
4.33393
4.33159
4.32972
4.32832
4.3274
4.32694
4.32693
4.32737
4.32822
4.32948
4.33112
4.33312
4.33545
4.33809
4.34101
4.34417
4.34756
4.35113
4.35486
4.35873
4.36269
4.36673
4.37082
4.37492
4.37902
4.38309
4.3871
4.39105
4.3949
4.39864
4.40227
4.40577
4.40913
4.41234
4.41541
4.41833
4.4211
4.42374
4.42626
4.42866
4.43095
4.43316
4.4353
4.43739
4.43945
4.4415
4.44355
4.44564
4.44777
4.44996
4.45222
4.45458
4.45703
4.45959
4.46227
4.46507
4.468
4.47106
4.47424
4.47755
4.48099
4.48456
4.48824
4.49205
4.49597
4.49999
4.50411
4.50832
4.51261
4.51697
4.52138
4.52583
4.53032
4.53481
4.53929
4.54375
4.54817
4.55252
4.5568
4.56096
4.565
4.5689
4.57263
4.57616
4.57949
4.58259
4.58543
4.58802
4.59031
4.59232
4.59401
4.59539
4.59645
4.59718
4.59758
4.59766
4.59743
4.59688
4.59605
4.59493
4.59355
4.59192
4.59008
4.58804
4.58584
4.58349
4.58102
4.57846
4.57583
4.57316
4.57047
4.56777
4.56508
4.56241
4.55977
4.55716
4.55459
4.55207
4.54958
4.54713
4.54473
4.54239
4.5401
4.53789
4.53577
4.53376
4.53191
4.53023
4.52877
4.52756
4.52664
4.52606
4.52584
4.52602
4.52662
4.52766
4.52913
4.53105
4.5334
4.53616
4.53931
4.54283
4.54669
4.55085
4.55529
4.55997
4.56487
4.56995
4.57519
4.58056
4.58605
4.59163
4.59728
4.60298
4.60871
4.61443
4.62015
4.62581
4.63142
4.63693
4.64232
4.64756
4.65264
4.65751
4.66215
4.66654
4.67064
4.67443
4.67789
4.68098
4.68369
4.68599
4.68788
4.68932
4.6903
4.69082
4.69086
4.69043
4.6895
4.6881
4.68621
4.68384
4.681
4.67771
4.67396
4.66979
4.6652
4.66021
4.65485
4.64914
4.64309
4.63674
4.63011
4.62323
4.61612
4.60881
4.60135
4.59374
4.58603
4.57826
4.57044
4.56263
4.55484
4.54712
4.5395
4.53202
4.52471
4.51759
4.51071
4.5041
4.49777
4.49177
4.4861
4.4808
4.47588
4.47136
4.46725
4.46356
4.4603
4.45747
4.45507
4.45312
4.4516
4.45051
4.44985
4.44961
4.44978
4.45036
4.45135
4.45272
4.45448
4.45661
4.4591
4.46195
4.46515
4.46868
4.47254
4.4767
4.48117
4.48593
4.49097
4.49626
4.5018
4.50757
4.51355
4.51973
4.52608
4.53259
4.53923
4.54599
4.55285
4.55978
4.56675
4.57376
4.58077
4.58776
4.59472
4.6016
4.60841
4.6151
4.62165
4.62805
4.63427
4.64028
4.64606
4.65158
4.65683
4.66178
4.66639
4.67066
4.67454
4.67803
4.6811
4.68374
4.68593
4.68765
4.68892
4.68973
4.6901
4.69004
4.68958
4.68876
4.68763
4.68624
4.68465
4.68292
4.6811
4.67927
4.67747
4.67574
4.67412
4.67264
4.67129
4.67008
4.66898
4.66798
4.66704
4.66612
4.66518
4.66419
4.66311
4.6619
4.66054
4.65903
4.65734
4.65547
4.65343
4.65124
4.64891
4.64647
4.64395
4.64138
4.63881
4.63627
4.63382
4.63149
4.62934
4.6274
4.62573
4.62436
4.62334
4.6227
4.62246
4.62267
4.62333
4.62446
4.62607
4.62817
4.63076
4.63382
4.63736
4.64135
4.64578
4.65062
4.65584
4.66142
4.66732
4.6735
4.67993
4.68656
4.69335
4.70026
4.70724
4.71424
4.72122
4.72813
4.73491
4.74153
4.74794
4.7541
4.75996
4.76549
4.77065
4.77542
4.77976
4.78366
4.78709
4.79004
4.7925
4.79448
4.79597
4.79699
4.79753
4.79762
4.79727
4.7965
4.79535
4.79382
4.79195
4.78976
4.78728
4.78453
4.78154
4.77831
4.77488
4.77126
4.76746
4.76349
4.75937
4.75511
4.75071
4.74619
4.74153
4.73676
4.73187
4.72687
4.72175
4.71652
4.71118
4.70573
4.70016
4.69448
4.68869
4.68277
4.67675
4.6706
4.66435
4.65799
4.65153
4.64498
4.63835
4.63167
4.62495
4.61822
4.6115
4.60483
4.59824
4.59176
4.58543
4.57929
4.57336
4.56768
4.56229
4.5572
4.55246
4.54807
4.54406
4.54045
4.53725
4.53448
4.53215
4.53026
4.52882
4.52785
4.52734
4.52731
4.52774
4.52864
4.53
4.53181
4.53406
4.53673
4.53979
4.54321
4.54697
4.55102
4.55532
4.55983
4.56449
4.56927
4.57409
4.57891
4.58368
4.58833
4.59282
4.59709
4.60109
4.60479
4.60813
4.61109
4.61362
4.61571
4.61734
4.61848
4.61913
4.61928
4.61894
4.61811
4.61681
4.61505
4.61286
4.61027
4.6073
4.604
4.60039
4.59653
4.59247
4.58823
4.58389
4.57948
4.57506
4.57068
4.5664
4.56224
4.55828
4.55455
4.55109
4.54793
4.54512
4.54267
4.54062
4.53896
4.53771
4.53688
4.53645
4.53642
4.53677
4.53747
4.53851
4.53985
4.54146
4.54331
4.54536
4.54757
4.54991
4.55235
4.55485
4.55738
4.55991
4.56241
4.56486
4.56724
4.56952
4.57169
4.57374
4.57564
4.57739
4.57897
4.58039
4.58162
4.58267
4.58353
4.58419
4.58466
4.58493
4.58499
4.58486
4.58453
4.58401
4.58329
4.5824
4.58133
4.5801
4.57872
4.57723
4.57562
4.57395
4.57222
4.57049
4.56877
4.56711
4.56555
4.56414
4.5629
4.56188
4.56113
4.56067
4.56055
4.5608
4.56143
4.56248
4.56396
4.56589
4.56827
4.5711
4.5744
4.57813
4.58231
4.58692
4.59193
4.59733
4.60311
4.60923
4.61567
4.62241
4.62942
4.63667
4.64414
4.65178
4.65958
4.6675
4.67551
4.68356
4.69164
4.69969
4.70768
4.71558
4.72335
4.73094
4.73831
4.74544
4.75226
4.75876
4.76489
4.77061
4.77589
4.78069
4.78498
4.78874
4.79193
4.79453
4.79652
4.79787
4.79858
4.79863
4.798
4.7967
4.79471
4.79205
4.78871
4.78471
4.78006
4.77476
4.76885
4.76235
4.75528
4.74767
4.73955
4.73096
4.72193
4.7125
4.70272
4.69262
4.68224
4.67162
4.6608
4.64983
4.63873
4.62755
4.61632
4.60508
4.59385
4.58267
4.57156
4.56056
4.54969
4.53898
4.52845
4.51815
4.50809
4.49832
4.48887
4.47978
4.47108
4.46281
4.45503
4.44776
4.44104
4.43491
4.42938
4.4245
4.42025
4.41666
4.41371
4.41139
4.40968
4.40853
4.40792
4.40778
4.40808
4.40876
4.40975
4.41101
4.41249
4.41413
4.4159
4.41775
4.41966
4.4216
4.42354
4.42549
4.42743
4.42935
4.43127
4.43319
4.43512
4.43708
4.43907
4.44111
4.44322
4.44541
4.4477
4.4501
4.45263
4.45529
4.45809
4.46105
4.46417
4.46745
4.47089
4.4745
4.47827
4.48221
4.48631
4.49057
4.49498
4.49956
4.50428
4.50916
4.5142
4.51939
4.52474
4.53025
4.53593
4.54177
4.54779
4.55397
4.56034
4.56687
4.57358
4.58045
4.58747
4.59464
4.60194
4.60936
4.61686
4.62443
4.63204
4.63966
4.64726
4.65481
4.66226
4.66959
4.67676
4.68374
4.69048
4.69697
4.70315
4.709
4.7145
4.71962
4.72433
4.72862
4.73246
4.73585
4.73878
4.74125
4.74326
4.74481
4.74592
4.7466
4.74687
4.74675
4.74627
4.74544
4.74429
4.74286
4.74117
4.73923
4.73707
4.73471
4.73216
4.72945
4.72657
4.72355
4.72038
4.71708
4.71365
4.71011
4.70646
4.70272
4.69889
4.695
4.69105
4.68706
4.68306
4.67904
4.67503
4.67105
4.66709
4.66318
4.65932
4.6555
4.65174
4.64803
4.64438
4.64076
4.63719
4.63365
4.63013
4.62664
4.62317
4.61971
4.61627
4.61285
4.60946
4.6061
4.60279
4.59955
4.59641
4.59338
4.59049
4.58779
4.58529
4.58304
4.58107
4.57942
4.5781
4.57715
4.57658
4.57641
4.57664
4.57727
4.57828
4.57966
4.58137
4.58339
4.58566
4.58814
4.59079
4.59355
4.59638
4.59922
4.60204
4.60478
4.60742
4.60992
4.61226
4.61443
4.61642
4.61821
4.61982
4.62125
4.62252
4.62364
4.62464
4.62553
4.62635
4.62712
4.62788
4.62865
4.62946
4.63034
4.63133
4.63243
4.63368
4.63508
4.63666
4.63843
4.64038
4.64252
4.64485
4.64736
4.65003
4.65286
4.65581
4.65886
4.662
4.66519
4.66841
4.67161
4.67478
4.67789
4.68089
4.68375
4.68646
