2.94166
2.94051
2.93888
2.93679
2.93422
2.93118
2.92766
2.92366
2.91919
2.91423
2.90879
2.90286
2.89644
2.88954
2.88214
2.87424
2.86584
2.85693
2.84752
2.8376
2.82717
2.81622
2.80475
2.79276
2.78024
2.76719
2.7536
2.73948
2.72482
2.70962
2.69388
2.67758
2.66074
2.64335
2.62541
2.60691
2.58787
2.56827
2.54811
2.52741
2.50616
2.48437
2.46203
2.43916
2.41575
2.39182
2.36738
2.34242
2.31697
2.29103
2.26462
2.23774
2.21043
2.18268
2.15453
2.12599
2.09709
2.06784
2.03828
2.00843
1.97833
1.94799
1.91746
1.88677
1.85596
1.82505
1.79411
1.76315
1.73223
1.70139
1.67066
1.64011
1.60977
1.57968
1.5499
1.52047
1.49143
1.46283
1.43472
1.40714
1.38012
1.35372
1.32798
1.30292
1.27858
1.25501
1.23222
1.21026
1.18914
1.1689
1.14954
1.13109
1.11357
1.09699
1.08135
1.06667
1.05295
1.04018
1.02838
1.01754
1.00764
0.99869
0.990667
0.983562
0.97736
0.972045
0.967597
0.963996
0.961221
0.959249
0.958055
0.957614
0.957901
0.958887
0.960546
0.96285
0.965768
0.969274
0.973337
0.977928
0.983019
0.988579
0.994581
1.001
1.00779
1.01495
1.02243
1.03022
1.03828
1.04658
1.05512
1.06385
1.07275
1.08181
1.09099
1.10029
1.10966
1.11911
1.12859
1.13811
1.14763
1.15714
1.16662
1.17607
1.18545
1.19476
1.20398
1.2131
1.22211
1.23099
1.23974
1.24834
1.25678
1.26505
1.27315
1.28106
1.28878
1.2963
1.30362
1.31073
1.31762
1.32429
1.33074
1.33695
1.34294
1.34869
1.35421
1.35948
1.36452
1.36932
1.37388
1.37821
1.38229
1.38614
1.38975
1.39313
1.39628
1.3992
1.4019
1.40437
1.40663
1.40868
1.41052
1.41216
1.41359
1.41484
1.41589
1.41677
1.41747
1.418
1.41837
1.41858
1.41864
1.41856
1.41834
1.41799
1.41752
1.41694
1.41624
1.41544
1.41455
1.41356
1.4125
1.41135
1.41014
1.40886
1.40752
1.40613
1.4047
1.40322
1.4017
1.40016
1.39858
1.39699
1.39538
1.39376
1.39213
1.3905
1.38887
1.38725
1.38564
1.38405
1.38247
1.38092
1.3794
1.37791
1.37646
1.37505
1.37368
1.37236
1.3711
1.3699
1.36876
1.36768
1.36667
1.36573
1.36487
1.36409
1.36339
1.36277
1.36223
1.36178
1.36142
1.36115
1.36096
1.36087
1.36087
1.36095
1.36113
1.36139
1.36173
1.36216
1.36267
1.36326
1.36392
1.36466
1.36546
1.36633
1.36726
1.36825
1.36928
1.37037
1.3715
1.37267
1.37388
1.37511
1.37637
1.37765
1.37895
1.38026
1.38159
1.38291
1.38424
1.38557
1.38689
1.38821
1.38951
1.39081
1.39208
1.39334
1.39458
1.3958
1.397
1.39818
1.39933
1.40045
1.40155
1.40263
1.40368
1.4047
1.4057
1.40667
1.40761
1.40853
1.40943
1.4103
1.41115
1.41198
1.41279
1.41357
1.41434
1.41509
1.41582
1.41654
1.41724
1.41793
1.4186
1.41927
1.41993
1.42057
1.42122
1.42185
1.42248
1.42311
1.42374
1.42437
1.425
1.42563
1.42626
1.4269
1.42754
1.4282
1.42886
1.42953
1.43021
1.4309
1.43161
1.43233
1.43306
1.43381
1.43458
1.43537
1.43618
1.43701
1.43786
1.43873
1.43962
1.44054
1.44149
1.44246
1.44345
1.44448
1.44553
1.44661
1.44773
1.44887
1.45004
1.45125
1.45248
1.45375
1.45506
1.45639
1.45776
1.45916
1.4606
1.46207
1.46357
1.4651
1.46667
1.46827
1.46989
1.47155
1.47323
1.47494
1.47668
1.47844
1.48022
1.48202
1.48384
1.48567
1.48752
1.48937
1.49124
1.49311
1.49498
1.49685
1.49872
1.50058
1.50243
1.50427
1.5061
1.50791
1.5097
1.51146
1.5132
1.51491
1.51659
1.51824
1.51985
1.52142
1.52296
1.52445
1.5259
1.52731
1.52867
1.52999
1.53125
1.53247
1.53364
1.53476
1.53583
1.53685
1.53782
1.53875
1.53962
1.54044
1.54121
1.54193
1.54261
1.54324
1.54382
1.54436
1.54485
1.5453
1.54571
1.54607
1.5464
1.54669
1.54694
1.54715
1.54733
1.54747
1.54758
1.54765
1.5477
1.54771
1.54769
1.54765
1.54757
1.54747
1.54734
1.54718
1.54699
1.54678
1.54654
1.54628
1.54598
1.54567
1.54532
1.54495
1.54455
1.54413
1.54367
1.54319
1.54268
1.54215
1.54158
1.54099
1.54037
1.53972
1.53904
1.53833
1.53759
1.53683
1.53603
1.53521
1.53436
1.53349
1.53258
1.53166
1.53071
1.52973
1.52874
1.52772
1.52669
1.52564
1.52457
1.52349
1.5224
1.52129
1.52018
1.51907
1.51795
1.51683
1.51571
1.51459
1.51348
1.51238
1.51129
1.51022
1.50916
1.50812
1.5071
1.5061
1.50514
1.50419
1.50328
1.50241
1.50157
1.50076
1.5
1.49928
1.4986
1.49796
1.49738
1.49684
1.49635
1.49592
1.49553
1.4952
1.49493
1.49471
1.49455
1.49444
1.49439
1.4944
1.49447
1.49459
1.49477
1.49502
1.49531
1.49567
1.49608
1.49655
1.49708
1.49766
1.49829
1.49897
1.49971
1.5005
1.50133
1.50222
1.50315
1.50413
1.50514
1.5062
1.5073
1.50844
1.50962
1.51082
1.51206
1.51333
1.51463
1.51596
1.51731
1.51868
1.52007
1.52147
1.5229
1.52433
1.52578
1.52724
1.5287
1.53017
1.53164
1.53311
1.53458
1.53604
1.53751
1.53896
1.54041
1.54184
1.54327
1.54468
1.54608
1.54746
1.54883
1.55018
1.55151
1.55283
1.55412
1.5554
1.55665
1.55789
1.5591
1.5603
1.56147
1.56263
1.56377
1.56489
1.56599
1.56708
1.56815
1.56921
1.57026
1.5713
1.57232
1.57334
1.57435
1.57536
1.57636
1.57736
1.57836
1.57936
1.58036
1.58137
1.58238
1.58339
1.58442
1.58546
1.5865
1.58756
1.58863
1.58971
1.59081
1.59192
1.59305
1.5942
1.59536
1.59653
1.59772
1.59893
1.60016
1.6014
1.60265
1.60393
1.60521
1.60651
1.60783
1.60915
1.61049
1.61184
1.61319
1.61456
1.61593
1.61731
1.61869
1.62007
1.62146
1.62284
1.62423
1.62561
1.62698
1.62835
1.62971
1.63107
1.6324
1.63373
1.63504
1.63633
1.6376
1.63885
1.64007
1.64127
1.64244
1.64358
1.64469
1.64577
1.64681
1.64781
1.64877
1.64969
1.65056
1.65139
1.65218
1.65291
1.65359
1.65423
1.65481
1.65533
1.65581
1.65622
1.65658
1.65688
1.65713
1.65732
1.65745
1.65752
1.65753
1.65749
1.65739
1.65724
1.65702
1.65676
1.65644
1.65607
1.65564
1.65517
1.65465
1.65408
1.65347
1.65281
1.65211
1.65137
1.6506
1.64978
1.64893
1.64805
1.64713
1.64618
1.64521
1.64421
1.64318
1.64213
1.64105
1.63995
1.63883
1.6377
1.63654
1.63536
1.63417
1.63296
1.63174
1.6305
1.62924
1.62797
1.62669
1.62539
1.62408
1.62276
1.62142
1.62007
1.61871
1.61734
1.61595
1.61455
1.61314
1.61172
1.61029
1.60885
1.6074
1.60593
1.60446
1.60298
1.60149
1.6
1.5985
1.59699
1.59548
1.59397
1.59246
1.59094
1.58943
1.58792
1.58642
1.58492
1.58343
1.58195
1.58048
1.57903
1.57759
1.57616
1.57476
1.57338
1.57203
1.5707
1.56939
1.56812
1.56689
1.56568
1.56452
1.56339
1.56231
1.56127
1.56027
1.55932
1.55842
1.55757
1.55678
1.55603
1.55534
1.55471
1.55413
1.55361
1.55315
1.55274
1.55239
1.5521
1.55187
1.55169
1.55157
1.5515
1.55148
1.55152
1.55161
1.55174
1.55193
1.55215
1.55242
1.55273
1.55308
1.55346
1.55387
1.55431
1.55478
1.55527
1.55579
1.55632
1.55687
1.55744
1.55801
1.5586
1.55919
1.55979
1.56039
1.561
1.5616
1.56219
1.56279
1.56337
1.56395
1.56452
1.56507
1.56562
1.56614
1.56666
1.56716
1.56764
1.5681
1.56854
1.56896
1.56936
1.56974
1.5701
1.57043
1.57074
1.57102
1.57128
1.57152
1.57173
1.57192
1.57208
1.57222
1.57233
1.57241
1.57248
1.57251
1.57253
1.57252
1.57248
1.57243
1.57235
1.57225
1.57213
1.57199
1.57184
1.57166
1.57147
1.57126
1.57104
1.57081
1.57056
1.5703
1.57004
1.56977
1.56949
1.5692
1.56892
1.56863
1.56835
1.56806
1.56778
1.56751
1.56724
1.56698
1.56673
1.56649
1.56627
1.56606
1.56586
1.56569
1.56553
1.56539
1.56527
1.56517
1.5651
1.56504
1.56501
1.56501
1.56502
1.56506
1.56512
1.5652
1.56531
1.56544
1.56559
1.56576
1.56595
1.56616
1.56639
1.56664
1.5669
1.56718
1.56748
1.56779
1.56811
1.56845
1.56879
1.56915
1.56952
1.56989
1.57028
1.57067
1.57106
1.57146
1.57187
1.57228
1.57269
1.5731
1.57351
1.57393
1.57434
1.57475
1.57515
1.57555
1.57594
1.57633
1.57671
1.57709
1.57745
1.5778
1.57814
1.57847
1.57878
1.57908
1.57936
1.57963
1.57988
1.58011
1.58032
1.58051
1.58068
1.58083
1.58096
1.58106
1.58114
1.58119
1.58121
1.58121
1.58119
1.58113
1.58104
1.58093
1.58078
1.58061
1.5804
1.58016
1.57989
1.57959
1.57926
1.57889
1.5785
1.57807
1.57761
1.57712
1.5766
1.57605
1.57548
1.57487
1.57425
1.57359
1.57292
1.57223
1.57151
1.57078
1.57004
1.56928
1.56851
1.56774
1.56695
1.56617
1.56538
1.56459
1.5638
1.56302
1.56224
1.56146
1.5607
1.55995
1.5592
1.55847
1.55775
1.55705
1.55636
1.55568
1.55501
1.55436
1.55372
1.55309
1.55247
1.55186
1.55126
1.55067
1.55009
1.54951
1.54894
1.54837
1.5478
1.54723
1.54667
1.5461
1.54554
1.54497
1.54439
1.54382
1.54324
1.54266
1.54208
1.5415
1.54091
1.54032
1.53973
1.53914
1.53855
1.53796
1.53738
1.5368
1.53622
1.53565
1.53509
1.53453
1.53399
1.53345
1.53293
1.53242
1.53192
1.53144
1.53097
1.53051
1.53007
1.52965
1.52924
1.52885
1.52847
1.5281
1.52776
1.52742
1.5271
1.52679
1.52649
1.5262
1.52592
1.52565
1.52538
1.52512
1.52486
1.52461
1.52435
1.5241
1.52384
1.52358
1.52332
1.52305
1.52277
1.52248
1.52218
1.52187
1.52155
1.52121
1.52086
1.5205
1.52012
1.51972
1.51931
1.51888
1.51844
1.51797
1.51749
1.517
1.51648
1.51595
1.51541
1.51485
1.51427
1.51368
1.51308
1.51246
1.51183
1.5112
1.51055
1.50989
1.50923
1.50856
1.50789
1.50721
1.50653
1.50585
1.50516
1.50448
1.5038
1.50312
1.50244
1.50177
1.5011
1.50044
1.49978
1.49913
1.49849
1.49786
1.49724
1.49663
1.49603
1.49544
1.49487
1.49431
1.49376
1.49323
1.49272
1.49223
1.49176
1.49131
1.49088
1.49048
1.4901
1.48975
1.48943
1.48914
1.48889
1.48867
1.48849
1.48834
1.48824
1.48818
1.48817
1.4882
1.48829
1.48842
1.48861
1.48886
1.48916
1.48952
1.48994
1.49042
1.49096
1.49157
1.49225
1.49298
1.49379
1.49466
1.4956
1.4966
1.49767
1.4988
1.5
1.50126
1.50258
1.50397
1.50541
1.5069
1.50846
1.51006
1.51171
1.51341
1.51514
1.51692
1.51874
1.52058
1.52246
1.52436
1.52628
1.52822
1.53017
1.53213
1.5341
1.53607
1.53803
1.53999
1.54194
1.54388
1.5458
1.5477
1.54957
1.55142
1.55324
1.55503
1.55678
1.55849
1.56017
1.5618
1.56338
1.56492
1.56642
1.56786
1.56925
1.57059
1.57188
1.57311
1.57428
1.5754
1.57646
1.57746
1.5784
1.57927
1.58009
1.58085
1.58154
1.58218
1.58275
1.58325
1.58369
1.58407
1.58439
1.58464
1.58483
1.58495
1.58501
1.58501
1.58494
1.58481
1.58462
1.58436
1.58405
1.58367
1.58324
1.58274
1.58219
1.58158
1.58091
1.5802
1.57942
1.5786
1.57773
1.57681
1.57584
1.57483
1.57378
1.57268
1.57155
1.57038
1.56918
1.56795
1.56669
1.56541
1.5641
1.56277
1.56142
1.56006
1.55868
1.5573
1.55591
1.55452
1.55312
1.55173
1.55035
1.54897
1.54761
1.54626
1.54493
1.54363
1.54234
1.54109
1.53987
1.53868
1.53753
1.53642
1.53535
1.53433
1.53336
1.53244
1.53158
1.53078
1.53003
1.52935
1.52874
1.52819
1.52771
1.5273
1.52697
1.52671
1.52653
1.52643
1.5264
1.52645
1.52659
1.52681
1.5271
1.52748
1.52794
1.52848
1.5291
1.5298
1.53058
1.53143
1.53236
1.53337
1.53444
1.53558
1.53679
1.53807
1.5394
1.54079
1.54224
1.54373
1.54528
1.54686
1.54849
1.55014
1.55183
1.55355
1.55528
1.55704
1.5588
1.56058
1.56235
1.56413
1.5659
1.56766
1.56941
1.57114
1.57286
1.57454
1.5762
1.57782
1.57942
1.58097
1.58248
1.58395
1.58538
1.58676
1.58809
1.58937
1.59059
1.59177
1.59289
1.59395
1.59495
1.5959
1.5968
1.59763
1.5984
1.59912
1.59978
1.60037
1.60091
1.60139
1.60181
1.60218
1.60248
1.60273
1.60291
1.60305
1.60312
1.60314
1.6031
1.603
1.60285
1.60265
1.60239
1.60208
1.60171
1.60129
1.60082
1.60029
1.59972
1.5991
1.59842
1.5977
1.59693
1.59611
1.59525
1.59434
1.59339
1.59239
1.59135
1.59027
1.58915
1.58799
1.58679
1.58555
1.58428
1.58297
1.58163
1.58026
1.57886
1.57743
1.57597
1.57448
1.57298
1.57144
1.56989
1.56831
1.56672
1.56511
1.56348
1.56185
1.5602
1.55854
1.55687
1.5552
1.55353
1.55185
1.55018
1.5485
1.54684
1.54518
1.54353
1.5419
1.54028
1.53868
1.5371
1.53555
1.53402
1.53253
1.53107
1.52964
1.52826
1.52691
1.52562
1.52437
1.52318
1.52204
1.52097
1.51995
1.519
1.51812
1.5173
1.51656
1.51589
1.5153
1.51479
1.51435
1.51399
1.51372
1.51352
1.51341
1.51338
1.51342
1.51354
1.51375
1.51402
1.51437
1.51479
1.51528
1.51584
1.51645
1.51713
1.51786
1.51865
1.51948
1.52036
1.52128
1.52223
1.52322
1.52423
1.52527
1.52633
1.5274
1.52848
1.52957
1.53067
1.53176
1.53285
1.53393
1.535
1.53605
1.53709
1.53811
1.5391
1.54007
1.54101
1.54193
1.54281
1.54366
1.54447
1.54526
1.546
1.54671
1.54739
1.54803
1.54863
1.54919
1.54972
1.55022
1.55068
1.5511
1.55149
1.55186
1.55219
1.55249
1.55276
1.55301
1.55323
1.55343
1.55361
1.55377
1.55392
1.55404
1.55416
1.55426
1.55435
1.55443
1.55451
1.55458
1.55466
1.55473
1.5548
1.55488
1.55497
1.55506
1.55516
1.55527
1.5554
1.55554
1.55569
1.55586
1.55605
1.55626
1.55649
1.55675
1.55702
1.55731
1.55763
1.55797
1.55834
1.55872
1.55913
1.55956
1.56002
1.56049
1.56098
1.5615
1.56202
1.56257
1.56313
1.5637
1.56428
1.56487
1.56547
1.56607
1.56668
1.56728
1.56789
1.56849
1.56908
1.56966
1.57023
1.57078
1.57132
1.57184
1.57234
1.57281
1.57326
1.57368
1.57406
1.57442
1.57473
1.57501
1.57526
1.57546
1.57562
1.57573
1.5758
1.57583
1.5758
1.57573
1.5756
1.57543
1.57521
1.57493
1.5746
1.57422
1.57379
1.57331
1.57278
1.5722
1.57156
1.57088
1.57015
1.56938
1.56855
1.56769
1.56678
1.56584
1.56485
1.56383
1.56278
1.56169
1.56057
1.55943
1.55826
1.55708
1.55587
1.55464
1.55341
1.55216
1.5509
1.54964
1.54837
1.5471
1.54584
1.54458
1.54333
1.54208
1.54085
1.53963
1.53843
1.53724
1.53608
1.53493
1.5338
1.5327
1.53162
1.53056
1.52953
1.52853
1.52755
1.5266
1.52568
1.52478
1.52391
1.52307
1.52225
1.52146
1.5207
1.51995
1.51924
1.51854
1.51787
1.51722
1.51659
1.51599
1.5154
1.51483
1.51428
1.51375
1.51323
1.51273
1.51225
1.51178
1.51133
1.5109
1.51048
1.51008
1.50969
1.50931
1.50896
1.50862
1.50829
1.50798
1.50769
1.50742
1.50717
1.50693
1.50672
1.50653
1.50635
1.5062
1.50608
1.50597
1.50589
1.50583
1.5058
1.5058
1.50582
1.50586
1.50594
1.50604
1.50616
1.50632
1.5065
1.50671
1.50694
1.50721
1.50749
1.50781
1.50815
1.50852
1.50891
1.50932
1.50976
1.51022
1.5107
1.51121
1.51173
1.51228
1.51285
1.51343
1.51403
1.51466
1.5153
1.51595
1.51663
1.51732
1.51802
1.51875
1.51948
1.52024
1.52101
1.52179
1.52259
1.52341
1.52424
1.52509
1.52596
1.52684
1.52775
1.52866
1.5296
1.53055
1.53153
1.53252
1.53353
1.53456
1.53561
1.53667
1.53776
1.53887
1.53999
1.54113
1.54229
1.54347
1.54467
1.54588
1.54711
1.54835
1.5496
1.55086
1.55214
1.55342
1.55471
1.55601
1.5573
1.5586
1.5599
1.56119
1.56248
1.56376
1.56503
1.56628
1.56752
1.56875
1.56995
1.57112
1.57227
1.57339
1.57449
1.57554
1.57656
1.57755
1.57849
1.57939
1.58024
1.58105
1.58181
1.58251
1.58317
1.58377
1.58432
1.58481
1.58524
1.58562
1.58594
1.5862
1.5864
1.58654
1.58662
1.58665
1.58661
1.58652
1.58637
1.58617
1.58591
1.58559
1.58523
1.58481
1.58434
1.58383
1.58327
1.58266
1.58202
1.58133
1.58061
1.57985
1.57906
1.57823
1.57738
1.5765
1.5756
1.57468
1.57374
1.57278
1.57181
1.57082
1.56983
1.56882
1.56782
1.5668
1.56579
1.56477
1.56376
1.56275
1.56174
1.56074
1.55975
1.55877
1.55779
1.55683
1.55588
1.55493
1.554
1.55309
1.55218
1.55129
1.55042
1.54955
1.5487
1.54787
1.54704
1.54623
1.54543
1.54464
1.54387
1.54311
1.54235
1.54161
1.54088
1.54015
1.53943
1.53873
1.53803
1.53733
1.53665
1.53597
1.53529
1.53462
1.53396
1.5333
1.53264
1.53199
1.53134
1.5307
1.53006
1.52943
1.5288
1.52818
1.52756
1.52694
1.52633
1.52572
1.52513
1.52453
1.52395
1.52337
1.5228
1.52223
1.52168
1.52113
1.5206
1.52007
1.51956
1.51905
1.51856
1.51808
1.51762
1.51716
1.51673
1.5163
1.51589
1.5155
1.51512
1.51475
1.5144
1.51407
1.51376
1.51346
1.51318
1.51291
1.51266
1.51243
1.51222
1.51203
1.51185
1.5117
1.51156
1.51143
1.51133
1.51125
1.51118
1.51114
1.51111
1.51111
1.51112
1.51115
1.51121
1.51129
1.51138
1.5115
1.51164
1.51181
1.51199
1.5122
1.51243
1.51269
1.51297
1.51327
1.5136
1.51395
1.51433
1.51473
1.51516
1.51561
1.51609
1.51659
1.51712
1.51767
1.51825
1.51885
1.51947
1.52012
1.52079
1.52148
1.5222
1.52294
1.5237
1.52448
1.52528
1.5261
1.52694
1.5278
1.52868
1.52957
1.53048
1.53141
1.53235
1.53331
1.53429
1.53528
1.53628
1.5373
1.53833
1.53937
1.54043
1.5415
1.54259
1.54368
1.54479
1.54591
1.54704
1.54818
1.54934
1.55051
1.55169
1.55288
1.55408
1.55529
1.55652
1.55775
1.559
1.56025
1.56152
1.56279
1.56407
1.56537
1.56667
1.56797
1.56929
1.57061
1.57194
1.57327
1.5746
1.57594
1.57728
1.57862
1.57997
1.58131
1.58265
1.58399
1.58533
1.58666
1.58799
1.58931
1.59063
1.59194
1.59324
1.59454
1.59583
1.5971
1.59837
1.59963
1.60088
1.60212
1.60334
1.60456
1.60576
1.60696
1.60814
1.60931
1.61047
1.61161
1.61275
1.61387
1.61498
1.61607
1.61715
1.61822
1.61928
1.62032
1.62134
1.62235
1.62335
1.62432
1.62528
1.62622
1.62714
1.62804
1.62891
1.62977
1.63059
1.6314
1.63217
1.63292
1.63364
1.63432
1.63497
1.63559
1.63617
1.63672
1.63722
1.63769
1.63811
1.63849
1.63882
1.63911
1.63935
1.63954
1.63968
1.63977
1.63981
1.6398
1.63973
1.63961
1.63944
1.63921
1.63893
1.63859
1.6382
1.63775
1.63725
1.63669
1.63608
1.63542
1.6347
1.63393
1.63311
1.63224
1.63132
1.63036
1.62934
1.62828
1.62718
1.62604
1.62485
1.62362
1.62236
1.62106
1.61972
1.61836
1.61696
1.61552
1.61407
1.61258
1.61107
1.60954
1.60798
1.60641
1.60481
1.6032
1.60158
1.59994
1.59829
1.59662
1.59495
1.59327
1.59159
1.5899
1.5882
1.58651
1.58481
1.58311
1.58142
1.57972
1.57803
1.57635
1.57467
1.57299
1.57132
1.56967
1.56802
1.56638
1.56475
1.56313
1.56153
1.55993
1.55836
1.55679
1.55525
1.55371
1.5522
1.5507
1.54922
1.54776
1.54631
1.54489
1.54348
1.5421
1.54073
1.53939
1.53806
1.53676
1.53548
1.53422
1.53298
1.53176
1.53057
1.52939
1.52824
1.5271
1.52599
1.52489
1.52382
1.52276
1.52172
1.5207
1.51969
1.51871
1.51773
1.51678
1.51583
1.5149
1.51399
1.51309
1.5122
1.51132
1.51046
1.50961
1.50876
1.50793
1.50712
1.50631
1.50552
1.50473
1.50397
1.50321
1.50247
1.50174
1.50103
1.50033
1.49966
1.499
1.49836
1.49774
1.49715
1.49657
1.49603
1.49551
1.49501
1.49455
1.49411
1.49371
1.49334
1.493
1.49269
1.49243
1.49219
1.492
1.49184
1.49172
1.49164
1.49159
1.49159
1.49162
1.49169
1.4918
1.49194
1.49213
1.49234
1.4926
1.49289
1.49321
1.49356
1.49395
1.49437
1.49481
1.49529
1.49579
1.49633
1.49688
1.49747
1.49807
1.4987
1.49936
1.50003
1.50073
1.50145
1.50219
1.50295
1.50373
1.50453
1.50535
1.50619
1.50705
1.50793
1.50883
1.50975
1.51068
1.51163
1.5126
1.51359
1.51459
1.5156
1.51663
1.51767
1.51872
1.51978
1.52085
1.52193
1.523
1.52408
1.52516
1.52623
1.5273
1.52837
1.52942
1.53045
1.53148
1.53248
1.53347
1.53443
1.53536
1.53627
1.53715
1.538
1.53881
1.53959
1.54033
1.54103
1.54169
1.54232
1.5429
1.54344
1.54393
1.54438
1.54479
1.54516
1.54549
1.54577
1.54601
1.54621
1.54637
1.5465
1.54658
1.54663
1.54665
1.54664
1.54659
1.54652
1.54641
1.54629
1.54614
1.54597
1.54578
1.54557
1.54535
1.54512
1.54488
1.54462
1.54436
1.54409
1.54382
1.54355
1.54328
1.54301
1.54274
1.54247
1.54221
1.54195
1.5417
1.54146
1.54123
1.541
1.54079
1.54059
1.54039
1.54021
1.54004
1.53988
1.53974
1.5396
1.53948
1.53937
1.53927
1.53918
1.5391
1.53904
1.53899
1.53895
1.53892
1.5389
1.53889
1.5389
1.53891
1.53894
1.53898
1.53903
1.5391
1.53918
1.53927
1.53938
1.5395
1.53965
1.53981
1.53999
1.54019
1.54042
1.54067
1.54095
1.54126
1.5416
1.54198
1.54239
1.54283
1.54332
1.54385
1.54443
1.54505
1.54572
1.54645
1.54723
1.54806
1.54895
1.5499
1.55091
1.55198
1.55312
1.55431
1.55557
1.5569
1.55829
1.55974
1.56125
1.56283
1.56446
1.56616
1.56791
1.56971
1.57157
1.57348
1.57543
1.57742
1.57945
1.58152
1.58362
1.58575
1.58789
1.59006
1.59223
1.59442
1.59661
1.59879
1.60097
1.60314
1.60528
1.60741
1.60951
1.61157
1.6136
1.61559
1.61753
1.61941
1.62125
1.62302
1.62473
1.62638
1.62795
1.62946
1.63088
1.63223
1.63349
1.63468
1.63577
1.63678
1.6377
1.63853
1.63927
1.63992
1.64048
1.64095
1.64132
1.6416
1.6418
1.6419
1.64192
1.64184
1.64168
1.64144
1.64111
1.64071
1.64022
1.63966
1.63902
1.63832
1.63754
1.63669
1.63579
1.63482
1.63379
1.6327
1.63157
1.63038
1.62914
1.62787
1.62655
1.62519
1.6238
1.62237
1.62092
1.61944
1.61793
1.6164
1.61486
1.6133
1.61173
1.61014
1.60855
1.60696
1.60536
1.60376
1.60217
1.60058
1.59899
1.59742
1.59586
1.59431
1.59277
1.59126
1.58976
1.58828
1.58682
1.58539
1.58399
1.58261
1.58125
1.57993
1.57864
1.57737
1.57614
1.57494
1.57378
1.57265
1.57155
1.57048
1.56946
1.56846
1.56751
1.56659
1.56571
1.56486
1.56405
1.56328
1.56255
1.56186
1.5612
1.56059
1.56001
1.55948
1.55898
1.55853
1.55812
1.55775
1.55742
1.55713
1.55689
1.5567
1.55654
1.55643
1.55637
1.55635
1.55638
1.55645
1.55656
1.55673
1.55693
1.55718
1.55747
1.55781
1.55819
1.55861
1.55907
1.55957
1.5601
1.56068
1.56128
1.56192
1.5626
1.5633
1.56403
1.56478
1.56555
1.56635
1.56717
1.568
1.56884
1.5697
1.57056
1.57144
1.57231
1.57319
1.57406
1.57493
1.5758
1.57665
1.5775
1.57833
1.57915
1.57995
1.58073
1.58149
1.58222
1.58293
1.58361
1.58426
1.58488
1.58546
1.58601
1.58652
1.587
1.58743
1.58782
1.58817
1.58847
1.58873
1.58894
1.5891
1.58921
1.58927
1.58928
1.58924
1.58914
1.58899
1.58878
1.58852
1.58821
1.58783
1.58741
1.58693
1.58639
1.5858
1.58515
1.58445
1.5837
1.58289
1.58204
1.58113
1.58018
1.57918
1.57814
1.57705
1.57593
1.57476
1.57357
1.57233
1.57107
1.56978
1.56847
1.56713
1.56578
1.56441
1.56304
1.56165
1.56026
1.55887
1.55749
1.55611
1.55474
1.55339
1.55205
1.55074
1.54945
1.5482
1.54697
1.54579
1.54464
1.54354
1.54248
1.54147
1.54052
1.53962
1.53877
1.53799
1.53726
1.5366
1.536
1.53547
1.535
1.5346
1.53427
1.534
1.5338
1.53367
1.53361
1.53361
1.53367
1.5338
1.53399
1.53424
1.53455
1.53492
1.53534
1.53581
1.53634
1.53691
1.53753
1.53819
1.53889
1.53963
1.5404
1.54121
1.54204
1.5429
1.54379
1.54469
1.54562
1.54656
1.54751
1.54848
1.54945
1.55043
1.55141
1.55239
1.55337
1.55435
1.55532
1.55628
1.55723
1.55816
1.55908
1.55998
1.56086
1.56172
1.56255
1.56336
1.56414
1.5649
1.56562
1.5663
1.56696
1.56758
1.56817
1.56872
1.56923
1.56971
1.57015
1.57055
1.57091
1.57124
1.57154
1.57179
1.57202
1.57221
1.57236
1.57249
1.57258
1.57265
1.57269
1.57271
1.57271
1.57268
1.57263
1.57257
1.57249
1.57239
1.57228
1.57217
1.57204
1.5719
1.57176
1.57162
1.57147
1.57132
1.57116
1.57101
1.57086
1.57071
1.57055
1.5704
1.57026
1.57011
1.56997
1.56983
1.56969
1.56955
1.56941
1.56927
1.56914
1.569
1.56886
1.56872
1.56857
1.56843
1.56828
1.56812
1.56796
1.5678
1.56762
1.56744
1.56725
1.56706
1.56685
1.56664
1.56641
1.56618
1.56593
1.56568
1.56542
1.56514
1.56486
1.56457
1.56427
1.56396
1.56364
1.56332
1.56299
1.56265
1.56231
1.56196
1.56161
1.56126
1.56091
1.56055
1.5602
1.55985
1.5595
1.55915
1.5588
1.55846
1.55812
1.55779
1.55747
1.55715
1.55684
1.55653
1.55623
1.55594
1.55566
1.55538
1.55511
1.55485
1.55459
1.55434
1.55409
1.55385
1.55361
1.55338
1.55314
1.55291
1.55268
1.55245
1.55222
1.55198
1.55175
1.55151
1.55127
1.55102
1.55076
1.5505
1.55023
1.54996
1.54968
1.54939
1.54909
1.54878
1.54847
1.54815
1.54782
1.54748
1.54713
1.54678
1.54643
1.54607
1.54571
1.54534
1.54497
1.54461
1.54424
1.54388
1.54352
1.54317
1.54283
1.54249
1.54217
1.54186
1.54157
1.54129
1.54103
1.54079
1.54057
1.54037
1.5402
1.54005
1.53992
1.53983
1.53976
1.53972
1.5397
1.53972
1.53976
1.53983
1.53993
1.54005
1.5402
1.54038
1.54057
1.54079
1.54103
1.54128
1.54155
1.54184
1.54213
1.54244
1.54275
1.54307
1.54338
1.5437
1.54402
1.54433
1.54463
1.54492
1.5452
1.54547
1.54572
1.54595
1.54616
1.54635
1.54652
1.54667
1.54679
1.54688
1.54695
1.54699
1.54701
1.54699
1.54695
1.54688
1.54678
1.54666
1.54651
1.54633
1.54613
1.54591
1.54566
1.54539
1.5451
1.5448
1.54448
1.54415
1.54381
1.54345
1.5431
1.54274
1.54238
1.54202
1.54167
1.54132
1.54098
1.54066
1.54036
1.54007
1.53981
1.53957
1.53935
1.53917
1.53902
1.53889
1.53881
1.53876
1.53874
1.53877
1.53883
1.53894
1.53908
1.53926
1.53949
1.53975
1.54006
1.5404
1.54077
1.54119
1.54163
1.54211
1.54262
1.54316
1.54372
1.54431
1.54492
1.54554
1.54618
1.54683
1.54749
1.54816
1.54883
1.54951
1.55018
1.55084
1.5515
1.55215
1.55278
1.5534
1.554
1.55459
1.55515
1.55568
1.55619
1.55668
1.55714
1.55757
1.55796
1.55833
1.55867
1.55898
1.55926
1.5595
1.55972
1.55991
1.56007
1.5602
1.5603
1.56038
1.56043
1.56047
1.56048
1.56047
1.56045
1.56041
1.56036
1.5603
1.56022
1.56014
1.56006
1.55997
1.55988
1.55979
1.5597
1.55962
1.55954
1.55947
1.5594
1.55934
1.5593
1.55926
1.55924
1.55922
1.55922
1.55924
1.55926
1.5593
1.55936
1.55942
1.5595
1.55959
1.55969
1.55981
1.55993
1.56007
1.56021
1.56036
1.56052
1.56069
1.56086
1.56104
1.56122
1.56141
1.5616
1.56179
1.56198
1.56217
1.56237
1.56256
1.56275
1.56295
1.56314
1.56333
1.56352
1.56371
1.56389
1.56408
1.56427
1.56445
1.56463
1.56482
1.565
1.56519
1.56537
1.56556
1.56575
1.56595
1.56614
1.56635
1.56655
1.56677
1.56698
1.56721
1.56744
1.56768
1.56792
1.56818
1.56844
1.56871
1.56899
1.56928
1.56957
1.56988
1.57019
1.57051
1.57084
1.57118
1.57152
1.57188
1.57223
1.5726
1.57297
1.57334
1.57371
1.57409
1.57447
1.57485
1.57523
1.57561
1.57598
1.57636
1.57672
1.57708
1.57743
1.57776
1.57809
1.57841
1.57871
1.57899
1.57925
1.5795
1.57972
1.57992
1.5801
1.58025
1.58037
1.58046
1.58053
1.58055
1.58055
1.58051
1.58044
1.58033
1.58018
1.57999
1.57977
1.5795
1.5792
1.57885
1.57847
1.57804
1.57758
1.57707
1.57653
1.57595
1.57533
1.57467
1.57398
1.57325
1.57249
1.5717
1.57087
1.57002
1.56913
1.56822
1.56729
1.56633
1.56535
1.56435
1.56333
1.56229
1.56124
1.56018
1.5591
1.55801
1.55692
1.55582
1.55471
1.5536
1.55248
1.55137
1.55025
1.54914
1.54803
1.54693
1.54583
1.54474
1.54366
1.54259
1.54153
1.54048
1.53945
1.53843
1.53744
1.53646
1.5355
1.53456
1.53364
1.53275
1.53188
1.53104
1.53022
1.52944
1.52868
1.52796
1.52727
1.52661
1.52598
1.5254
1.52485
1.52434
1.52386
1.52343
1.52304
1.5227
1.5224
1.52214
1.52193
1.52176
1.52165
1.52158
1.52156
1.52159
1.52168
1.52182
1.52201
1.52225
1.52255
1.5229
1.52331
1.52377
1.52429
1.52486
1.52548
1.52616
1.5269
1.52768
1.52852
1.52941
1.53034
1.53133
1.53236
1.53343
1.53455
1.5357
1.5369
1.53812
1.53938
1.54067
1.54199
1.54333
1.5447
1.54608
1.54747
1.54888
1.5503
1.55172
1.55314
1.55456
1.55598
1.55738
1.55878
1.56016
1.56152
1.56287
1.56418
1.56547
1.56673
1.56795
1.56914
1.57029
1.57139
1.57245
1.57346
1.57442
1.57533
1.57618
1.57697
1.57771
1.57839
1.579
1.57956
1.58004
1.58047
1.58082
1.58111
1.58133
1.58148
1.58157
1.58159
1.58154
1.58142
1.58123
1.58098
1.58066
1.58028
1.57983
1.57932
1.57876
1.57813
1.57744
1.5767
1.5759
1.57505
1.57415
1.5732
1.57221
1.57117
1.57008
1.56896
1.56781
1.56661
1.56539
1.56413
1.56285
1.56154
1.56021
1.55886
1.55749
1.55611
1.55471
1.5533
1.55189
1.55047
1.54905
1.54762
1.5462
1.54479
1.54338
1.54198
1.54059
1.53922
1.53786
1.53652
1.5352
1.53391
1.53264
1.5314
1.53019
1.52901
1.52787
1.52676
1.52569
1.52465
1.52366
1.52272
1.52181
1.52095
1.52014
1.51938
1.51866
1.51799
1.51737
1.5168
1.51628
1.51581
1.51539
1.51502
1.5147
1.51443
1.5142
1.51402
1.51389
1.5138
1.51376
1.51375
1.51379
1.51387
1.51399
1.51415
1.51434
1.51457
1.51483
1.51512
1.51545
1.51581
1.51619
1.51661
1.51705
1.51752
1.51802
1.51854
1.51908
1.51965
1.52024
1.52085
1.52148
1.52213
1.5228
1.52349
1.5242
1.52493
1.52567
1.52642
1.52719
1.52798
1.52877
1.52958
1.5304
1.53123
1.53207
1.53291
1.53376
1.53462
1.53548
1.53635
1.53721
1.53808
1.53895
1.53982
1.54069
1.54155
1.54241
1.54326
1.54411
1.54495
1.54579
1.54661
1.54743
1.54823
1.54902
1.54981
1.55057
1.55133
1.55207
1.5528
1.55351
1.55421
1.55489
1.55555
1.5562
1.55683
1.55744
1.55803
1.5586
1.55916
1.55969
1.5602
1.56069
1.56115
1.5616
1.56202
1.56241
1.56278
1.56312
1.56343
1.56371
1.56396
1.56418
1.56437
1.56453
1.56464
1.56472
1.56476
1.56477
1.56473
1.56464
1.56452
1.56435
1.56413
1.56387
1.56355
1.56319
1.56278
1.56232
1.5618
1.56124
1.56063
1.55996
1.55924
1.55848
1.55766
1.5568
1.55589
1.55494
1.55394
1.5529
1.55182
1.55071
1.54956
1.54837
1.54716
1.54592
1.54466
1.54338
1.54209
1.54078
1.53946
1.53814
1.53681
1.53549
1.53418
1.53287
1.53158
1.53031
1.52905
1.52783
1.52663
1.52546
1.52433
1.52324
1.52218
1.52118
1.52022
1.51932
1.51847
1.51767
1.51693
1.51626
1.51564
1.51509
1.51461
1.51419
1.51385
1.51357
1.51336
1.51322
1.51316
1.51316
1.51324
1.51338
1.5136
1.51389
1.51424
1.51466
1.51515
1.51569
1.51631
1.51698
1.51771
1.51849
1.51933
1.52021
1.52114
1.52212
1.52314
1.52419
1.52528
1.5264
1.52755
1.52872
1.52991
1.53112
1.53234
1.53357
1.53481
1.53604
1.53728
1.53851
1.53973
1.54094
1.54213
1.54331
1.54446
1.54559
1.54669
1.54776
1.54879
1.54979
1.55075
1.55166
1.55253
1.55336
1.55414
1.55486
1.55553
1.55615
1.55671
1.55721
1.55766
1.55804
1.55836
1.55862
1.55882
1.55895
1.55901
1.55902
1.55895
1.55882
1.55863
1.55837
1.55805
1.55766
1.55721
1.5567
1.55613
1.55551
1.55482
1.55408
1.55328
1.55244
1.55154
1.5506
1.54962
1.54859
1.54753
1.54643
1.5453
1.54414
1.54296
1.54175
1.54053
1.53929
1.53804
1.53678
1.53552
1.53425
1.53299
1.53173
1.53049
1.52925
1.52803
1.52683
1.52564
1.52449
1.52335
1.52225
1.52118
1.52014
1.51914
1.51817
1.51725
1.51637
1.51553
1.51473
1.51398
1.51328
1.51262
1.51202
1.51147
1.51096
1.51051
1.51011
1.50976
1.50947
1.50923
1.50904
1.5089
1.50882
1.50879
1.50881
1.50888
1.509
1.50917
1.50938
1.50965
1.50996
1.51031
1.51071
1.51114
1.51162
1.51214
1.51269
1.51328
1.51389
1.51455
1.51523
1.51593
1.51667
1.51743
1.51821
1.51901
1.51983
1.52067
1.52153
1.5224
1.52328
1.52418
1.52508
1.52599
1.52692
1.52784
1.52878
1.52972
1.53066
1.5316
1.53255
1.53349
1.53444
1.53538
1.53632
1.53726
1.5382
1.53913
1.54006
1.54099
1.54191
1.54282
1.54373
1.54463
1.54553
1.54642
1.5473
1.54817
1.54904
1.5499
1.55075
1.5516
1.55244
1.55327
1.5541
1.55492
1.55573
1.55653
1.55733
1.55813
1.55892
1.55971
1.56049
1.56126
1.56204
1.56281
1.56358
1.56436
1.56513
1.5659
1.56667
1.56745
1.56823
1.56902
1.56981
1.57061
1.57142
1.57223
1.57306
1.5739
1.57475
1.57562
1.5765
1.5774
1.57832
1.57925
1.5802
1.58117
1.58216
1.58317
1.58419
1.58524
1.5863
1.58738
1.58848
1.58959
1.59071
1.59185
1.59299
1.59415
1.59531
1.59647
1.59763
1.59879
1.59994
1.60108
1.6022
1.60331
1.6044
1.60546
1.6065
1.60751
1.60848
1.60941
1.6103
1.61114
1.61194
1.61269
1.61338
1.61401
1.61459
1.61511
1.61557
1.61596
1.61629
1.61656
1.61675
1.61689
1.61696
1.61696
1.6169
1.61678
1.61659
1.61635
1.61604
1.61568
1.61527
1.61481
1.6143
1.61374
1.61314
1.6125
1.61183
1.61112
1.61039
1.60962
1.60884
1.60804
1.60722
1.60639
1.60555
1.6047
1.60385
1.603
1.60215
1.60131
1.60047
1.59964
1.59882
1.59801
1.59721
1.59644
1.59567
1.59493
1.5942
1.59349
1.5928
1.59213
1.59148
1.59085
1.59024
1.58965
1.58908
1.58853
1.588
1.58749
1.587
1.58653
1.58609
1.58565
1.58524
1.58485
1.58447
1.58412
1.58378
1.58345
1.58315
1.58286
1.58258
1.58232
1.58208
1.58185
1.58163
1.58143
1.58125
1.58107
1.58091
1.58077
1.58063
1.58051
1.5804
1.58031
1.58023
1.58016
1.5801
1.58006
1.58003
1.58001
1.58
1.58001
1.58004
1.58008
1.58013
1.5802
1.58029
1.58039
1.58051
1.58064
1.5808
1.58097
1.58116
1.58137
1.58159
1.58184
1.5821
1.58238
1.58268
1.58299
1.58333
1.58368
1.58404
1.58442
1.58482
1.58522
1.58564
1.58607
1.58651
1.58695
1.5874
1.58786
1.58831
1.58877
1.58923
1.58968
1.59013
1.59058
1.59101
1.59144
1.59185
1.59225
1.59263
1.593
1.59335
1.59367
1.59398
1.59425
1.59451
1.59473
1.59493
1.59509
1.59523
1.59533
1.59539
1.59542
1.59541
1.59536
1.59527
1.59515
1.59498
1.59476
1.5945
1.5942
1.59385
1.59345
1.59301
1.59251
1.59197
1.59138
1.59074
1.59005
1.58931
1.58853
1.58769
1.5868
1.58587
1.58488
1.58386
1.58278
1.58167
1.58051
1.57931
1.57808
1.57681
1.57551
1.57418
1.57282
1.57144
1.57004
1.56862
1.56719
1.56574
1.5643
1.56285
1.5614
1.55996
1.55853
1.55712
1.55572
1.55434
1.55298
1.55166
1.55036
1.5491
1.54787
1.54668
1.54553
1.54443
1.54337
1.54235
1.54138
1.54046
1.53958
1.53876
1.53798
1.53725
1.53657
1.53594
1.53535
1.53481
1.53431
1.53386
1.53345
1.53308
1.53275
1.53245
1.53219
1.53197
1.53178
1.53161
1.53147
1.53136
1.53127
1.53121
1.53116
1.53113
1.53111
1.53111
1.53112
1.53114
1.53116
1.5312
1.53123
1.53127
1.53131
1.53135
1.53138
1.53142
1.53145
1.53147
1.53149
1.5315
1.5315
1.5315
1.53149
1.53147
1.53144
1.5314
1.53135
1.5313
1.53123
1.53116
1.53108
1.53099
1.5309
1.5308
1.5307
1.53059
1.53047
1.53036
1.53024
1.53012
1.53001
1.52989
1.52977
1.52966
1.52955
1.52945
1.52935
1.52926
1.52918
1.5291
1.52904
1.52898
1.52893
1.52889
1.52887
1.52885
1.52885
1.52886
1.52888
1.52892
1.52896
1.52902
1.52909
1.52918
1.52928
1.52939
1.52951
1.52965
1.5298
1.52996
1.53013
1.53031
1.53051
1.53071
1.53093
1.53116
1.53139
1.53164
1.53189
1.53216
1.53243
1.53271
1.53299
1.53328
1.53358
1.53389
1.5342
1.53452
1.53484
1.53516
1.53549
1.53583
1.53616
1.53651
1.53685
1.5372
1.53755
1.53791
1.53827
1.53863
1.539
1.53938
1.53976
1.54014
1.54053
1.54093
1.54134
1.54175
1.54217
1.5426
1.54304
1.54349
1.54395
1.54443
1.54491
1.54541
1.54592
1.54644
1.54697
1.54752
1.54807
1.54864
1.54921
1.5498
1.55039
1.55099
1.55159
1.5522
1.55281
1.55342
1.55403
1.55463
1.55523
1.55583
1.55642
1.557
1.55757
1.55812
1.55866
1.55919
1.5597
1.56019
1.56066
1.56111
1.56155
1.56195
1.56234
1.5627
1.56304
1.56336
1.56365
1.56391
1.56415
1.56436
1.56454
1.56469
1.56481
1.5649
1.56496
1.56499
1.56499
1.56495
1.56487
1.56476
1.56461
1.56442
1.56419
1.56391
1.5636
1.56324
1.56283
1.56238
1.56188
1.56133
1.56073
1.56008
1.55938
1.55863
1.55782
1.55697
1.55606
1.5551
1.55409
1.55303
1.55192
1.55077
1.54956
1.54832
1.54703
1.5457
1.54433
1.54292
1.54149
1.54002
1.53853
1.53702
1.53548
1.53393
1.53237
1.53081
1.52924
1.52767
1.52611
1.52456
1.52302
1.5215
1.52
1.51853
1.51709
1.51569
1.51433
1.51301
1.51173
1.5105
1.50933
1.50821
1.50715
1.50615
1.50521
1.50433
1.50352
1.50277
1.50208
1.50147
1.50092
1.50043
1.50001
1.49966
1.49937
1.49914
1.49897
1.49886
1.49881
1.49882
1.49887
1.49898
1.49914
1.49934
1.49958
1.49987
1.5002
1.50056
1.50096
1.50138
1.50184
1.50233
1.50284
1.50337
1.50393
1.5045
1.5051
1.50571
1.50634
1.50698
1.50764
1.50831
1.50899
1.50968
1.51039
1.51111
1.51184
1.51258
1.51334
1.5141
1.51489
1.51568
1.51649
1.51732
1.51816
1.51901
1.51989
1.52078
1.52169
1.52261
1.52356
1.52453
1.52551
1.52651
1.52753
1.52857
1.52963
1.5307
1.53178
1.53288
1.534
1.53512
1.53625
1.53739
1.53853
1.53968
1.54082
1.54196
1.5431
1.54422
1.54534
1.54644
1.54752
1.54858
1.54962
1.55063
1.55161
1.55256
1.55348
1.55436
1.5552
1.556
1.55675
1.55746
1.55812
1.55872
1.55928
1.55979
1.56024
1.56063
1.56097
1.56126
1.56148
1.56165
1.56176
1.56181
1.56181
1.56174
1.56162
1.56144
1.56121
1.56092
1.56058
1.56018
1.55974
1.55924
1.5587
1.55811
1.55748
1.55681
1.55609
1.55534
1.55456
1.55374
1.5529
1.55203
1.55114
1.55023
1.5493
1.54836
1.54741
1.54645
1.54549
1.54453
1.54357
1.54263
1.54169
1.54077
1.53986
1.53898
1.53811
1.53728
1.53647
1.5357
1.53495
1.53425
1.53358
1.53295
1.53236
1.53182
1.53132
1.53086
1.53045
1.53008
1.52976
1.52948
1.52925
1.52906
1.52891
1.52881
1.52874
1.52871
1.52872
1.52877
1.52885
1.52896
1.5291
1.52926
1.52945
1.52966
1.52989
1.53014
1.53041
1.53068
1.53097
1.53127
1.53157
1.53187
1.53218
1.53249
1.53279
1.53309
1.53339
1.53368
1.53396
1.53423
1.53448
1.53473
1.53496
1.53518
1.53539
1.53557
1.53575
1.5359
1.53604
1.53616
1.53626
1.53635
1.53641
1.53647
1.5365
1.53652
1.53653
1.53652
1.5365
1.53647
1.53643
1.53638
1.53633
1.53627
1.53621
1.53615
1.5361
1.53604
1.536
1.53597
1.53595
1.53594
1.53596
1.53599
1.53605
1.53614
1.53626
1.53641
1.5366
1.53682
1.53709
1.5374
1.53776
1.53816
1.53862
1.53913
1.53969
1.5403
1.54097
1.5417
1.54248
1.54332
1.54422
1.54518
1.54619
1.54726
1.54838
1.54956
1.55079
1.55207
1.5534
1.55478
1.5562
1.55766
1.55916
1.5607
1.56228
1.56388
1.56552
1.56718
1.56886
1.57056
1.57228
1.574
1.57574
1.57749
1.57923
1.58098
1.58273
1.58446
1.58619
1.5879
1.5896
1.59128
1.59294
1.59457
1.59617
1.59774
1.59928
1.60079
1.60225
1.60368
1.60506
1.6064
1.60769
1.60892
1.61011
1.61125
1.61232
1.61335
1.61431
1.61522
1.61607
1.61685
1.61757
1.61824
1.61884
1.61937
1.61985
1.62026
1.62061
1.6209
1.62113
1.6213
1.62141
1.62147
1.62146
1.62141
1.6213
1.62115
1.62094
1.62069
1.62039
1.62006
1.61968
1.61927
1.61882
1.61835
1.61784
1.61731
1.61675
1.61618
1.61558
1.61497
1.61435
1.61371
1.61307
1.61242
1.61176
1.6111
1.61045
1.60979
1.60913
1.60848
1.60783
1.60718
1.60654
1.60591
1.60529
1.60467
1.60406
1.60346
1.60287
1.60228
1.6017
1.60113
1.60057
1.60001
1.59945
1.5989
1.59835
1.59781
1.59726
1.59672
1.59617
1.59563
1.59508
1.59452
1.59396
1.59339
1.59281
1.59222
1.59163
1.59101
1.59039
1.58975
1.5891
1.58842
1.58774
1.58703
1.5863
1.58555
1.58478
1.58399
1.58318
1.58235
1.58149
1.58061
1.5797
1.57878
1.57783
1.57686
1.57586
1.57485
1.57381
1.57276
1.57168
1.57059
1.56947
1.56835
1.5672
1.56605
1.56488
1.5637
1.56251
1.56132
1.56011
1.55891
1.5577
1.55649
1.55528
1.55407
1.55287
1.55168
1.55049
1.54932
1.54815
1.547
1.54586
1.54474
1.54364
1.54255
1.54149
1.54045
1.53943
1.53844
1.53747
1.53653
1.53561
1.53473
1.53387
1.53304
1.53225
1.53148
1.53074
1.53004
1.52937
1.52873
1.52812
1.52755
1.52701
1.52651
1.52603
1.5256
1.5252
1.52483
1.5245
1.5242
1.52394
1.52372
1.52354
1.52339
1.52328
1.52321
1.52318
1.52319
1.52324
1.52332
1.52345
1.52362
1.52383
1.52408
1.52436
1.52469
1.52506
1.52547
1.52591
1.52639
1.5269
1.52745
1.52803
1.52864
1.52928
1.52995
1.53063
1.53134
1.53206
1.5328
1.53354
1.5343
1.53505
1.53581
1.53656
1.53731
1.53804
1.53876
1.53946
1.54014
1.54079
1.54141
1.542
1.54255
1.54307
1.54354
1.54397
1.54436
1.54469
1.54498
1.54521
1.54539
1.54552
1.54559
1.54561
1.54557
1.54548
1.54533
1.54513
1.54488
1.54457
1.54422
1.54381
1.54335
1.54285
1.5423
1.54171
1.54108
1.54042
1.53971
1.53898
1.53821
1.53741
1.53659
1.53574
1.53487
1.53399
1.53308
1.53217
1.53124
1.53031
1.52937
1.52843
1.52749
1.52655
1.52561
1.52469
1.52377
1.52286
1.52197
1.52109
1.52024
1.5194
1.51859
1.5178
1.51704
1.5163
1.5156
1.51493
1.5143
1.5137
1.51313
1.51261
1.51213
1.51169
1.51129
1.51094
1.51063
1.51037
1.51015
1.50998
1.50986
1.50979
1.50977
1.50979
1.50986
1.50998
1.51015
1.51037
1.51063
1.51094
1.51129
1.51169
1.51213
1.51261
1.51313
1.51369
1.51428
1.51492
1.51558
1.51628
1.517
1.51776
1.51854
1.51934
1.52016
1.52101
1.52187
1.52275
1.52364
1.52455
1.52546
1.52638
1.5273
1.52823
1.52917
1.5301
1.53103
1.53196
1.53288
1.53379
1.5347
1.53559
1.53648
1.53735
1.53821
1.53906
1.53988
1.5407
1.54149
1.54226
1.54301
1.54375
1.54446
1.54515
1.54582
1.54646
1.54708
1.54768
1.54826
1.54881
1.54934
1.54984
1.55033
1.55079
1.55123
1.55165
1.55205
1.55243
1.55279
1.55313
1.55346
1.55377
1.55407
1.55435
1.55463
1.55489
1.55514
1.55538
1.55562
1.55585
1.55608
1.5563
1.55652
1.55675
1.55697
1.55719
1.55742
1.55765
1.55788
1.55812
1.55837
1.55862
1.55888
1.55914
1.55942
1.5597
1.55999
1.56029
1.5606
1.56092
1.56124
1.56157
1.56191
1.56225
1.5626
1.56295
1.5633
1.56366
1.56401
1.56437
1.56473
1.56508
1.56543
1.56577
1.56611
1.56643
1.56675
1.56706
1.56735
1.56764
1.56791
1.56816
1.5684
1.56862
1.56882
1.56901
1.56918
1.56934
1.56947
1.56959
1.56969
1.56977
1.56983
1.56988
1.56992
1.56994
1.56994
1.56994
1.56992
1.56989
1.56984
1.56979
1.56974
1.56967
1.5696
1.56952
1.56943
1.56934
1.56924
1.56914
1.56903
1.56892
1.56881
1.56868
1.56856
1.56842
1.56828
1.56813
1.56797
1.56781
1.56763
1.56744
1.56724
1.56702
1.5668
1.56655
1.56629
1.56601
1.56572
1.5654
1.56507
1.56471
1.56434
1.56395
1.56353
1.56309
1.56264
1.56216
1.56166
1.56114
1.5606
1.56004
1.55946
1.55887
1.55826
1.55763
1.55698
1.55632
1.55565
1.55497
1.55427
1.55357
1.55285
1.55213
1.5514
1.55066
1.54992
1.54918
1.54843
1.54768
1.54693
1.54618
1.54543
1.54468
1.54394
1.5432
1.54246
1.54172
1.54099
1.54026
1.53954
1.53882
1.53811
1.5374
1.5367
1.536
1.53531
1.53462
1.53394
1.53327
1.53259
1.53193
1.53126
1.5306
1.52994
1.52929
1.52864
1.52798
1.52733
1.52668
1.52603
1.52538
1.52473
1.52407
1.52341
1.52275
1.52208
1.5214
1.52072
1.52004
1.51934
1.51864
1.51793
1.51721
1.51648
1.51574
1.51498
1.51422
1.51345
1.51266
1.51187
1.51106
1.51024
1.50941
1.50857
1.50771
1.50685
1.50598
1.5051
1.50422
1.50332
1.50242
1.50152
1.50062
1.49971
1.4988
1.49789
1.49699
1.49609
1.4952
1.49431
1.49344
1.49257
1.49172
1.49088
1.49006
1.48925
1.48847
1.4877
1.48695
1.48623
1.48553
1.48485
1.4842
1.48357
1.48297
1.4824
1.48186
1.48134
1.48085
1.48039
1.47996
1.47955
1.47918
1.47883
1.47851
1.47822
1.47796
1.47773
1.47753
1.47736
1.47721
1.4771
1.47701
1.47695
1.47693
1.47694
1.47698
1.47705
1.47715
1.47729
1.47747
1.47767
1.47792
1.4782
1.47853
1.47889
1.47928
1.47972
1.4802
1.48072
1.48128
1.48189
1.48253
1.48321
1.48394
1.4847
1.48551
1.48635
1.48723
1.48815
1.48911
1.4901
1.49112
1.49218
1.49327
1.49439
1.49553
1.49671
1.49791
1.49913
1.50038
1.50164
1.50293
1.50423
1.50555
1.50688
1.50822
1.50958
1.51094
1.51231
1.51369
1.51507
1.51645
1.51783
1.51921
1.52059
1.52196
1.52333
1.5247
1.52605
1.52739
1.52873
1.53005
1.53135
1.53264
1.53392
1.53518
1.53642
1.53764
1.53885
1.54003
1.54119
1.54233
1.54345
1.54454
1.54561
1.54666
1.54768
1.54868
1.54965
1.5506
1.55152
1.55242
1.55329
1.55414
1.55495
1.55575
1.55651
1.55725
1.55797
1.55866
1.55932
1.55996
1.56057
1.56115
1.56171
1.56225
1.56276
1.56325
1.56371
1.56414
1.56455
1.56494
1.5653
1.56564
1.56595
1.56624
1.5665
1.56674
1.56696
1.56715
1.56731
1.56745
1.56757
1.56766
1.56773
1.56777
1.56778
1.56777
1.56774
1.56768
1.56759
1.56748
1.56734
1.56718
1.56699
1.56677
1.56653
1.56627
1.56598
1.56567
1.56533
1.56497
1.56459
1.56419
1.56377
1.56333
1.56287
1.56239
1.5619
1.5614
1.56088
1.56035
1.55982
1.55927
1.55872
1.55817
1.55762
1.55707
1.55653
1.55599
1.55546
1.55494
1.55443
1.55394
1.55346
1.55301
1.55258
1.55217
1.5518
1.55144
1.55112
1.55083
1.55058
1.55036
1.55017
1.55002
1.54991
1.54984
1.54981
1.54981
1.54986
1.54994
1.55006
1.55023
1.55043
1.55066
1.55093
1.55124
1.55158
1.55195
1.55235
1.55278
1.55323
1.55371
1.55421
1.55473
1.55527
1.55582
1.55639
1.55696
1.55754
1.55813
1.55872
1.5593
1.55988
1.56046
1.56103
1.56158
1.56212
1.56264
1.56315
1.56363
1.56408
1.56451
1.56491
1.56528
1.56561
1.56591
1.56617
1.56639
1.56656
1.5667
1.56678
1.56683
1.56682
1.56677
1.56666
1.5665
1.5663
1.56603
1.56572
1.56535
1.56493
1.56446
1.56393
1.56335
1.56272
1.56204
1.56131
1.56053
1.5597
1.55883
1.55791
1.55695
1.55595
1.55492
1.55385
1.55275
1.55162
1.55046
1.54929
1.54809
1.54688
1.54566
1.54443
1.5432
1.54196
1.54073
1.53951
1.5383
1.53711
1.53594
1.53479
1.53367
1.53258
1.53153
1.53051
1.52954
1.52862
1.52774
1.52692
1.52615
1.52544
1.52479
1.5242
1.52368
1.52323
1.52284
1.52252
1.52228
1.5221
1.522
1.52197
1.52201
1.52212
1.5223
1.52255
1.52287
1.52326
1.52371
1.52423
1.5248
1.52544
1.52612
1.52686
1.52765
1.52848
1.52935
1.53026
1.5312
1.53216
1.53315
1.53416
1.53518
1.53622
1.53725
1.53829
1.53932
1.54035
1.54136
1.54235
1.54332
1.54427
1.54519
1.54607
1.54692
1.54773
1.5485
1.54922
1.5499
1.55053
1.55111
1.55163
1.5521
1.55252
1.55288
1.55319
1.55344
1.55364
1.55378
1.55386
1.5539
1.55387
1.5538
1.55368
1.55351
1.55329
1.55303
1.55273
1.55239
1.55201
1.5516
1.55116
1.5507
1.55021
1.5497
1.54917
1.54863
1.54809
1.54754
1.54699
1.54644
1.5459
1.54537
1.54486
1.54436
1.54389
1.54345
1.54304
1.54266
1.54232
1.54202
1.54176
1.54155
1.54138
1.54127
1.5412
1.54119
1.54124
1.54134
1.54149
1.54171
1.54197
1.5423
1.54268
1.54312
1.54361
1.54415
1.54475
1.5454
1.54609
1.54683
1.54762
1.54845
1.54932
1.55022
1.55116
1.55214
1.55314
1.55417
1.55523
1.55631
1.5574
1.55852
1.55964
1.56078
1.56192
1.56307
1.56421
1.56536
1.5665
1.56763
1.56876
1.56987
1.57096
1.57204
1.5731
1.57413
1.57514
1.57612
1.57707
1.57799
1.57888
1.57973
1.58054
1.58132
1.58206
1.58275
1.58341
1.58402
1.58459
1.58511
1.5856
1.58603
1.58642
1.58677
1.58707
1.58733
1.58754
1.58771
1.58784
1.58792
1.58797
1.58797
1.58794
1.58787
1.58777
1.58763
1.58745
1.58725
1.58702
1.58676
1.58647
1.58616
1.58583
1.58548
1.58512
1.58474
1.58434
1.58394
1.58352
1.5831
1.58267
1.58224
1.58181
1.58138
1.58095
1.58053
1.5801
1.57969
1.57928
1.57888
1.57849
1.57811
1.57773
1.57737
1.57703
1.57669
1.57636
1.57605
1.57575
1.57546
1.57518
1.57492
1.57466
1.57441
1.57418
1.57395
1.57373
1.57351
1.57331
1.57311
1.57291
1.57272
1.57253
1.57235
1.57217
1.57199
1.57181
1.57163
1.57145
1.57126
1.57108
1.5709
1.57071
1.57051
1.57032
1.57012
1.56991
1.5697
1.56948
1.56925
1.56901
1.56876
1.56851
1.56824
1.56796
1.56766
1.56735
1.56703
1.56668
1.56632
1.56594
1.56554
1.56512
1.56467
1.5642
1.5637
1.56318
1.56263
1.56205
1.56144
1.5608
1.56013
1.55943
1.55869
1.55793
1.55712
1.55629
1.55542
1.55452
1.55358
1.55261
1.55161
1.55057
1.54951
1.54841
1.54728
1.54612
1.54494
1.54373
1.54249
1.54123
1.53994
1.53864
1.53731
1.53597
1.53461
1.53325
1.53187
1.53048
1.52909
1.5277
1.52631
1.52492
1.52354
1.52217
1.52081
1.51947
1.51815
1.51686
1.5156
1.51436
1.51317
1.51201
1.5109
1.50983
1.50882
1.50786
1.50696
1.50612
1.50534
1.50464
1.50401
1.50345
1.50298
1.50258
1.50227
1.50205
1.50191
1.50187
1.50192
1.50206
1.5023
1.50263
1.50307
1.5036
1.50423
1.50496
1.50579
1.50672
1.50775
1.50887
1.5101
1.51141
1.51282
1.51432
1.51591
1.51759
1.51935
1.52119
1.5231
1.52509
1.52715
1.52927
1.53145
1.53369
1.53598
1.53831
1.54068
1.54309
1.54552
1.54798
1.55045
1.55294
1.55543
1.55792
1.5604
1.56287
1.56532
1.56775
1.57015
1.57251
1.57484
1.57712
1.57934
1.58152
1.58363
1.58568
1.58767
1.58958
1.59142
1.59318
1.59485
1.59645
1.59796
1.59938
1.60072
1.60196
1.60311
1.60416
1.60512
1.60599
1.60676
1.60744
1.60803
1.60852
1.60891
1.60922
1.60944
1.60956
1.6096
1.60956
1.60943
1.60922
1.60893
1.60857
1.60814
1.60763
1.60705
1.60641
1.60571
1.60495
1.60413
1.60325
1.60233
1.60136
1.60034
1.59927
1.59817
1.59703
1.59585
1.59464
1.5934
1.59213
1.59083
1.58951
1.58817
1.5868
1.58542
1.58402
1.58261
1.58119
1.57976
1.57833
1.57689
1.57544
1.574
1.57256
1.57113
1.5697
1.56828
1.56687
1.56548
1.5641
1.56275
1.56141
1.5601
1.55881
1.55755
1.55631
1.55511
1.55394
1.55281
1.55171
1.55065
1.54963
1.54866
1.54772
1.54683
1.54598
1.54518
1.54442
1.54372
1.54306
1.54246
1.5419
1.5414
1.54095
1.54055
1.5402
1.53992
1.53968
1.53951
1.53939
1.53932
1.53932
1.53937
1.53947
1.53964
1.53987
1.54015
1.54049
1.54088
1.54134
1.54185
1.54241
1.54303
1.54371
1.54443
1.54521
1.54604
1.54691
1.54783
1.5488
1.54981
1.55086
1.55195
1.55307
1.55423
1.55542
1.55664
1.55788
1.55915
1.56044
1.56175
1.56307
1.5644
1.56574
1.56709
1.56845
1.5698
1.57116
1.57251
1.57385
1.57519
1.57651
1.57782
1.57911
1.58039
1.58165
1.58288
1.58409
1.58528
1.58643
1.58756
1.58866
1.58973
1.59077
1.59178
1.59275
1.59368
1.59458
1.59544
1.59627
1.59706
1.59781
1.59852
1.59919
1.59983
1.60042
1.60098
1.6015
1.60198
1.60242
1.60282
1.60319
1.60351
1.6038
1.60405
1.60426
1.60444
1.60458
1.60468
1.60475
1.60478
1.60477
1.60473
1.60466
1.60455
1.60441
1.60423
1.60402
1.60379
1.60351
1.60321
1.60288
1.60252
1.60213
1.6017
1.60125
1.60078
1.60027
1.59974
1.59918
1.5986
1.59799
1.59736
1.5967
1.59602
1.59531
1.59458
1.59383
1.59305
1.59225
1.59143
1.59059
1.58972
1.58884
1.58793
1.587
1.58605
1.58507
1.58408
1.58306
1.58202
1.58096
1.57988
1.57877
1.57765
1.5765
1.57533
1.57414
1.57293
1.5717
1.57044
1.56917
1.56788
1.56657
1.56524
1.5639
1.56254
1.56116
1.55978
1.55838
1.55697
1.55555
1.55412
1.5527
1.55126
1.54983
1.5484
1.54698
1.54557
1.54416
1.54277
1.54139
1.54004
1.5387
1.5374
1.53612
1.53487
1.53366
1.53249
1.53136
1.53028
1.52924
1.52826
1.52734
1.52647
1.52566
1.52492
1.52424
1.52363
1.5231
1.52263
1.52225
1.52194
1.52171
1.52156
1.5215
1.52151
1.52161
1.5218
1.52207
1.52242
1.52286
1.52339
1.524
1.52469
1.52547
1.52633
1.52726
1.52828
1.52937
1.53054
1.53178
1.53309
1.53447
1.53591
1.53741
1.53898
1.5406
1.54227
1.54399
1.54576
1.54757
1.54942
1.5513
1.55321
1.55515
1.55711
1.55909
1.56108
1.56309
1.5651
1.56711
1.56912
1.57112
1.57311
1.5751
1.57706
1.579
1.58092
1.58281
1.58466
1.58648
1.58827
1.59001
1.5917
1.59335
1.59495
1.5965
1.59798
1.59941
1.60079
1.60209
1.60333
1.60451
1.60561
1.60665
1.60761
1.6085
1.60931
1.61005
1.6107
1.61128
1.61177
1.61219
1.61252
1.61277
1.61293
1.61301
1.61301
1.61292
1.61275
1.61249
1.61214
1.61171
1.6112
1.6106
1.60992
1.60915
1.60831
1.60738
1.60638
1.60529
1.60413
1.6029
1.60159
1.60021
1.59876
1.59725
1.59567
1.59403
1.59234
1.59059
1.58878
1.58693
1.58504
1.5831
1.58113
1.57912
1.57708
1.57502
1.57293
1.57083
1.56872
1.5666
1.56448
1.56236
1.56025
1.55814
1.55606
1.55399
1.55195
1.54994
1.54796
1.54602
1.54412
1.54227
1.54047
1.53873
1.53704
1.53541
1.53384
1.53235
1.53092
1.52956
1.52827
1.52706
1.52593
1.52487
1.52389
1.52299
1.52217
1.52143
1.52076
1.52017
1.51966
1.51923
1.51886
1.51858
1.51836
1.51821
1.51813
1.51811
1.51816
1.51827
1.51843
1.51865
1.51893
1.51926
1.51963
1.52005
1.52052
1.52103
1.52157
1.52216
1.52278
1.52343
1.52412
1.52483
1.52558
1.52635
1.52715
1.52797
1.52881
1.52968
1.53057
1.53147
1.53239
1.53333
1.53429
1.53525
1.53623
1.53722
1.53822
1.53923
1.54024
1.54126
1.54228
1.5433
1.54433
1.54534
1.54636
1.54737
1.54837
1.54936
1.55033
1.5513
1.55225
1.55318
1.55409
1.55499
1.55586
1.55671
1.55754
1.55834
1.55911
1.55986
1.56059
1.56128
1.56195
1.56259
1.56321
1.5638
1.56436
1.56489
1.5654
1.56588
1.56634
1.56678
1.56719
1.56758
1.56794
1.56829
1.56862
1.56892
1.56921
1.56948
1.56973
1.56996
1.57017
1.57036
1.57054
1.5707
1.57084
1.57096
1.57106
1.57114
1.5712
1.57123
1.57125
1.57124
1.5712
1.57114
1.57106
1.57094
1.5708
1.57063
1.57043
1.5702
1.56994
1.56965
1.56932
1.56897
1.56859
1.56817
1.56773
1.56726
1.56676
1.56623
1.56568
1.5651
1.5645
1.56388
1.56325
1.56259
1.56192
1.56123
1.56054
1.55983
1.55912
1.5584
1.55768
1.55696
1.55623
1.55551
1.5548
1.55409
1.55339
1.5527
1.55201
1.55135
1.55069
1.55005
1.54943
1.54882
1.54824
1.54768
1.54714
1.54662
1.54613
1.54566
1.54523
1.54482
1.54445
1.5441
1.5438
1.54352
1.54329
1.5431
1.54294
1.54283
1.54276
1.54274
1.54276
1.54283
1.54295
1.54312
1.54334
1.54361
1.54393
1.54431
1.54473
1.54521
1.54574
1.54632
1.54694
1.54762
1.54834
1.54911
1.54992
1.55077
1.55166
1.55258
1.55354
1.55452
1.55553
1.55657
1.55762
1.55869
1.55976
1.56085
1.56193
1.56301
1.56409
1.56515
1.5662
1.56723
1.56824
1.56922
1.57016
1.57107
1.57195
1.57278
1.57356
1.5743
1.57499
1.57562
1.5762
1.57672
1.57718
1.57758
1.57792
1.57819
1.5784
1.57855
1.57864
1.57866
1.57862
1.57852
1.57836
1.57814
1.57786
1.57752
1.57713
1.57668
1.57619
1.57564
1.57505
1.57442
1.57375
1.57303
1.57228
1.5715
1.57069
1.56985
1.56899
1.5681
1.5672
1.56628
1.56534
1.5644
1.56345
1.56249
1.56153
1.56057
1.55961
1.55865
1.5577
1.55676
1.55583
1.55491
1.55401
1.55312
1.55225
1.5514
1.55057
1.54977
1.54898
1.54823
1.54749
1.54679
1.54611
1.54546
1.54483
1.54424
1.54368
1.54315
1.54264
1.54217
1.54173
1.54132
1.54094
1.54059
1.54026
1.53997
1.5397
1.53946
1.53924
1.53905
1.53889
1.53874
1.53862
1.53851
1.53842
1.53835
1.53829
1.53824
1.53821
1.53818
1.53816
1.53814
1.53813
1.53811
1.5381
1.53808
1.53805
1.53802
1.53798
1.53793
1.53786
1.53778
1.53769
1.53757
1.53744
1.53729
1.53711
1.53692
1.5367
1.53646
1.5362
1.53591
1.5356
1.53527
1.53491
1.53453
1.53413
1.53371
1.53327
1.53281
1.53234
1.53185
1.53135
1.53083
1.53031
1.52978
1.52925
1.52871
1.52818
1.52764
1.52711
1.52659
1.52607
1.52557
1.52508
1.5246
1.52414
1.52371
1.52329
1.5229
1.52253
1.52219
1.52188
1.5216
1.52135
1.52113
1.52095
1.52081
1.5207
1.52064
1.52061
1.52062
1.52068
1.52079
1.52093
1.52113
1.52137
1.52166
1.52199
1.52238
1.52282
1.52331
1.52385
1.52445
1.5251
1.5258
1.52655
1.52736
1.52822
1.52913
1.5301
1.53111
1.53218
1.5333
1.53446
1.53567
1.53693
1.53823
1.53957
1.54095
1.54237
1.54382
1.54531
1.54682
1.54837
1.54993
1.55152
1.55313
1.55475
1.55638
1.55803
1.55967
1.56133
1.56298
1.56462
1.56626
1.5679
1.56951
1.57111
1.5727
1.57426
1.57579
1.5773
1.57878
1.58023
1.58164
1.58301
1.58434
1.58564
1.58688
1.58809
1.58924
1.59035
1.59141
1.59242
1.59337
1.59428
1.59513
1.59593
1.59667
1.59736
1.598
1.59858
1.59911
1.59959
1.60002
1.6004
1.60073
1.60101
1.60125
1.60144
1.60159
1.60169
1.60176
1.60179
1.60178
1.60174
1.60167
1.60157
1.60145
1.60129
1.60112
1.60093
1.60071
1.60049
1.60025
1.59999
1.59973
1.59946
1.59918
1.5989
1.59862
1.59833
1.59805
1.59777
1.59749
1.59722
1.59695
1.59669
1.59643
1.59619
1.59595
1.59572
1.59549
1.59528
1.59508
1.59488
1.59469
1.59451
1.59433
1.59416
1.594
1.59384
1.59369
1.59353
1.59338
1.59323
1.59308
1.59292
1.59277
1.5926
1.59243
1.59226
1.59207
1.59187
1.59167
1.59144
1.59121
1.59096
1.59069
1.59041
1.59011
1.58978
1.58944
1.58908
1.58869
1.58828
1.58785
1.58739
1.5869
1.5864
1.58586
1.5853
1.58471
1.5841
1.58346
1.58279
1.5821
1.58138
1.58063
1.57986
1.57906
1.57823
1.57739
1.57651
1.57562
1.5747
1.57376
1.5728
1.57182
1.57082
1.5698
1.56877
1.56772
1.56666
1.56559
1.56451
1.56342
1.56233
1.56123
1.56012
1.55902
1.55792
1.55683
1.55574
1.55465
1.55358
1.55253
1.55148
1.55046
1.54945
1.54847
1.54751
1.54658
1.54568
1.5448
1.54396
1.54316
1.54239
1.54166
1.54098
1.54033
1.53972
1.53916
1.53865
1.53817
1.53775
1.53737
1.53704
1.53675
1.53651
1.53632
1.53618
1.53607
1.53602
1.53601
1.53604
1.53611
1.53622
1.53638
1.53657
1.5368
1.53706
1.53736
1.53769
1.53806
1.53845
1.53888
1.53933
1.5398
1.5403
1.54083
1.54137
1.54194
1.54253
1.54313
1.54375
1.54438
1.54503
1.54569
1.54637
1.54705
1.54774
1.54844
1.54915
1.54986
1.55058
1.5513
1.55202
1.55274
1.55347
1.55419
1.55491
1.55563
1.55635
1.55706
1.55777
1.55847
1.55917
1.55986
1.56054
1.56121
1.56188
1.56254
1.56319
1.56384
1.56447
1.5651
1.56572
1.56633
1.56694
1.56754
1.56813
1.56871
1.56929
1.56987
1.57043
1.571
1.57156
1.57212
1.57267
1.57322
1.57377
1.57432
1.57486
1.5754
1.57594
1.57648
1.57702
1.57756
1.57809
1.57863
1.57916
1.57968
1.58021
1.58073
1.58124
1.58176
1.58226
1.58277
1.58326
1.58375
1.58424
1.58471
1.58518
1.58564
1.58609
1.58653
1.58696
1.58739
1.5878
1.5882
1.58859
1.58897
1.58934
1.58969
1.59004
1.59037
1.59069
1.59099
1.59129
1.59157
1.59184
1.59209
1.59233
1.59256
1.59278
1.59298
1.59317
1.59335
1.59351
1.59366
1.5938
1.59393
1.59405
1.59415
1.59424
1.59433
1.5944
1.59446
1.5945
1.59454
1.59457
1.59458
1.59458
1.59457
1.59455
1.59452
1.59447
1.59441
1.59433
1.59424
1.59414
1.59401
1.59387
1.59371
1.59353
1.59333
1.5931
1.59285
1.59258
1.59228
1.59195
1.59159
1.5912
1.59078
1.59032
1.58983
1.5893
1.58873
1.58812
1.58748
1.58679
1.58606
1.58529
1.58448
1.58362
1.58272
1.58177
1.58078
1.57974
1.57866
1.57753
1.57636
1.57515
1.57389
1.57259
1.57125
1.56986
1.56844
1.56697
1.56547
1.56393
1.56235
1.56074
1.55909
1.55742
1.55571
1.55397
1.55221
1.55042
1.54861
1.54677
1.54492
1.54305
1.54116
1.53926
1.53735
1.53543
1.53351
1.53159
1.52966
1.52774
1.52583
1.52393
1.52204
1.52017
1.51831
1.51649
1.51469
1.51292
1.51119
1.5095
1.50786
1.50626
1.50472
1.50323
1.5018
1.50044
1.49915
1.49793
1.49678
1.49572
1.49474
1.49386
1.49306
1.49236
1.49176
1.49126
1.49087
1.49058
1.4904
1.49034
1.4904
1.49057
1.49086
1.49127
1.49181
1.49247
1.49325
1.49415
1.49519
1.49634
1.49762
1.49902
1.50054
1.50218
1.50394
1.50581
1.5078
1.50989
1.51208
1.51438
1.51677
1.51925
1.52181
1.52446
1.52717
1.52996
1.5328
1.5357
1.53865
1.54163
1.54466
1.54771
1.55078
1.55386
1.55696
1.56006
1.56315
1.56623
1.5693
1.57235
1.57537
1.57836
1.58131
1.58423
1.5871
1.58992
1.59269
1.59541
1.59808
1.60068
1.60322
1.6057
1.60811
1.61046
1.61273
1.61494
1.61707
1.61913
1.62112
1.62304
1.62488
1.62664
1.62833
1.62994
1.63148
1.63293
1.63431
1.63562
1.63684
1.63799
1.63906
1.64005
1.64097
1.6418
1.64256
1.64324
1.64385
1.64437
1.64482
1.6452
1.64549
1.64572
1.64586
1.64593
1.64593
1.64586
1.64571
1.6455
1.64521
1.64486
1.64443
1.64395
1.6434
1.64278
1.64211
1.64138
1.64059
1.63975
1.63886
1.63792
1.63693
1.6359
1.63483
1.63372
1.63258
1.63141
1.63021
1.62898
1.62773
1.62646
1.62518
1.62388
1.62257
1.62126
1.61994
1.61862
1.61731
1.61599
1.61468
1.61338
1.61208
1.6108
1.60953
1.60827
1.60703
1.6058
1.60458
1.60338
1.6022
1.60103
1.59987
1.59873
1.5976
1.59648
1.59538
1.59429
1.5932
1.59212
1.59106
1.58999
1.58893
1.58788
1.58683
1.58578
1.58473
1.58369
1.58264
1.58159
1.58055
1.5795
1.57845
1.5774
1.57635
1.57531
1.57426
1.57321
1.57216
1.57112
1.57008
1.56905
1.56802
1.56699
1.56598
1.56497
1.56397
1.56298
1.562
1.56104
1.56008
1.55915
1.55822
1.55732
1.55643
1.55555
1.5547
1.55386
1.55304
1.55225
1.55147
1.55071
1.54998
1.54926
1.54856
1.54789
1.54723
1.5466
1.54598
1.54538
1.5448
1.54424
1.54369
1.54317
1.54265
1.54215
1.54167
1.54119
1.54073
1.54028
1.53984
1.53941
1.53899
1.53858
1.53818
1.53778
1.5374
1.53701
1.53664
1.53627
1.53591
1.53556
1.53521
1.53487
1.53453
1.5342
1.53388
1.53357
1.53327
1.53297
1.53269
1.53241
1.53214
1.53188
1.53163
1.53139
1.53116
1.53094
1.53073
1.53053
1.53034
1.53016
1.52999
1.52983
1.52967
1.52952
1.52938
1.52925
1.52912
1.529
1.52889
1.52877
1.52866
1.52856
1.52845
1.52835
1.52824
1.52814
1.52803
1.52792
1.52781
1.5277
1.52758
1.52745
1.52732
1.52718
1.52704
1.52689
1.52672
1.52656
1.52638
1.52619
1.52599
1.52578
1.52556
1.52533
1.52508
1.52483
1.52456
1.52428
1.52399
1.52369
1.52337
1.52305
1.52271
1.52236
1.52199
1.52162
1.52124
1.52084
1.52044
1.52003
1.51961
1.51918
1.51875
1.51831
1.51787
1.51743
1.51699
1.51655
1.51611
1.51568
1.51525
1.51484
1.51443
1.51404
1.51367
1.51331
1.51297
1.51266
1.51237
1.51211
1.51189
1.51169
1.51153
1.51141
1.51134
1.5113
1.51131
1.51137
1.51148
1.51164
1.51185
1.51212
1.51245
1.51284
1.51328
1.51378
1.51434
1.51497
1.51565
1.51639
1.51719
1.51805
1.51897
1.51994
1.52096
1.52204
1.52317
1.52435
1.52557
1.52684
1.52815
1.52949
1.53087
1.53229
1.53373
1.5352
1.53669
1.5382
1.53973
1.54127
1.54282
1.54438
1.54594
1.54751
1.54908
1.55064
1.55219
1.55374
1.55527
1.5568
1.5583
1.55979
1.56125
1.5627
1.56412
1.56551
1.56687
1.56821
1.56951
1.57078
1.57202
1.57322
1.57438
1.57551
1.57659
1.57764
1.57864
1.57961
1.58052
1.5814
1.58223
1.58301
1.58374
1.58443
1.58507
1.58566
1.58621
1.5867
1.58714
1.58753
1.58787
1.58815
1.58838
1.58856
1.58869
1.58876
1.58878
1.58874
1.58864
1.5885
1.58829
1.58803
1.58772
1.58735
1.58693
1.58645
1.58592
1.58534
1.58471
1.58402
1.58329
1.58252
1.5817
1.58084
1.57994
1.579
1.57803
1.57702
1.57599
1.57494
1.57387
1.57278
1.57167
1.57056
1.56945
1.56833
1.56722
1.56612
1.56503
1.56395
1.5629
1.56187
1.56088
1.55991
1.55899
1.5581
1.55726
1.55646
1.55571
1.55501
1.55436
1.55377
1.55324
1.55276
1.55234
1.55198
1.55168
1.55143
1.55125
1.55113
1.55107
1.55106
1.55112
1.55123
1.5514
1.55162
1.55191
1.55225
1.55264
1.55309
1.55359
1.55415
1.55476
1.55542
1.55613
1.5569
1.55772
1.55859
1.55951
1.56048
1.5615
1.56257
1.56368
1.56485
1.56606
1.56731
1.56861
1.56995
1.57134
1.57276
1.57422
1.57571
1.57724
1.5788
1.58039
1.582
1.58363
1.58529
1.58696
1.58864
1.59034
1.59204
1.59375
1.59545
1.59716
1.59886
1.60054
1.60222
1.60388
1.60551
1.60713
1.60872
1.61028
1.61181
1.61331
1.61477
1.61619
1.61756
1.6189
1.62019
1.62143
1.62262
1.62376
1.62485
1.62588
1.62686
1.62779
1.62866
1.62947
1.63022
1.63092
1.63156
1.63214
1.63266
1.63313
1.63354
1.63389
1.63418
1.63443
1.63461
1.63475
1.63483
1.63486
1.63484
1.63477
1.63466
1.6345
1.63429
1.63404
1.63375
1.63341
1.63304
1.63263
1.63219
1.6317
1.63119
1.63064
1.63006
1.62945
1.62882
1.62815
1.62746
1.62674
1.626
1.62524
1.62445
1.62364
1.62281
1.62196
1.6211
1.62021
1.61931
1.61839
1.61746
1.61651
1.61555
1.61458
1.61359
1.61259
1.61158
1.61056
1.60953
1.6085
1.60745
1.6064
1.60534
1.60427
1.60321
1.60213
1.60106
1.59998
1.5989
1.59782
1.59675
1.59567
1.59459
1.59352
1.59245
1.59139
1.59033
1.58928
1.58823
1.58719
1.58616
1.58514
1.58413
1.58312
1.58213
1.58114
1.58017
1.57921
1.57826
1.57732
1.57639
1.57547
1.57457
1.57367
1.57279
1.57192
1.57106
1.57021
1.56937
1.56854
1.56773
1.56692
1.56612
1.56534
1.56456
1.56379
1.56303
1.56228
1.56154
1.56081
1.56009
1.55938
1.55867
1.55798
1.5573
1.55662
1.55596
1.55531
1.55467
1.55404
1.55343
1.55283
1.55225
1.55169
1.55114
1.55061
1.5501
1.54961
1.54914
1.54869
1.54827
1.54788
1.54751
1.54717
1.54686
1.54658
1.54633
1.54611
1.54592
1.54577
1.54564
1.54556
1.5455
1.54548
1.5455
1.54554
1.54563
1.54574
1.54589
1.54606
1.54627
1.54651
1.54678
1.54707
1.54739
1.54774
1.5481
1.54849
1.5489
1.54932
1.54976
1.55022
1.55068
1.55116
1.55164
1.55213
1.55262
1.55311
1.5536
1.55409
1.55458
1.55505
1.55552
1.55598
1.55643
1.55686
1.55728
1.55768
1.55806
1.55843
1.55877
1.55909
1.55938
1.55965
1.55989
1.56011
1.5603
1.56045
1.56058
1.56068
1.56075
1.56078
1.56078
1.56075
1.56069
1.5606
1.56047
1.56031
1.56012
1.55989
1.55963
1.55935
1.55903
1.55868
1.5583
1.5579
1.55746
1.55701
1.55653
1.55602
1.5555
1.55495
1.55439
1.55381
1.55322
1.55261
1.552
1.55137
1.55074
1.55011
1.54948
1.54884
1.54821
1.54758
1.54696
1.54634
1.54574
1.54515
1.54457
1.544
1.54345
1.54292
1.54241
1.54192
1.54145
1.541
1.54058
1.54017
1.53979
1.53944
1.5391
1.53879
1.5385
1.53824
1.53799
1.53777
1.53757
1.53738
1.53722
1.53707
1.53693
1.53681
1.53671
1.53661
1.53652
1.53645
1.53638
1.53631
1.53625
1.53619
1.53613
1.53607
1.53601
1.53595
1.53588
1.5358
1.53572
1.53563
1.53553
1.53542
1.5353
1.53517
1.53502
1.53487
1.5347
1.53452
1.53433
1.53412
1.53391
1.53368
1.53345
1.5332
1.53295
1.53269
1.53243
1.53216
1.53189
1.53162
1.53136
1.5311
1.53084
1.5306
1.53036
1.53015
1.52995
1.52977
1.52961
1.52949
1.52939
1.52933
1.5293
1.52932
1.52938
1.52948
1.52964
1.52985
1.53012
1.53044
1.53083
1.53128
1.5318
1.5324
1.53306
1.53379
1.5346
1.53549
1.53645
1.53749
1.5386
1.5398
1.54107
1.54241
1.54383
1.54532
1.54688
1.54851
1.5502
1.55196
1.55378
1.55565
1.55757
1.55954
1.56155
1.5636
1.56568
1.56779
1.56993
1.57208
1.57425
1.57642
1.5786
1.58078
1.58295
1.5851
1.58724
1.58936
1.59145
1.5935
1.59553
1.59751
1.59944
1.60133
1.60317
1.60495
1.60668
1.60834
1.60994
1.61147
1.61294
1.61433
1.61566
1.61691
1.61808
1.61918
1.62021
1.62116
1.62203
1.62283
1.62355
1.6242
1.62477
1.62527
1.62569
1.62604
1.62632
1.62653
1.62667
1.62675
1.62676
1.62671
1.62659
1.62642
1.62618
1.62589
1.62555
1.62515
1.6247
1.6242
1.62365
1.62305
1.62242
1.62173
1.62101
1.62025
1.61945
1.61861
1.61774
1.61683
1.61589
1.61492
1.61392
1.61289
1.61183
1.61075
1.60964
1.60851
1.60735
1.60617
1.60497
1.60375
1.60251
1.60125
1.59997
1.59866
1.59734
1.596
1.59463
1.59325
1.59184
1.59041
1.58895
1.58747
1.58596
1.58442
1.58286
1.58126
1.57963
1.57796
1.57627
1.57453
1.57276
1.57094
1.56909
1.5672
1.56526
1.56329
1.56127
1.55921
1.55711
1.55498
1.5528
1.55059
1.54834
1.54606
1.54376
1.54142
1.53906
1.53668
1.53428
1.53187
1.52946
1.52703
1.52461
1.52219
1.51978
1.51739
1.51501
1.51266
1.51033
1.50804
1.50579
1.50358
1.50142
1.49932
1.49727
1.49528
1.49335
1.4915
1.48971
1.48801
1.48638
1.48483
1.48336
1.48199
1.48069
1.47949
1.47838
1.47736
1.47643
1.47559
1.47484
1.47418
1.47362
1.47314
1.47276
1.47246
1.47224
1.47211
1.47206
1.47209
1.4722
1.47238
1.47263
1.47296
1.47335
1.4738
1.47432
1.47489
1.47552
1.4762
1.47693
1.4777
1.47852
1.47938
1.48027
1.4812
1.48216
1.48314
1.48416
1.48519
1.48625
1.48732
1.4884
1.4895
1.49061
1.49172
1.49284
1.49396
1.49508
1.49619
1.4973
1.4984
1.49949
1.50058
1.50164
1.50269
1.50373
1.50474
1.50574
1.50672
1.50767
1.50859
1.5095
1.51037
1.51122
1.51205
1.51284
1.51361
1.51435
1.51506
1.51575
1.51641
1.51704
1.51765
1.51823
1.51879
1.51933
1.51984
1.52034
1.52082
1.52128
1.52173
1.52216
1.52259
1.523
1.52341
1.52382
1.52422
1.52462
1.52502
1.52542
1.52583
1.52625
1.52667
1.5271
1.52755
1.528
1.52847
1.52895
1.52945
1.52996
1.5305
1.53104
1.53161
1.53219
1.53279
1.53341
1.53405
1.5347
1.53537
1.53605
1.53675
1.53747
1.5382
1.53894
1.5397
1.54047
1.54124
1.54203
1.54283
1.54363
1.54444
1.54526
1.54608
1.54691
1.54774
1.54857
1.5494
1.55024
1.55107
1.5519
1.55273
1.55355
1.55438
1.55519
1.556
1.55681
1.5576
1.55839
1.55916
1.55992
1.56067
1.56141
1.56213
1.56284
1.56352
1.56418
1.56483
1.56545
1.56604
1.56661
1.56715
1.56766
1.56813
1.56858
1.56899
1.56936
1.56969
1.56999
1.57024
1.57045
1.57062
1.57074
1.57082
1.57086
1.57084
1.57078
1.57068
1.57052
1.57032
1.57007
1.56978
1.56944
1.56905
1.56862
1.56814
1.56762
1.56706
1.56645
1.56581
1.56512
1.5644
1.56365
1.56285
1.56203
1.56117
1.56028
1.55936
1.55841
1.55744
1.55644
1.55542
1.55438
1.55332
1.55225
1.55115
1.55004
1.54892
1.54779
1.54664
1.54549
1.54433
1.54317
1.54201
1.54084
1.53968
1.53851
1.53736
1.53621
1.53506
1.53393
1.53281
1.5317
1.53061
1.52954
1.52849
1.52746
1.52645
1.52547
1.52452
1.52359
1.5227
1.52184
1.52101
1.52023
1.51947
1.51876
1.51809
1.51746
1.51687
1.51633
1.51584
1.51539
1.51498
1.51463
1.51432
1.51407
1.51386
1.5137
1.5136
1.51354
1.51354
1.51359
1.51369
1.51384
1.51405
1.5143
1.51461
1.51497
1.51538
1.51584
1.51635
1.51691
1.51751
1.51817
1.51888
1.51963
1.52043
1.52128
1.52217
1.52311
1.52409
1.52512
1.52619
1.5273
1.52845
1.52964
1.53087
1.53214
1.53344
1.53478
1.53616
1.53757
1.53901
1.54049
1.54199
1.54352
1.54508
1.54667
1.54828
1.54991
1.55157
1.55325
1.55495
1.55666
1.55839
1.56014
1.5619
1.56368
1.56546
1.56725
1.56905
1.57086
1.57267
1.57448
1.57629
1.57811
1.57991
1.58172
1.58351
1.5853
1.58708
1.58884
1.59058
1.59231
1.59402
1.5957
1.59736
1.59899
1.60059
1.60215
1.60369
1.60518
1.60663
1.60805
1.60942
1.61074
1.61201
1.61323
1.6144
1.61552
1.61659
1.61759
1.61854
1.61944
1.62027
1.62105
1.62177
1.62243
1.62303
1.62357
1.62405
1.62448
1.62485
1.62517
1.62543
1.62563
1.62579
1.62589
1.62594
1.62593
1.62588
1.62578
1.62563
1.62542
1.62517
1.62487
1.62453
1.62413
1.62368
1.62318
1.62263
1.62203
1.62137
1.62067
1.61991
1.61909
1.61822
1.61729
1.6163
1.61525
1.61415
1.61299
1.61176
1.61048
1.60913
1.60772
1.60626
1.60473
1.60314
1.60149
1.59979
1.59802
1.59621
1.59433
1.5924
1.59042
1.58839
1.58631
1.58418
1.58201
1.5798
1.57755
1.57526
1.57294
1.57058
1.5682
1.56579
1.56336
1.56091
1.55845
1.55597
1.55348
1.55099
1.5485
1.54601
1.54352
1.54104
1.53858
1.53614
1.53371
1.53131
1.52894
1.52661
1.52431
1.52205
1.51984
1.51768
1.51557
1.51352
1.51153
1.50961
1.50776
1.50598
1.50428
1.50266
1.50112
1.49967
1.49831
1.49704
1.49587
1.4948
1.49382
1.49294
1.49217
1.4915
1.49093
1.49047
1.49011
1.48986
1.4897
1.48965
1.4897
1.48985
1.4901
1.49044
1.49087
1.49139
1.492
1.49269
1.49345
1.49429
1.49521
1.49619
1.49723
1.49833
1.49948
1.50068
1.50192
1.5032
1.50451
1.50586
1.50723
1.50861
1.51001
1.51143
1.51284
1.51426
1.51568
1.51709
1.51848
1.51987
1.52123
1.52257
1.52389
1.52517
1.52643
1.52765
1.52883
1.52998
1.53108
1.53214
1.53315
1.53412
1.53503
1.5359
1.53671
1.53747
1.53818
1.53884
1.53944
1.53999
1.54048
1.54092
1.5413
1.54163
1.54191
1.54213
1.54231
1.54243
1.5425
1.54252
1.5425
1.54243
1.54232
1.54217
1.54198
1.54175
1.54148
1.54118
1.54085
1.54049
1.54011
1.5397
1.53927
1.53882
1.53836
1.53788
1.53739
1.5369
1.5364
1.5359
1.5354
1.5349
1.53441
1.53393
1.53346
1.53301
1.53257
1.53215
1.53176
1.53139
1.53105
1.53074
1.53046
1.53022
1.53002
1.52986
1.52974
1.52967
1.52965
1.52968
1.52976
1.52989
1.53009
1.53034
1.53065
1.53102
1.53146
1.53196
1.53253
1.53317
1.53387
1.53464
1.53548
1.5364
1.53737
1.53842
1.53954
1.54072
1.54197
1.54328
1.54465
1.54609
1.54758
1.54913
1.55073
1.55238
1.55408
1.55582
1.5576
1.55941
1.56126
1.56313
1.56502
1.56694
1.56886
1.57079
1.57272
1.57466
1.57658
1.57849
1.58039
1.58226
1.58411
1.58592
1.5877
1.58944
1.59113
1.59278
1.59437
1.5959
1.59737
1.59878
1.60012
1.60139
1.60258
1.60371
1.60475
1.60572
1.6066
1.6074
1.60812
1.60876
1.60931
1.60977
1.61016
1.61045
1.61067
1.6108
1.61084
1.61081
1.6107
1.6105
1.61023
1.60989
1.60947
1.60898
1.60842
1.6078
1.60711
1.60635
1.60554
1.60467
1.60374
1.60277
1.60174
1.60067
1.59955
1.5984
1.5972
1.59597
1.59471
1.59342
1.5921
1.59076
1.5894
1.58803
1.58664
1.58524
1.58384
1.58243
1.58102
1.57961
1.57821
1.57682
1.57544
1.57408
1.57274
1.57141
1.57012
1.56885
1.56761
1.56641
1.56524
1.56411
1.56303
1.56198
1.56099
1.56004
1.55915
1.55831
1.55752
1.55679
1.55612
1.55551
1.55496
1.55446
1.55403
1.55367
1.55336
1.55312
1.55294
1.55283
1.55277
1.55278
1.55285
1.55298
1.55317
1.55341
1.55372
1.55407
1.55448
1.55494
1.55545
1.55601
1.55661
1.55726
1.55794
1.55867
1.55942
1.56021
1.56103
1.56188
1.56274
1.56363
1.56454
1.56545
1.56638
1.56732
1.56825
1.56919
1.57012
1.57105
1.57197
1.57287
1.57375
1.57462
1.57546
1.57627
1.57705
1.5778
1.57851
1.57918
1.5798
1.58038
1.58091
1.5814
1.58182
1.58219
1.58251
1.58276
1.58296
1.58309
1.58316
1.58316
1.5831
1.58298
1.58279
1.58253
1.58221
1.58182
1.58137
1.58085
1.58028
1.57964
1.57894
1.57819
1.57738
1.57651
1.5756
1.57464
1.57363
1.57257
1.57148
1.57034
1.56918
1.56798
1.56675
1.56549
1.56421
1.56291
1.56159
1.56026
1.55892
1.55757
1.55621
1.55485
1.55348
1.55212
1.55076
1.5494
1.54806
1.54672
1.54539
1.54407
1.54276
1.54147
1.54019
1.53892
1.53768
1.53644
1.53523
1.53403
1.53284
1.53167
1.53052
1.52939
1.52827
1.52716
1.52607
1.525
1.52394
1.52289
1.52186
1.52085
1.51985
1.51886
1.51789
1.51693
1.51599
1.51506
1.51415
1.51326
1.51239
1.51153
1.51069
1.50988
1.50908
1.50831
1.50756
1.50684
1.50614
1.50546
1.50482
1.5042
1.50362
1.50306
1.50254
1.50205
1.50159
1.50116
1.50076
1.5004
1.50007
1.49978
1.49952
1.49928
1.49908
1.49891
1.49878
1.49867
1.49858
1.49853
1.4985
1.49849
1.49851
1.49855
1.49861
1.49869
1.49879
1.4989
1.49903
1.49918
1.49934
1.49951
1.49969
1.49988
1.50008
1.5003
1.50052
1.50075
1.50098
1.50123
1.50148
1.50174
1.502
1.50227
1.50255
1.50283
1.50313
1.50342
1.50373
1.50404
1.50436
1.50468
1.50502
1.50536
1.50571
1.50606
1.50643
1.5068
1.50719
1.50758
1.50798
1.50838
1.5088
1.50923
1.50966
1.51011
1.51056
1.51103
1.5115
1.51198
1.51247
1.51297
1.51348
1.514
1.51452
1.51505
1.51559
1.51614
1.51669
1.51725
1.51781
1.51837
1.51894
1.51952
1.52009
1.52066
1.52124
1.52181
1.52238
1.52294
1.5235
1.52405
1.5246
1.52513
1.52565
1.52616
1.52666
1.52714
1.5276
1.52805
1.52848
1.52889
1.52927
1.52964
1.52998
1.5303
1.5306
1.53087
1.53112
1.53135
1.53156
1.53175
1.53191
1.53206
1.53219
1.53231
1.53242
1.53252
1.53262
1.53271
1.53281
1.53291
1.53302
1.53314
1.53329
1.53345
1.53364
1.53386
1.53411
1.53439
1.53471
1.53508
1.53548
1.53593
1.53643
1.53697
1.53756
1.53819
1.53886
1.53958
1.54034
1.54113
1.54196
1.54282
1.54371
1.54462
1.54556
1.54651
1.54747
1.54844
1.54942
1.55039
1.55137
1.55233
1.55328
1.55422
1.55514
1.55603
1.5569
1.55775
1.55856
1.55934
1.56009
1.56079
1.56146
1.5621
1.56269
1.56323
1.56374
1.5642
1.56462
1.56499
1.56532
1.5656
1.56584
1.56603
1.56619
1.56629
1.56636
1.56638
1.56636
1.5663
1.5662
1.56606
1.56588
1.56566
1.56541
1.56512
1.5648
1.56444
1.56405
1.56363
1.56317
1.56268
1.56216
1.56162
1.56104
1.56044
1.5598
1.55914
1.55845
1.55774
1.557
1.55623
1.55544
1.55462
1.55377
1.5529
1.552
1.55108
1.55014
1.54917
1.54817
1.54715
1.54611
1.54504
1.54395
1.54283
1.54169
1.54053
1.53935
1.53814
1.53692
1.53568
1.53441
1.53313
1.53184
1.53053
1.5292
1.52786
1.52652
1.52516
1.5238
1.52243
1.52106
1.51969
1.51833
1.51697
1.51562
1.51428
1.51295
1.51164
1.51035
1.50908
1.50784
1.50662
1.50544
1.5043
1.50319
1.50213
1.50111
1.50014
1.49922
1.49836
1.49756
1.49682
1.49614
1.49554
1.495
1.49454
1.49415
1.49384
1.49362
1.49348
1.49342
1.49345
1.49358
1.49379
1.49409
1.49449
1.49499
1.49557
1.49626
1.49704
1.49791
1.49888
1.49994
1.50109
1.50234
1.50367
1.50509
1.5066
1.50818
1.50985
1.51158
1.51339
1.51527
1.51721
1.51921
1.52126
1.52335
1.52549
1.52767
1.52988
1.53212
1.53437
1.53664
1.53892
1.5412
1.54348
1.54575
1.54801
1.55024
1.55245
1.55462
1.55676
1.55885
1.5609
1.5629
1.56484
1.56672
1.56853
1.57028
1.57196
1.57356
1.57508
1.57652
1.57788
1.57916
1.58035
1.58145
1.58247
1.5834
1.58423
1.58498
1.58564
1.58621
1.58669
1.58708
1.58738
1.5876
1.58774
1.58779
1.58776
1.58765
1.58747
1.58721
1.58688
1.58648
1.58601
1.58548
1.58489
1.58424
1.58353
1.58278
1.58197
1.58112
1.58022
1.57929
1.57832
1.57732
1.57629
1.57523
1.57416
1.57306
1.57195
1.57082
1.56969
1.56855
1.56742
1.56628
1.56514
1.56402
1.5629
1.5618
1.56072
1.55965
1.55861
1.55759
1.5566
1.55564
1.55471
1.55381
1.55295
1.55213
1.55134
1.5506
1.5499
1.54925
1.54863
1.54807
1.54755
1.54707
1.54665
1.54627
1.54593
1.54565
1.54541
1.54521
1.54507
1.54496
1.5449
1.54488
1.5449
1.54496
1.54505
1.54518
1.54534
1.54553
1.54575
1.546
1.54626
1.54655
1.54686
1.54717
1.54751
1.54784
1.54819
1.54854
1.54889
1.54924
1.54958
1.54991
1.55024
1.55055
1.55085
1.55113
1.55139
1.55163
1.55185
1.55204
1.55221
1.55235
1.55246
1.55255
1.5526
1.55262
1.55262
1.55258
1.55251
1.55241
1.55228
1.55212
1.55192
1.5517
1.55145
1.55118
1.55088
1.55055
1.5502
1.54983
1.54944
1.54903
1.54861
1.54817
1.54772
1.54726
1.54679
1.54632
1.54585
1.54537
1.5449
1.54443
1.54397
1.54351
1.54307
1.54264
1.54222
1.54183
1.54144
1.54108
1.54074
1.54043
1.54013
1.53986
1.53962
1.5394
1.53921
1.53904
1.5389
1.53878
1.53869
1.53862
1.53858
1.53855
1.53854
1.53856
1.53859
1.53863
1.53869
1.53876
1.53883
1.53892
1.539
1.53909
1.53918
1.53927
1.53936
1.53943
1.53951
1.53957
1.53962
1.53966
1.53968
1.5397
1.53969
1.53968
1.53964
1.5396
1.53954
1.53946
1.53937
1.53928
1.53916
1.53905
1.53892
1.53879
1.53865
1.53851
1.53838
1.53825
1.53812
1.53801
1.53791
1.53782
1.53776
1.53771
1.53769
1.5377
1.53774
1.53781
1.53793
1.53808
1.53827
1.53851
1.5388
1.53914
1.53953
1.53997
1.54047
1.54103
1.54164
1.54232
1.54306
1.54386
1.54472
1.54564
1.54662
1.54767
1.54878
1.54995
1.55117
1.55246
1.55381
1.55521
1.55666
1.55817
1.55973
1.56134
1.563
1.5647
1.56645
1.56824
1.57006
1.57193
1.57382
1.57575
1.57771
1.57969
1.58169
1.58372
1.58576
1.58782
1.58989
1.59197
1.59406
1.59615
1.59824
1.60033
1.60241
1.60449
1.60655
1.60859
1.61061
1.61262
1.61459
1.61654
1.61845
1.62032
1.62216
1.62395
1.6257
1.6274
1.62904
1.63063
1.63215
1.63362
1.63502
1.63636
1.63762
1.63881
1.63993
1.64097
1.64194
1.64282
1.64363
1.64435
1.64498
1.64554
1.646
1.64638
1.64668
1.64688
1.647
1.64703
1.64698
1.64684
1.64661
1.64629
1.6459
1.64542
1.64485
1.64421
1.64349
1.64269
1.64182
1.64087
1.63985
1.63876
1.63761
1.6364
1.63512
1.63379
1.6324
1.63097
1.62948
1.62795
1.62638
1.62477
1.62313
1.62146
1.61976
1.61803
1.61629
1.61453
1.61276
1.61097
1.60918
1.60739
1.60559
1.6038
1.60201
1.60023
1.59846
1.5967
1.59495
1.59323
1.59152
1.58984
1.58817
1.58653
1.58492
1.58334
1.58178
1.58025
1.57876
1.57729
1.57587
1.57447
1.57311
1.57178
1.5705
1.56924
1.56803
1.56685
1.56571
1.56461
1.56355
1.56253
1.56155
1.5606
1.5597
1.55883
1.558
1.55721
1.55646
1.55574
1.55506
1.55442
1.55381
1.55323
1.55268
1.55217
1.55168
1.55121
1.55078
1.55036
1.54997
1.54959
1.54922
1.54887
1.54853
1.5482
1.54787
1.54754
1.54721
1.54687
1.54652
1.54616
1.54579
1.5454
1.54498
1.54454
1.54407
1.54356
1.54303
1.54245
1.54184
1.54119
1.54049
1.53974
1.53895
1.53811
1.53721
1.53627
1.53528
1.53423
1.53313
1.53198
1.53079
1.52954
1.52825
1.52691
1.52553
1.52411
1.52266
1.52117
1.51965
1.51811
1.51654
1.51496
1.51337
1.51177
1.51016
1.50856
1.50697
1.50539
1.50383
1.5023
1.50079
1.49932
1.4979
1.49651
1.49518
1.4939
1.49268
1.49153
1.49044
1.48942
1.48848
1.48762
1.48684
1.48615
1.48554
1.48502
1.48458
1.48424
1.484
1.48384
1.48378
1.48381
1.48393
1.48415
1.48446
1.48486
1.48535
1.48593
1.48659
1.48734
1.48817
1.48909
1.49008
1.49115
1.49229
1.49351
1.49479
1.49614
1.49756
1.49903
1.50057
1.50216
1.5038
1.50549
1.50723
1.50902
1.51085
1.51271
1.51462
1.51655
1.51852
1.52052
1.52254
1.52459
1.52666
1.52874
1.53084
1.53295
1.53508
1.53721
1.53934
1.54148
1.54361
1.54575
1.54787
1.54999
1.55209
1.55418
1.55626
1.55831
1.56034
1.56234
1.56432
1.56626
1.56817
1.57004
1.57187
1.57366
1.5754
1.5771
1.57874
1.58033
1.58186
1.58333
1.58475
1.58609
1.58738
1.58859
1.58974
1.59082
1.59182
1.59275
1.5936
1.59438
1.59507
1.59569
1.59623
1.59669
1.59707
1.59736
1.59758
1.59771
1.59776
1.59774
1.59763
1.59744
1.59717
1.59682
1.5964
1.59589
1.59531
1.59466
1.59393
1.59313
1.59226
1.59132
1.59031
1.58923
1.58809
1.58689
1.58562
1.5843
1.58292
1.58148
1.57999
1.57845
1.57686
1.57522
1.57354
1.57182
1.57006
1.56826
1.56643
1.56456
1.56267
1.56075
1.5588
1.55684
1.55485
1.55285
1.55084
1.54881
1.54678
1.54475
1.54271
1.54067
1.53864
1.53661
1.53459
1.53258
1.53059
1.52862
1.52666
1.52472
1.52281
1.52093
1.51908
1.51726
1.51547
1.51372
1.512
1.51033
1.5087
1.50712
1.50559
1.5041
1.50266
1.50128
1.49996
1.49869
1.49748
1.49633
1.49524
1.49422
1.49326
1.49237
1.49155
1.4908
1.49012
1.48951
1.48897
1.48851
1.48812
1.48781
1.48757
1.4874
1.48731
1.4873
1.48736
1.48749
1.4877
1.48798
1.48833
1.48875
1.48925
1.4898
1.49043
1.49111
1.49186
1.49267
1.49353
1.49445
1.49543
1.49645
1.49751
1.49863
1.49978
1.50097
1.5022
1.50346
1.50474
1.50606
1.5074
1.50876
1.51014
1.51153
1.51294
1.51435
1.51578
1.51721
1.51864
1.52007
1.5215
1.52293
1.52435
1.52576
1.52716
1.52855
1.52993
1.53129
1.53263
1.53396
1.53526
1.53655
1.53781
1.53904
1.54025
1.54143
1.54259
1.54371
1.54481
1.54587
1.5469
1.5479
1.54886
1.54979
1.55068
1.55153
1.55235
1.55312
1.55386
1.55455
1.55521
1.55582
1.5564
1.55693
1.55741
1.55786
1.55827
1.55863
1.55895
1.55923
1.55947
1.55967
1.55984
1.55996
1.56005
1.5601
1.56012
1.56011
1.56006
1.55999
1.55989
1.55977
1.55962
1.55945
1.55927
1.55907
1.55885
1.55863
1.5584
1.55816
1.55792
1.55769
1.55745
1.55722
1.557
1.5568
1.5566
1.55643
1.55627
1.55614
1.55602
1.55594
1.55588
1.55586
1.55587
1.55591
1.55598
1.5561
1.55625
1.55643
1.55666
1.55692
1.55723
1.55757
1.55795
1.55837
1.55882
1.55931
1.55984
1.56039
1.56098
1.56159
1.56224
1.5629
1.56359
1.56429
1.56501
1.56574
1.56648
1.56723
1.56798
1.56874
1.56949
1.57023
1.57097
1.57169
1.5724
1.57309
1.57377
1.57441
1.57504
1.57563
1.5762
1.57673
1.57723
1.57769
1.57812
1.57851
1.57885
1.57916
1.57942
1.57964
1.57981
1.57994
1.58002
1.58006
1.58005
1.57999
1.57989
1.57975
1.57955
1.57932
1.57903
1.5787
1.57833
1.57792
1.57746
1.57696
1.57642
1.57584
1.57523
1.57457
1.57388
1.57315
1.57239
1.57159
1.57077
1.56991
1.56902
1.56811
1.56717
1.5662
1.5652
1.56419
1.56315
1.56209
1.56101
1.55991
1.55879
1.55766
1.55651
1.55534
1.55416
1.55297
1.55176
1.55055
1.54932
1.54808
1.54684
1.54559
1.54433
1.54306
1.54179
1.54051
1.53923
1.53795
1.53667
1.53539
1.53411
1.53283
1.53155
1.53028
1.52902
1.52777
1.52652
1.52529
1.52407
1.52286
1.52168
1.52051
1.51936
1.51824
1.51714
1.51606
1.51502
1.514
1.51302
1.51208
1.51117
1.51029
1.50946
1.50867
1.50792
1.50721
1.50655
1.50593
1.50536
1.50484
1.50436
1.50393
1.50355
1.50322
1.50293
1.50269
1.5025
1.50235
1.50225
1.50219
1.50217
1.5022
1.50226
1.50237
1.50251
1.50269
1.50291
1.50316
1.50344
1.50376
1.50411
1.50449
1.5049
1.50533
1.5058
1.5063
1.50682
1.50737
1.50794
1.50854
1.50917
1.50983
1.51051
1.51121
1.51194
1.5127
1.51348
1.51429
1.51512
1.51597
1.51685
1.51776
1.51868
1.51963
1.5206
1.5216
1.52261
1.52364
1.52469
1.52575
1.52683
1.52793
1.52903
1.53015
1.53127
1.53241
1.53354
1.53468
1.53582
1.53696
1.5381
1.53923
1.54035
1.54146
1.54256
1.54365
1.54472
1.54577
1.5468
1.54781
1.5488
1.54976
1.55069
1.5516
1.55247
1.55331
1.55412
1.55489
1.55563
1.55634
1.557
1.55763
1.55821
1.55876
1.55927
1.55974
1.56017
1.56056
1.56091
1.56122
1.56148
1.56171
1.5619
1.56205
1.56217
1.56224
1.56228
1.56228
1.56225
1.56218
1.56207
1.56194
1.56177
1.56157
1.56134
1.56107
1.56079
1.56047
1.56013
1.55976
1.55937
1.55896
1.55853
1.55807
1.5576
1.55711
1.55661
1.55609
1.55556
1.55501
1.55446
1.5539
1.55334
1.55277
1.55219
1.55162
1.55105
1.55048
1.54992
1.54937
1.54882
1.54829
1.54777
1.54726
1.54678
1.54631
1.54586
1.54544
1.54504
1.54468
1.54434
1.54403
1.54375
1.5435
1.54329
1.54312
1.54298
1.54288
1.54282
1.5428
1.54282
1.54287
1.54297
1.54311
1.54329
1.54351
1.54377
1.54407
1.54441
1.54479
1.54521
1.54567
1.54616
1.5467
1.54727
1.54787
1.54851
1.54919
1.5499
1.55064
1.55141
1.55222
1.55306
1.55392
1.55482
1.55574
1.55669
1.55766
1.55866
1.55968
1.56072
1.56179
1.56287
1.56397
1.56508
1.56621
1.56735
1.5685
1.56966
1.57082
1.57199
1.57316
1.57432
1.57549
1.57664
1.57779
1.57892
1.58004
1.58115
1.58223
1.5833
1.58433
1.58534
1.58632
1.58727
1.58818
1.58905
1.58988
1.59067
1.59142
1.59211
1.59276
1.59336
1.5939
1.59439
1.59482
1.59519
1.5955
1.59575
1.59594
1.59606
1.59612
1.59611
1.59603
1.59588
1.59567
1.59538
1.59502
1.5946
1.5941
1.59353
1.59289
1.59218
1.5914
1.59054
1.58962
1.58862
1.58756
1.58643
1.58523
1.58396
1.58263
1.58123
1.57977
1.57825
1.57667
1.57503
1.57334
1.57159
1.56978
1.56793
1.56603
1.56409
1.5621
1.56007
1.558
1.5559
1.55376
1.5516
1.5494
1.54719
1.54495
1.5427
1.54043
1.53815
1.53586
1.53357
1.53127
1.52898
1.52669
1.5244
1.52212
1.51986
1.51761
1.51538
1.51317
1.51098
1.50881
1.50668
1.50457
1.5025
1.50045
1.49845
1.49648
1.49456
1.49267
1.49083
1.48903
1.48728
1.48558
1.48393
1.48233
1.48078
1.47928
1.47784
1.47646
1.47513
1.47386
1.47266
1.47151
1.47043
1.46941
1.46846
1.46757
1.46675
1.466
1.46532
1.4647
1.46417
1.4637
1.4633
