2.40274
2.40181
2.40049
2.3988
2.39673
2.39427
2.39143
2.38821
2.3846
2.38061
2.37622
2.37145
2.36629
2.36074
2.3548
2.34846
2.34172
2.33459
2.32705
2.31912
2.31078
2.30203
2.29288
2.28332
2.27334
2.26295
2.25215
2.24093
2.2293
2.21724
2.20477
2.19187
2.17855
2.16481
2.15065
2.13606
2.12106
2.10563
2.08978
2.07352
2.05685
2.03976
2.02227
2.00438
1.98609
1.96741
1.94834
1.92891
1.90911
1.88895
1.86845
1.84762
1.82647
1.80502
1.78329
1.76128
1.73903
1.71654
1.69385
1.67097
1.64793
1.62475
1.60145
1.57807
1.55462
1.53114
1.50766
1.4842
1.46079
1.43746
1.41424
1.39115
1.36823
1.34551
1.32301
1.30076
1.27878
1.25711
1.23576
1.21476
1.19414
1.17392
1.15411
1.13474
1.11584
1.09741
1.07947
1.06205
1.04515
1.0288
1.013
0.997765
0.983108
0.969036
0.955559
0.942683
0.930412
0.918752
0.907706
0.897274
0.887457
0.878255
0.869664
0.861682
0.854304
0.847525
0.841337
0.835732
0.830703
0.82624
0.822331
0.818966
0.816132
0.813818
0.812009
0.810691
0.809851
0.809474
0.809545
0.810047
0.810965
0.812284
0.813987
0.816058
0.818481
0.821239
0.824317
0.827697
0.831363
0.8353
0.839492
0.843923
0.848576
0.853438
0.858493
0.863725
0.869121
0.874666
0.880346
0.886147
0.892056
0.898061
0.904148
0.910305
0.916521
0.922782
0.92908
0.935401
0.941737
0.948077
0.95441
0.960729
0.967022
0.973283
0.979502
0.985672
0.991785
0.997833
1.00381
1.00971
1.01552
1.02125
1.02688
1.0324
1.03782
1.04313
1.04833
1.0534
1.05835
1.06318
1.06787
1.07243
1.07686
1.08114
1.08529
1.08929
1.09315
1.09686
1.10043
1.10384
1.10711
1.11023
1.11321
1.11603
1.1187
1.12123
1.12361
1.12585
1.12794
1.12988
1.13169
1.13336
1.13489
1.13628
1.13755
1.13868
1.13969
1.14057
1.14134
1.14199
1.14252
1.14295
1.14327
1.14349
1.14361
1.14364
1.14358
1.14343
1.1432
1.1429
1.14252
1.14207
1.14155
1.14097
1.14034
1.13965
1.13891
1.13813
1.1373
1.13643
1.13553
1.13459
1.13362
1.13263
1.13161
1.13057
1.12952
1.12845
1.12736
1.12627
1.12517
1.12406
1.12295
1.12184
1.12072
1.11962
1.11851
1.11742
1.11633
1.11525
1.11419
1.11314
1.1121
1.11108
1.11007
1.10909
1.10813
1.10719
1.10627
1.10537
1.1045
1.10366
1.10284
1.10205
1.10128
1.10055
1.09985
1.09917
1.09853
1.09792
1.09734
1.09679
1.09628
1.0958
1.09535
1.09494
1.09457
1.09422
1.09392
1.09365
1.09341
1.09322
1.09306
1.09293
1.09285
1.0928
1.09279
1.09281
1.09288
1.09298
1.09312
1.0933
1.09352
1.09378
1.09407
1.0944
1.09477
1.09518
1.09562
1.0961
1.09662
1.09717
1.09775
1.09837
1.09902
1.0997
1.10041
1.10115
1.10192
1.10271
1.10353
1.10436
1.10522
1.1061
1.10699
1.1079
1.10883
1.10976
1.1107
1.11165
1.1126
1.11356
1.11452
1.11547
1.11642
1.11737
1.11831
1.11924
1.12016
1.12107
1.12197
1.12285
1.12371
1.12456
1.12539
1.1262
1.127
1.12777
1.12852
1.12925
1.12997
1.13066
1.13134
1.13199
1.13263
1.13325
1.13386
1.13445
1.13503
1.1356
1.13615
1.1367
1.13724
1.13777
1.1383
1.13883
1.13936
1.13989
1.14042
1.14096
1.1415
1.14205
1.14261
1.14318
1.14377
1.14436
1.14497
1.14559
1.14623
1.14689
1.14756
1.14825
1.14895
1.14967
1.1504
1.15116
1.15192
1.15271
1.1535
1.15431
1.15514
1.15598
1.15682
1.15768
1.15855
1.15943
1.16032
1.16121
1.16211
1.16302
1.16392
1.16484
1.16575
1.16667
1.16759
1.1685
1.16942
1.17033
1.17124
1.17215
1.17306
1.17396
1.17486
1.17575
1.17663
1.17751
1.17838
1.17924
1.18009
1.18094
1.18178
1.1826
1.18342
1.18423
1.18502
1.18581
1.18658
1.18734
1.18809
1.18882
1.18954
1.19025
1.19094
1.19162
1.19228
1.19293
1.19356
1.19417
1.19477
1.19535
1.19591
1.19645
1.19698
1.19748
1.19796
1.19842
1.19886
1.19928
1.19968
1.20006
1.20041
1.20075
1.20106
1.20135
1.20161
1.20186
1.20208
1.20228
1.20246
1.20262
1.20276
1.20289
1.20299
1.20308
1.20314
1.2032
1.20324
1.20326
1.20327
1.20327
1.20326
1.20324
1.20321
1.20317
1.20312
1.20307
1.20302
1.20296
1.2029
1.20284
1.20277
1.20271
1.20264
1.20258
1.20251
1.20245
1.20239
1.20233
1.20228
1.20222
1.20217
1.20212
1.20207
1.20202
1.20198
1.20193
1.20189
1.20184
1.20179
1.20174
1.20169
1.20164
1.20158
1.20152
1.20145
1.20138
1.20131
1.20122
1.20113
1.20104
1.20093
1.20082
1.20069
1.20056
1.20042
1.20027
1.20011
1.19994
1.19976
1.19957
1.19938
1.19917
1.19896
1.19874
1.19851
1.19827
1.19803
1.19778
1.19753
1.19727
1.19701
1.19676
1.1965
1.19624
1.19598
1.19573
1.19548
1.19524
1.19501
1.19478
1.19457
1.19437
1.19418
1.19401
1.19385
1.19372
1.1936
1.1935
1.19343
1.19338
1.19336
1.19336
1.19339
1.19345
1.19355
1.19367
1.19382
1.19401
1.19423
1.19448
1.19477
1.19509
1.19544
1.19583
1.19626
1.19672
1.19721
1.19774
1.1983
1.1989
1.19952
1.20018
1.20086
1.20158
1.20232
1.20309
1.20388
1.2047
1.20554
1.2064
1.20728
1.20818
1.2091
1.21003
1.21098
1.21193
1.2129
1.21388
1.21487
1.21586
1.21686
1.21787
1.21888
1.21989
1.2209
1.22191
1.22292
1.22393
1.22493
1.22593
1.22693
1.22792
1.22891
1.2299
1.23088
1.23185
1.23282
1.23378
1.23474
1.23569
1.23664
1.23758
1.23852
1.23946
1.24039
1.24133
1.24226
1.24319
1.24413
1.24507
1.24601
1.24695
1.2479
1.24886
1.24982
1.2508
1.25178
1.25278
1.25379
1.25481
1.25585
1.25691
1.25798
1.25906
1.26017
1.2613
1.26244
1.2636
1.26479
1.26599
1.26722
1.26846
1.26973
1.27101
1.27232
1.27364
1.27498
1.27634
1.27771
1.2791
1.2805
1.28192
1.28335
1.28478
1.28623
1.28768
1.28914
1.2906
1.29207
1.29353
1.295
1.29646
1.29791
1.29936
1.3008
1.30222
1.30364
1.30504
1.30643
1.3078
1.30915
1.31048
1.31179
1.31308
1.31434
1.31557
1.31678
1.31796
1.31911
1.32024
1.32133
1.32239
1.32342
1.32441
1.32537
1.3263
1.32719
1.32805
1.32888
1.32967
1.33042
1.33114
1.33182
1.33247
1.33309
1.33367
1.33421
1.33472
1.3352
1.33564
1.33605
1.33643
1.33677
1.33708
1.33736
1.33761
1.33782
1.338
1.33816
1.33828
1.33837
1.33843
1.33846
1.33845
1.33842
1.33836
1.33826
1.33814
1.33798
1.33779
1.33757
1.33732
1.33703
1.33671
1.33636
1.33597
1.33555
1.3351
1.33461
1.33408
1.33351
1.33291
1.33227
1.3316
1.33088
1.33012
1.32933
1.32849
1.32762
1.3267
1.32575
1.32475
1.32371
1.32263
1.32151
1.32035
1.31915
1.31791
1.31663
1.31532
1.31396
1.31257
1.31114
1.30967
1.30817
1.30663
1.30507
1.30347
1.30184
1.30019
1.29851
1.2968
1.29507
1.29332
1.29155
1.28976
1.28795
1.28613
1.2843
1.28246
1.28061
1.27876
1.27689
1.27503
1.27317
1.27131
1.26945
1.26759
1.26575
1.26391
1.26208
1.26026
1.25846
1.25667
1.2549
1.25315
1.25142
1.2497
1.24801
1.24634
1.24469
1.24307
1.24148
1.23991
1.23837
1.23685
1.23537
1.23391
1.23248
1.23109
1.22972
1.22839
1.22709
1.22582
1.22458
1.22338
1.22222
1.22109
1.21999
1.21894
1.21792
1.21693
1.21599
1.21509
1.21422
1.2134
1.21262
1.21189
1.2112
1.21055
1.20995
1.2094
1.20889
1.20843
1.20802
1.20766
1.20736
1.2071
1.2069
1.20674
1.20664
1.20659
1.2066
1.20665
1.20676
1.20692
1.20714
1.2074
1.20771
1.20807
1.20848
1.20893
1.20943
1.20997
1.21055
1.21117
1.21182
1.21251
1.21323
1.21398
1.21475
1.21555
1.21637
1.21721
1.21806
1.21892
1.21979
1.22066
1.22154
1.22242
1.22329
1.22416
1.22502
1.22587
1.2267
1.22752
1.22832
1.2291
1.22985
1.23058
1.23128
1.23195
1.2326
1.23321
1.23378
1.23432
1.23483
1.2353
1.23573
1.23613
1.23649
1.23681
1.23709
1.23733
1.23753
1.2377
1.23783
1.23792
1.23797
1.23799
1.23797
1.23792
1.23784
1.23772
1.23758
1.23741
1.2372
1.23698
1.23673
1.23646
1.23617
1.23587
1.23555
1.23521
1.23487
1.23452
1.23416
1.23381
1.23345
1.23309
1.23275
1.2324
1.23207
1.23176
1.23146
1.23118
1.23092
1.23068
1.23047
1.23028
1.23013
1.23001
1.22992
1.22987
1.22986
1.22988
1.22995
1.23005
1.2302
1.2304
1.23063
1.23091
1.23124
1.23161
1.23203
1.23249
1.23299
1.23354
1.23413
1.23476
1.23543
1.23614
1.23689
1.23767
1.23849
1.23935
1.24023
1.24114
1.24208
1.24304
1.24402
1.24502
1.24604
1.24707
1.24811
1.24916
1.25021
1.25127
1.25233
1.25338
1.25443
1.25547
1.2565
1.25751
1.25851
1.25949
1.26045
1.26139
1.2623
1.26319
1.26404
1.26487
1.26566
1.26642
1.26715
1.26784
1.26849
1.26911
1.26969
1.27023
1.27073
1.27119
1.27162
1.27201
1.27236
1.27267
1.27295
1.2732
1.27341
1.27359
1.27374
1.27385
1.27394
1.27401
1.27405
1.27406
1.27406
1.27403
1.27399
1.27393
1.27386
1.27378
1.27369
1.27359
1.27349
1.27339
1.27328
1.27317
1.27307
1.27297
1.27288
1.27279
1.27271
1.27265
1.27259
1.27255
1.27253
1.27252
1.27252
1.27255
1.27259
1.27265
1.27273
1.27283
1.27295
1.27309
1.27326
1.27344
1.27365
1.27387
1.27412
1.27438
1.27467
1.27497
1.27529
1.27563
1.27599
1.27637
1.27675
1.27716
1.27757
1.278
1.27845
1.2789
1.27936
1.27983
1.2803
1.28078
1.28127
1.28176
1.28225
1.28274
1.28324
1.28373
1.28422
1.28471
1.28519
1.28567
1.28614
1.2866
1.28706
1.28751
1.28795
1.28837
1.28879
1.2892
1.28959
1.28998
1.29035
1.2907
1.29104
1.29137
1.29169
1.29198
1.29227
1.29254
1.29279
1.29303
1.29326
1.29347
1.29366
1.29384
1.29401
1.29416
1.2943
1.29443
1.29454
1.29464
1.29473
1.29481
1.29488
1.29494
1.29498
1.29503
1.29506
1.29509
1.29511
1.29512
1.29514
1.29514
1.29515
1.29515
1.29516
1.29516
1.29516
1.29516
1.29517
1.29518
1.29518
1.2952
1.29521
1.29523
1.29524
1.29526
1.29529
1.29531
1.29534
1.29536
1.29539
1.29541
1.29543
1.29545
1.29547
1.29548
1.29548
1.29547
1.29545
1.29543
1.29539
1.29534
1.29527
1.29518
1.29508
1.29496
1.29482
1.29466
1.29447
1.29426
1.29403
1.29377
1.29348
1.29317
1.29283
1.29247
1.29207
1.29165
1.2912
1.29073
1.29023
1.2897
1.28914
1.28856
1.28795
1.28732
1.28667
1.286
1.2853
1.28459
1.28386
1.28311
1.28235
1.28158
1.28079
1.27999
1.27919
1.27838
1.27757
1.27675
1.27593
1.27512
1.2743
1.2735
1.2727
1.2719
1.27112
1.27035
1.26959
1.26885
1.26813
1.26742
1.26674
1.26607
1.26543
1.26482
1.26423
1.26367
1.26313
1.26263
1.26215
1.26171
1.2613
1.26092
1.26058
1.26027
1.26
1.25977
1.25957
1.25941
1.25928
1.2592
1.25915
1.25914
1.25917
1.25924
1.25935
1.25949
1.25968
1.25989
1.26015
1.26044
1.26076
1.26112
1.26151
1.26194
1.26239
1.26287
1.26337
1.2639
1.26446
1.26503
1.26563
1.26624
1.26687
1.26751
1.26816
1.26881
1.26948
1.27015
1.27081
1.27148
1.27215
1.27281
1.27347
1.27411
1.27475
1.27537
1.27598
1.27658
1.27716
1.27772
1.27826
1.27878
1.27928
1.27976
1.28021
1.28065
1.28106
1.28145
1.28181
1.28215
1.28247
1.28277
1.28305
1.28331
1.28354
1.28376
1.28396
1.28415
1.28431
1.28447
1.28461
1.28474
1.28485
1.28496
1.28507
1.28516
1.28525
1.28534
1.28543
1.28552
1.28561
1.2857
1.28579
1.2859
1.286
1.28612
1.28624
1.28637
1.28651
1.28667
1.28683
1.28701
1.2872
1.2874
1.28761
1.28784
1.28808
1.28833
1.2886
1.28887
1.28916
1.28946
1.28976
1.29008
1.2904
1.29073
1.29107
1.29141
1.29175
1.29209
1.29243
1.29277
1.29311
1.29344
1.29376
1.29407
1.29437
1.29466
1.29493
1.29518
1.29542
1.29563
1.29582
1.29599
1.29613
1.29624
1.29632
1.29637
1.29639
1.29638
1.29633
1.29625
1.29613
1.29597
1.29578
1.29554
1.29527
1.29496
1.29461
1.29422
1.2938
1.29333
1.29283
1.29228
1.2917
1.29109
1.29044
1.28975
1.28903
1.28828
1.28749
1.28668
1.28583
1.28496
1.28406
1.28313
1.28219
1.28122
1.28023
1.27922
1.2782
1.27716
1.2761
1.27504
1.27397
1.27289
1.2718
1.27071
1.26962
1.26853
1.26745
1.26636
1.26529
1.26422
1.26316
1.26212
1.26109
1.26008
1.25909
1.25813
1.25718
1.25627
1.25538
1.25452
1.2537
1.25291
1.25216
1.25145
1.25078
1.25015
1.24957
1.24904
1.24856
1.24813
1.24775
1.24743
1.24717
1.24696
1.24681
1.24672
1.24669
1.24671
1.2468
1.24695
1.24716
1.24743
1.24776
1.24815
1.24859
1.24909
1.24964
1.25024
1.25089
1.25159
1.25233
1.25312
1.25394
1.2548
1.2557
1.25662
1.25758
1.25855
1.25955
1.26057
1.2616
1.26264
1.26369
1.26474
1.2658
1.26686
1.26791
1.26896
1.27
1.27103
1.27205
1.27305
1.27404
1.27501
1.27596
1.27688
1.27778
1.27866
1.27951
1.28034
1.28114
1.28191
1.28265
1.28336
1.28404
1.28469
1.2853
1.28589
1.28645
1.28697
1.28746
1.28792
1.28835
1.28875
1.28911
1.28945
1.28975
1.29002
1.29026
1.29047
1.29065
1.2908
1.29092
1.29101
1.29107
1.2911
1.2911
1.29107
1.29101
1.29093
1.29081
1.29067
1.2905
1.29031
1.29008
1.28983
1.28955
1.28925
1.28892
1.28856
1.28817
1.28777
1.28733
1.28688
1.28639
1.28589
1.28536
1.28481
1.28424
1.28365
1.28304
1.28241
1.28176
1.2811
1.28041
1.27972
1.27901
1.27829
1.27756
1.27682
1.27607
1.27532
1.27456
1.2738
1.27303
1.27227
1.27151
1.27076
1.27001
1.26927
1.26854
1.26782
1.26711
1.26642
1.26575
1.2651
1.26447
1.26386
1.26327
1.26271
1.26218
1.26168
1.26121
1.26078
1.26037
1.26
1.25967
1.25937
1.25911
1.25889
1.25871
1.25857
1.25847
1.2584
1.25838
1.2584
1.25846
1.25856
1.25869
1.25887
1.25909
1.25934
1.25963
1.25995
1.26032
1.26071
1.26114
1.26159
1.26208
1.2626
1.26314
1.26371
1.2643
1.26491
1.26555
1.2662
1.26686
1.26754
1.26824
1.26894
1.26965
1.27037
1.2711
1.27183
1.27255
1.27328
1.27401
1.27473
1.27545
1.27616
1.27686
1.27755
1.27824
1.27891
1.27956
1.28021
1.28083
1.28145
1.28204
1.28262
1.28318
1.28372
1.28424
1.28474
1.28522
1.28568
1.28612
1.28654
1.28694
1.28731
1.28767
1.288
1.28831
1.2886
1.28886
1.28911
1.28933
1.28953
1.28971
1.28986
1.29
1.29011
1.2902
1.29026
1.2903
1.29032
1.29032
1.2903
1.29025
1.29017
1.29008
1.28996
1.28982
1.28965
1.28946
1.28924
1.289
1.28874
1.28845
1.28814
1.2878
1.28743
1.28705
1.28663
1.2862
1.28573
1.28525
1.28474
1.2842
1.28364
1.28306
1.28245
1.28183
1.28118
1.2805
1.27981
1.2791
1.27837
1.27762
1.27685
1.27606
1.27526
1.27445
1.27362
1.27279
1.27194
1.27108
1.27021
1.26934
1.26847
1.26759
1.26671
1.26584
1.26496
1.26409
1.26322
1.26236
1.26151
1.26068
1.25985
1.25904
1.25824
1.25746
1.25669
1.25595
1.25522
1.25452
1.25384
1.25319
1.25255
1.25195
1.25137
1.25081
1.25028
1.24978
1.24931
1.24887
1.24845
1.24806
1.24771
1.24738
1.24708
1.24681
1.24657
1.24636
1.24618
1.24603
1.24591
1.24582
1.24576
1.24573
1.24573
1.24576
1.24582
1.2459
1.24602
1.24617
1.24635
1.24656
1.24679
1.24706
1.24735
1.24767
1.24802
1.24839
1.24879
1.24921
1.24966
1.25013
1.25062
1.25114
1.25167
1.25222
1.25279
1.25337
1.25397
1.25458
1.2552
1.25583
1.25648
1.25713
1.25778
1.25845
1.25911
1.25978
1.26045
1.26113
1.2618
1.26247
1.26314
1.2638
1.26446
1.26511
1.26576
1.2664
1.26704
1.26766
1.26828
1.26888
1.26948
1.27007
1.27064
1.2712
1.27175
1.27229
1.27281
1.27332
1.27381
1.27429
1.27475
1.2752
1.27563
1.27604
1.27643
1.27681
1.27716
1.2775
1.27781
1.27811
1.27838
1.27863
1.27886
1.27906
1.27924
1.2794
1.27953
1.27963
1.27971
1.27975
1.27978
1.27977
1.27973
1.27967
1.27958
1.27945
1.2793
1.27912
1.27891
1.27867
1.2784
1.2781
1.27778
1.27742
1.27704
1.27663
1.2762
1.27574
1.27526
1.27476
1.27423
1.27369
1.27313
1.27255
1.27196
1.27135
1.27074
1.27011
1.26947
1.26883
1.26819
1.26754
1.26689
1.26624
1.2656
1.26496
1.26433
1.2637
1.26309
1.26248
1.26189
1.26131
1.26075
1.26021
1.25969
1.25918
1.2587
1.25824
1.2578
1.25739
1.257
1.25665
1.25632
1.25602
1.25575
1.25551
1.2553
1.25513
1.255
1.2549
1.25484
1.25481
1.25482
1.25488
1.25497
1.2551
1.25527
1.25548
1.25574
1.25603
1.25637
1.25675
1.25716
1.25762
1.25811
1.25865
1.25922
1.25982
1.26046
1.26114
1.26184
1.26257
1.26334
1.26412
1.26493
1.26576
1.26661
1.26748
1.26836
1.26925
1.27015
1.27105
1.27195
1.27286
1.27376
1.27465
1.27554
1.27642
1.27728
1.27812
1.27894
1.27974
1.28052
1.28126
1.28198
1.28267
1.28332
1.28394
1.28451
1.28505
1.28555
1.28601
1.28642
1.28678
1.2871
1.28737
1.2876
1.28778
1.2879
1.28798
1.28801
1.28799
1.28792
1.2878
1.28762
1.2874
1.28714
1.28682
1.28645
1.28604
1.28558
1.28508
1.28453
1.28394
1.2833
1.28262
1.28191
1.28115
1.28035
1.27951
1.27864
1.27773
1.27679
1.27581
1.2748
1.27376
1.27269
1.27159
1.27047
1.26932
1.26814
1.26694
1.26571
1.26447
1.2632
1.26191
1.26061
1.25928
1.25794
1.25659
1.25522
1.25384
1.25245
1.25104
1.24963
1.24821
1.24678
1.24534
1.2439
1.24246
1.24101
1.23956
1.23812
1.23667
1.23523
1.23379
1.23235
1.23093
1.22951
1.2281
1.2267
1.22532
1.22395
1.2226
1.22127
1.21995
1.21866
1.21739
1.21615
1.21493
1.21375
1.21259
1.21146
1.21037
1.20932
1.2083
1.20732
1.20638
1.20548
1.20463
1.20382
1.20305
1.20234
1.20167
1.20105
1.20048
1.19996
1.19949
1.19907
1.19871
1.1984
1.19814
1.19793
1.19777
1.19767
1.19762
1.19762
1.19767
1.19776
1.19791
1.1981
1.19834
1.19862
1.19895
1.19931
1.19971
1.20015
1.20063
1.20114
1.20167
1.20224
1.20283
1.20345
1.20409
1.20474
1.20542
1.2061
1.2068
1.20751
1.20823
1.20895
1.20967
1.21039
1.21111
1.21183
1.21254
1.21324
1.21394
1.21462
1.21528
1.21594
1.21657
1.21719
1.21779
1.21837
1.21893
1.21947
1.21998
1.22047
1.22094
1.22138
1.2218
1.22219
1.22255
1.22289
1.22321
1.2235
1.22376
1.22401
1.22422
1.22441
1.22459
1.22473
1.22486
1.22496
1.22505
1.22511
1.22516
1.22519
1.22521
1.2252
1.22519
1.22516
1.22512
1.22506
1.225
1.22493
1.22485
1.22476
1.22467
1.22458
1.22448
1.22437
1.22427
1.22417
1.22406
1.22396
1.22386
1.22377
1.22368
1.22359
1.22351
1.22344
1.22337
1.22332
1.22327
1.22324
1.22321
1.2232
1.2232
1.22322
1.22325
1.22329
1.22335
1.22343
1.22352
1.22363
1.22375
1.2239
1.22406
1.22424
1.22445
1.22467
1.22491
1.22517
1.22545
1.22575
1.22607
1.22641
1.22677
1.22715
1.22756
1.22798
1.22841
1.22887
1.22935
1.22984
1.23035
1.23088
1.23142
1.23198
1.23256
1.23315
1.23375
1.23437
1.235
1.23564
1.23629
1.23695
1.23762
1.2383
1.23899
1.23968
1.24039
1.24109
1.24181
1.24253
1.24325
1.24398
1.24471
1.24544
1.24618
1.24692
1.24766
1.2484
1.24914
1.24988
1.25063
1.25137
1.25212
1.25286
1.25361
1.25435
1.2551
1.25585
1.25659
1.25734
1.25808
1.25883
1.25958
1.26033
1.26107
1.26182
1.26257
1.26332
1.26407
1.26482
1.26557
1.26632
1.26708
1.26783
1.26858
1.26934
1.27009
1.27085
1.27161
1.27236
1.27312
1.27388
1.27463
1.27539
1.27614
1.2769
1.27765
1.2784
1.27915
1.2799
1.28065
1.28139
1.28213
1.28287
1.28361
1.28434
1.28506
1.28578
1.2865
1.28721
1.28791
1.2886
1.28929
1.28997
1.29064
1.2913
1.29195
1.29259
1.29322
1.29384
1.29444
1.29503
1.29561
1.29618
1.29672
1.29726
1.29778
1.29828
1.29877
1.29924
1.29969
1.30013
1.30055
1.30095
1.30134
1.30171
1.30206
1.3024
1.30272
1.30302
1.3033
1.30358
1.30383
1.30408
1.30431
1.30452
1.30473
1.30492
1.3051
1.30528
1.30544
1.3056
1.30575
1.3059
1.30604
1.30618
1.30632
1.30645
1.30659
1.30673
1.30687
1.30701
1.30716
1.30732
1.30748
1.30765
1.30783
1.30801
1.30821
1.30842
1.30863
1.30886
1.30911
1.30936
1.30963
1.30991
1.3102
1.31051
1.31082
1.31115
1.31149
1.31185
1.31221
1.31258
1.31296
1.31336
1.31375
1.31416
1.31457
1.31499
1.31541
1.31583
1.31625
1.31668
1.3171
1.31752
1.31794
1.31835
1.31875
1.31915
1.31954
1.31992
1.32029
1.32065
1.32099
1.32132
1.32163
1.32193
1.32221
1.32247
1.32271
1.32293
1.32313
1.32331
1.32346
1.3236
1.3237
1.32378
1.32384
1.32387
1.32387
1.32385
1.3238
1.32372
1.32361
1.32347
1.3233
1.32311
1.32288
1.32263
1.32234
1.32203
1.32168
1.32131
1.3209
1.32047
1.32
1.31951
1.31899
1.31844
1.31786
1.31725
1.31662
1.31596
1.31527
1.31456
1.31382
1.31306
1.31228
1.31148
1.31065
1.30981
1.30894
1.30806
1.30716
1.30625
1.30532
1.30438
1.30343
1.30246
1.30149
1.3005
1.29951
1.29851
1.29751
1.2965
1.29549
1.29448
1.29346
1.29245
1.29144
1.29042
1.28942
1.28841
1.28741
1.28642
1.28543
1.28445
1.28348
1.28252
1.28156
1.28062
1.27969
1.27877
1.27786
1.27697
1.27609
1.27522
1.27437
1.27353
1.2727
1.2719
1.2711
1.27033
1.26957
1.26882
1.2681
1.26739
1.26669
1.26602
1.26536
1.26472
1.26409
1.26348
1.26289
1.26231
1.26175
1.26121
1.26068
1.26017
1.25967
1.25918
1.25871
1.25825
1.25781
1.25738
1.25696
1.25655
1.25615
1.25576
1.25539
1.25502
1.25466
1.2543
1.25396
1.25362
1.25329
1.25296
1.25263
1.25231
1.25199
1.25168
1.25136
1.25105
1.25074
1.25042
1.2501
1.24978
1.24946
1.24913
1.2488
1.24846
1.24811
1.24776
1.2474
1.24702
1.24664
1.24625
1.24584
1.24543
1.245
1.24455
1.24409
1.24362
1.24313
1.24262
1.2421
1.24156
1.241
1.24042
1.23982
1.2392
1.23856
1.23791
1.23723
1.23653
1.23582
1.23508
1.23432
1.23354
1.23274
1.23193
1.23109
1.23023
1.22935
1.22846
1.22755
1.22662
1.22567
1.22471
1.22373
1.22274
1.22173
1.22071
1.21967
1.21863
1.21757
1.21651
1.21543
1.21435
1.21326
1.21217
1.21107
1.20997
1.20887
1.20776
1.20666
1.20556
1.20446
1.20337
1.20228
1.2012
1.20013
1.19907
1.19802
1.19699
1.19597
1.19497
1.19398
1.19302
1.19208
1.19115
1.19026
1.18939
1.18854
1.18773
1.18695
1.18619
1.18547
1.18479
1.18414
1.18352
1.18295
1.18241
1.18191
1.18145
1.18104
1.18067
1.18034
1.18005
1.17981
1.17962
1.17947
1.17937
1.17931
1.1793
1.17933
1.17942
1.17954
1.17972
1.17994
1.1802
1.18051
1.18087
1.18127
1.18171
1.1822
1.18273
1.1833
1.18391
1.18456
1.18525
1.18597
1.18674
1.18754
1.18838
1.18925
1.19015
1.19109
1.19207
1.19307
1.19411
1.19517
1.19627
1.19739
1.19855
1.19973
1.20094
1.20218
1.20344
1.20473
1.20605
1.2074
1.20876
1.21016
1.21158
1.21302
1.21449
1.21598
1.2175
1.21904
1.2206
1.22218
1.22379
1.22541
1.22706
1.22872
1.23041
1.23211
1.23383
1.23557
1.23732
1.23909
1.24087
1.24267
1.24448
1.24629
1.24812
1.24995
1.25179
1.25364
1.25549
1.25735
1.2592
1.26106
1.26291
1.26476
1.26661
1.26845
1.27029
1.27211
1.27393
1.27573
1.27752
1.2793
1.28106
1.28281
1.28453
1.28624
1.28793
1.28959
1.29123
1.29284
1.29443
1.29599
1.29752
1.29902
1.30049
1.30193
1.30333
1.3047
1.30604
1.30734
1.3086
1.30982
1.311
1.31214
1.31324
1.3143
1.31531
1.31628
1.3172
1.31807
1.3189
1.31968
1.32041
1.32109
1.32172
1.32229
1.32281
1.32328
1.32369
1.32404
1.32434
1.32458
1.32476
1.32489
1.32495
1.32495
1.32489
1.32477
1.32459
1.32435
1.32404
1.32368
1.32325
1.32275
1.3222
1.32159
1.32091
1.32017
1.31938
1.31852
1.31761
1.31665
1.31562
1.31455
1.31342
1.31224
1.31102
1.30975
1.30843
1.30708
1.30568
1.30425
1.30278
1.30128
1.29975
1.2982
1.29662
1.29502
1.2934
1.29177
1.29012
1.28847
1.2868
1.28514
1.28347
1.2818
1.28014
1.27848
1.27684
1.2752
1.27357
1.27196
1.27037
1.2688
1.26724
1.26571
1.2642
1.26271
1.26125
1.25982
1.25841
1.25703
1.25568
1.25436
1.25307
1.2518
1.25057
1.24937
1.24819
1.24705
1.24593
1.24485
1.2438
1.24278
1.24178
1.24082
1.23989
1.23898
1.23811
1.23726
1.23645
1.23566
1.2349
1.23418
1.23348
1.23281
1.23217
1.23156
1.23098
1.23043
1.2299
1.22941
1.22894
1.22851
1.2281
1.22772
1.22737
1.22705
1.22675
1.22649
1.22625
1.22603
1.22584
1.22568
1.22555
1.22544
1.22535
1.22529
1.22525
1.22523
1.22523
1.22526
1.22531
1.22538
1.22546
1.22557
1.2257
1.22584
1.226
1.22618
1.22638
1.22659
1.22682
1.22706
1.22732
1.22759
1.22788
1.22818
1.22849
1.22882
1.22917
1.22952
1.22989
1.23028
1.23067
1.23108
1.2315
1.23194
1.23239
1.23284
1.23332
1.2338
1.2343
1.2348
1.23532
1.23586
1.2364
1.23695
1.23752
1.23809
1.23868
1.23927
1.23988
1.24049
1.24111
1.24174
1.24238
1.24302
1.24367
1.24433
1.24499
1.24566
1.24633
1.247
1.24768
1.24836
1.24905
1.24973
1.25041
1.2511
1.25178
1.25247
1.25315
1.25383
1.25451
1.25519
1.25586
1.25653
1.2572
1.25786
1.25852
1.25917
1.25982
1.26046
1.26109
1.26172
1.26234
1.26296
1.26356
1.26416
1.26475
1.26533
1.2659
1.26647
1.26702
1.26756
1.2681
1.26862
1.26913
1.26963
1.27012
1.2706
1.27106
1.27151
1.27195
1.27238
1.27279
1.27319
1.27358
1.27395
1.27431
1.27465
1.27498
1.27529
1.27559
1.27587
1.27614
1.27639
1.27662
1.27684
1.27705
1.27723
1.2774
1.27756
1.2777
1.27782
1.27792
1.27801
1.27808
1.27813
1.27817
1.27819
1.2782
1.27819
1.27816
1.27812
1.27806
1.27799
1.2779
1.2778
1.27769
1.27757
1.27743
1.27729
1.27713
1.27697
1.2768
1.27662
1.27644
1.27625
1.27606
1.27587
1.27568
1.27549
1.2753
1.27511
1.27493
1.27476
1.2746
1.27444
1.2743
1.27417
1.27405
1.27395
1.27386
1.2738
1.27375
1.27372
1.27371
1.27373
1.27376
1.27382
1.27391
1.27402
1.27415
1.27432
1.2745
1.27472
1.27496
1.27522
1.27552
1.27584
1.27618
1.27655
1.27695
1.27737
1.27781
1.27827
1.27876
1.27927
1.2798
1.28035
1.28092
1.2815
1.2821
1.28272
1.28334
1.28399
1.28464
1.2853
1.28597
1.28665
1.28734
1.28803
1.28872
1.28942
1.29012
1.29082
1.29152
1.29221
1.29291
1.2936
1.29429
1.29497
1.29564
1.29631
1.29696
1.29761
1.29825
1.29888
1.2995
1.30011
1.3007
1.30128
1.30185
1.3024
1.30293
1.30345
1.30396
1.30444
1.30491
1.30536
1.3058
1.30621
1.3066
1.30697
1.30731
1.30764
1.30794
1.30821
1.30846
1.30868
1.30887
1.30903
1.30916
1.30926
1.30933
1.30936
1.30936
1.30932
1.30925
1.30913
1.30897
1.30877
1.30853
1.30825
1.30792
1.30754
1.30712
1.30665
1.30613
1.30557
1.30495
1.30428
1.30356
1.30279
1.30197
1.30111
1.30019
1.29922
1.2982
1.29713
1.29602
1.29485
1.29365
1.2924
1.29111
1.28977
1.2884
1.28699
1.28555
1.28408
1.28257
1.28104
1.27948
1.2779
1.2763
1.27469
1.27305
1.27141
1.26976
1.2681
1.26643
1.26477
1.2631
1.26144
1.25979
1.25814
1.2565
1.25486
1.25325
1.25164
1.25005
1.24848
1.24693
1.24539
1.24388
1.24238
1.2409
1.23945
1.23802
1.23661
1.23522
1.23386
1.23252
1.2312
1.22991
1.22864
1.22739
1.22618
1.22498
1.22382
1.22268
1.22157
1.22049
1.21944
1.21842
1.21744
1.21648
1.21557
1.21469
1.21384
1.21304
1.21228
1.21156
1.21088
1.21025
1.20967
1.20914
1.20866
1.20823
1.20786
1.20754
1.20728
1.20707
1.20693
1.20685
1.20682
1.20686
1.20696
1.20713
1.20735
1.20764
1.20799
1.20841
1.20888
1.20942
1.21001
1.21067
1.21138
1.21214
1.21296
1.21384
1.21476
1.21573
1.21674
1.2178
1.2189
1.22003
1.22121
1.22241
1.22365
1.22491
1.22619
1.2275
1.22882
1.23016
1.23151
1.23287
1.23424
1.23561
1.23698
1.23835
1.23971
1.24106
1.2424
1.24373
1.24505
1.24634
1.24762
1.24887
1.25009
1.25129
1.25246
1.2536
1.2547
1.25577
1.2568
1.25779
1.25874
1.25965
1.26052
1.26134
1.26212
1.26285
1.26353
1.26416
1.26475
1.26528
1.26577
1.2662
1.26658
1.26691
1.26719
1.26741
1.26759
1.26771
1.26778
1.26779
1.26776
1.26767
1.26754
1.26735
1.26712
1.26683
1.2665
1.26612
1.2657
1.26524
1.26473
1.26418
1.26359
1.26296
1.26229
1.26159
1.26086
1.26009
1.25929
1.25847
1.25762
1.25674
1.25584
1.25492
1.25399
1.25303
1.25207
1.25109
1.2501
1.2491
1.2481
1.2471
1.24609
1.24508
1.24408
1.24309
1.2421
1.24112
1.24016
1.23921
1.23827
1.23736
1.23646
1.23559
1.23475
1.23392
1.23313
1.23237
1.23164
1.23094
1.23028
1.22966
1.22907
1.22852
1.22801
1.22754
1.22711
1.22672
1.22638
1.22608
1.22582
1.22561
1.22544
1.22531
1.22522
1.22518
1.22518
1.22521
1.22529
1.2254
1.22555
1.22574
1.22596
1.22621
1.2265
1.22681
1.22715
1.22751
1.2279
1.2283
1.22873
1.22917
1.22963
1.2301
1.23059
1.23108
1.23158
1.23208
1.23259
1.2331
1.23361
1.23412
1.23463
1.23513
1.23563
1.23612
1.2366
1.23708
1.23755
1.23801
1.23846
1.2389
1.23933
1.23975
1.24016
1.24056
1.24095
1.24134
1.24171
1.24208
1.24244
1.24279
1.24314
1.24348
1.24382
1.24415
1.24449
1.24482
1.24515
1.24548
1.24582
1.24616
1.2465
1.24685
1.24721
1.24757
1.24794
1.24832
1.24872
1.24912
1.24953
1.24996
1.2504
1.25085
1.25132
1.2518
1.25229
1.2528
1.25332
1.25386
1.25442
1.25498
1.25556
1.25616
1.25676
1.25738
1.25801
1.25865
1.25929
1.25995
1.26061
1.26128
1.26195
1.26263
1.26331
1.26398
1.26466
1.26533
1.266
1.26666
1.26732
1.26796
1.26859
1.26921
1.26982
1.27041
1.27098
1.27153
1.27207
1.27258
1.27307
1.27353
1.27397
1.27438
1.27477
1.27512
1.27545
1.27575
1.27601
1.27625
1.27645
1.27662
1.27675
1.27686
1.27693
1.27696
1.27697
1.27694
1.27687
1.27677
1.27664
1.27647
1.27627
1.27604
1.27577
1.27547
1.27514
1.27477
1.27438
1.27395
1.2735
1.27301
1.2725
1.27195
1.27138
1.27078
1.27016
1.26951
1.26883
1.26813
1.26741
1.26667
1.26591
1.26513
1.26433
1.26351
1.26268
1.26184
1.26098
1.26011
1.25923
1.25834
1.25745
1.25655
1.25564
1.25473
1.25382
1.25291
1.25201
1.2511
1.2502
1.24931
1.24842
1.24755
1.24668
1.24582
1.24498
1.24415
1.24334
1.24254
1.24176
1.241
1.24026
1.23954
1.23884
1.23817
1.23751
1.23688
1.23628
1.23569
1.23514
1.23461
1.2341
1.23362
1.23317
1.23275
1.23235
1.23198
1.23164
1.23132
1.23103
1.23077
1.23054
1.23033
1.23015
1.23
1.22987
1.22977
1.2297
1.22965
1.22962
1.22963
1.22966
1.22971
1.22978
1.22989
1.23001
1.23016
1.23033
1.23052
1.23073
1.23097
1.23123
1.2315
1.2318
1.23212
1.23245
1.23281
1.23318
1.23357
1.23398
1.2344
1.23484
1.23529
1.23576
1.23625
1.23675
1.23726
1.23779
1.23832
1.23888
1.23944
1.24001
1.2406
1.2412
1.24181
1.24244
1.24307
1.24371
1.24437
1.24504
1.24572
1.24641
1.24711
1.24783
1.24856
1.2493
1.25005
1.25082
1.2516
1.25239
1.2532
1.25403
1.25487
1.25572
1.2566
1.25749
1.25839
1.25932
1.26026
1.26122
1.2622
1.2632
1.26422
1.26526
1.26632
1.2674
1.2685
1.26962
1.27076
1.27192
1.2731
1.27429
1.27551
1.27674
1.27799
1.27926
1.28054
1.28183
1.28314
1.28447
1.2858
1.28715
1.2885
1.28986
1.29123
1.2926
1.29398
1.29535
1.29673
1.2981
1.29947
1.30084
1.30219
1.30354
1.30487
1.3062
1.3075
1.30879
1.31006
1.31131
1.31253
1.31373
1.3149
1.31605
1.31716
1.31823
1.31928
1.32028
1.32125
1.32217
1.32305
1.32389
1.32468
1.32542
1.32611
1.32674
1.32733
1.32786
1.32833
1.32874
1.32909
1.32939
1.32961
1.32978
1.32988
1.32991
1.32988
1.32978
1.32961
1.32937
1.32905
1.32867
1.32822
1.32769
1.3271
1.32643
1.32569
1.32488
1.324
1.32305
1.32203
1.32095
1.31979
1.31857
1.31729
1.31594
1.31453
1.31307
1.31154
1.30996
1.30833
1.30665
1.30492
1.30315
1.30134
1.29948
1.2976
1.29567
1.29372
1.29175
1.28975
1.28774
1.28571
1.28366
1.28161
1.27956
1.27751
1.27546
1.27342
1.27139
1.26938
1.26738
1.26541
1.26346
1.26155
1.25967
1.25782
1.25601
1.25425
1.25253
1.25086
1.24924
1.24767
1.24616
1.24471
1.24331
1.24197
1.2407
1.23949
1.23834
1.23725
1.23623
1.23528
1.23438
1.23355
1.23278
1.23207
1.23143
1.23084
1.23031
1.22983
1.22941
1.22905
1.22873
1.22846
1.22824
1.22806
1.22793
1.22783
1.22778
1.22776
1.22777
1.22782
1.2279
1.228
1.22814
1.22829
1.22848
1.22868
1.22891
1.22916
1.22942
1.22971
1.23001
1.23032
1.23066
1.231
1.23136
1.23174
1.23212
1.23252
1.23293
1.23335
1.23378
1.23422
1.23467
1.23513
1.2356
1.23608
1.23657
1.23706
1.23756
1.23807
1.23859
1.23911
1.23964
1.24017
1.24071
1.24125
1.2418
1.24235
1.2429
1.24346
1.24402
1.24458
1.24515
1.24571
1.24628
1.24685
1.24742
1.24799
1.24856
1.24913
1.2497
1.25026
1.25083
1.2514
1.25196
1.25253
1.25309
1.25364
1.2542
1.25475
1.2553
1.25584
1.25638
1.25691
1.25744
1.25796
1.25848
1.25898
1.25948
1.25996
1.26044
1.26091
1.26136
1.2618
1.26222
1.26264
1.26303
1.26341
1.26377
1.26411
1.26443
1.26474
1.26502
1.26528
1.26552
1.26573
1.26592
1.26608
1.26623
1.26634
1.26643
1.2665
1.26654
1.26655
1.26654
1.26651
1.26645
1.26637
1.26627
1.26614
1.26599
1.26582
1.26564
1.26544
1.26522
1.26498
1.26473
1.26448
1.26421
1.26393
1.26365
1.26337
1.26309
1.2628
1.26252
1.26225
1.26198
1.26172
1.26148
1.26125
1.26103
1.26084
1.26067
1.26052
1.2604
1.2603
1.26024
1.26021
1.26021
1.26025
1.26033
1.26045
1.26061
1.26081
1.26105
1.26134
1.26167
1.26205
1.26248
1.26295
1.26347
1.26404
1.26465
1.26532
1.26603
1.26678
1.26758
1.26843
1.26932
1.27025
1.27122
1.27223
1.27328
1.27437
1.27548
1.27663
1.27781
1.27902
1.28025
1.2815
1.28278
1.28406
1.28537
1.28668
1.28801
1.28933
1.29066
1.292
1.29332
1.29464
1.29596
1.29726
1.29854
1.29981
1.30106
1.30229
1.30349
1.30466
1.3058
1.30691
1.30798
1.30901
1.31001
1.31096
1.31187
1.31273
1.31355
1.31431
1.31503
1.31569
1.3163
1.31685
1.31735
1.31779
1.31818
1.3185
1.31877
1.31898
1.31913
1.31921
1.31924
1.31921
1.31912
1.31897
1.31875
1.31848
1.31816
1.31777
1.31733
1.31683
1.31627
1.31567
1.31501
1.31429
1.31353
1.31272
1.31186
1.31096
1.31001
1.30903
1.308
1.30693
1.30583
1.30469
1.30352
1.30232
1.3011
1.29984
1.29857
1.29727
1.29596
1.29463
1.29328
1.29193
1.29056
1.28919
1.28782
1.28644
1.28507
1.2837
1.28233
1.28098
1.27963
1.2783
1.27698
1.27568
1.27441
1.27315
1.27192
1.27072
1.26954
1.26839
1.26728
1.2662
1.26515
1.26414
1.26316
1.26223
1.26133
1.26047
1.25966
1.25888
1.25814
1.25745
1.25679
1.25617
1.2556
1.25506
1.25456
1.2541
1.25367
1.25328
1.25293
1.2526
1.25231
1.25204
1.2518
1.25159
1.2514
1.25123
1.25108
1.25095
1.25084
1.25074
1.25065
1.25057
1.2505
1.25044
1.25038
1.25032
1.25027
1.25022
1.25016
1.2501
1.25004
1.24998
1.24991
1.24984
1.24976
1.24967
1.24958
1.24947
1.24937
1.24925
1.24913
1.249
1.24887
1.24873
1.24859
1.24845
1.2483
1.24815
1.248
1.24786
1.24771
1.24757
1.24743
1.2473
1.24717
1.24706
1.24695
1.24685
1.24677
1.2467
1.24664
1.2466
1.24658
1.24657
1.24658
1.24661
1.24665
1.24672
1.24681
1.24692
1.24704
1.24719
1.24736
1.24755
1.24776
1.24799
1.24824
1.24851
1.24879
1.24909
1.24941
1.24974
1.25008
1.25044
1.25081
1.25119
1.25157
1.25197
1.25236
1.25277
1.25317
1.25358
1.25398
1.25439
1.25478
1.25518
1.25556
1.25594
1.2563
1.25666
1.257
1.25733
1.25764
1.25793
1.25821
1.25846
1.2587
1.25891
1.2591
1.25927
1.25941
1.25953
1.25962
1.25969
1.25973
1.25974
1.25973
1.25969
1.25962
1.25952
1.2594
1.25925
1.25907
1.25887
1.25864
1.25839
1.25812
1.25782
1.2575
1.25717
1.25681
1.25643
1.25604
1.25564
1.25523
1.2548
1.25437
1.25393
1.25348
1.25304
1.25259
1.25215
1.25172
1.25129
1.25088
1.25048
1.25009
1.24973
1.24938
1.24906
1.24877
1.2485
1.24827
1.24807
1.2479
1.24778
1.24769
1.24765
1.24765
1.24769
1.24779
1.24793
1.24812
1.24836
1.24865
1.24899
1.24938
1.24983
1.25032
1.25087
1.25147
1.25212
1.25282
1.25356
1.25436
1.2552
1.25608
1.25701
1.25798
1.25899
1.26004
1.26113
1.26225
1.2634
1.26458
1.26579
1.26702
1.26828
1.26955
1.27085
1.27216
1.27348
1.27482
1.27616
1.27751
1.27886
1.28021
1.28157
1.28291
1.28426
1.28559
1.28692
1.28823
1.28953
1.29081
1.29208
1.29332
1.29454
1.29574
1.29691
1.29805
1.29917
1.30026
1.30131
1.30233
1.30332
1.30427
1.30519
1.30607
1.30691
1.30771
1.30848
1.3092
1.30989
1.31053
1.31113
1.3117
1.31222
1.31271
1.31315
1.31355
1.31392
1.31424
1.31453
1.31478
1.31499
1.31517
1.31531
1.31542
1.3155
1.31554
1.31555
1.31554
1.31549
1.31542
1.31532
1.3152
1.31506
1.31489
1.3147
1.31449
1.31427
1.31403
1.31377
1.3135
1.31322
1.31293
1.31263
1.31232
1.312
1.31168
1.31135
1.31102
1.31069
1.31036
1.31003
1.30969
1.30937
1.30904
1.30872
1.3084
1.3081
1.30779
1.3075
1.30721
1.30693
1.30666
1.3064
1.30615
1.30591
1.30567
1.30545
1.30524
1.30503
1.30484
1.30465
1.30448
1.30431
1.30414
1.30398
1.30383
1.30368
1.30354
1.3034
1.30325
1.30311
1.30297
1.30282
1.30266
1.30251
1.30234
1.30216
1.30198
1.30178
1.30157
1.30134
1.3011
1.30084
1.30055
1.30025
1.29992
1.29957
1.2992
1.2988
1.29837
1.29791
1.29743
1.29691
1.29636
1.29578
1.29517
1.29453
1.29385
1.29314
1.29239
1.29161
1.2908
1.28996
1.28908
1.28816
1.28722
1.28624
1.28524
1.2842
1.28314
1.28204
1.28092
1.27977
1.2786
1.27741
1.2762
1.27496
1.27371
1.27244
1.27116
1.26987
1.26856
1.26725
1.26593
1.26461
1.26328
1.26195
1.26063
1.25931
1.25799
1.25669
1.25539
1.25411
1.25283
1.25158
1.25034
1.24912
1.24792
1.24675
1.24559
1.24446
1.24336
1.24229
1.24124
1.24022
1.23923
1.23827
1.23734
1.23645
1.23558
1.23475
1.23394
1.23317
1.23243
1.23173
1.23105
1.2304
1.22978
1.2292
1.22864
1.22811
1.22761
1.22714
1.22669
1.22626
1.22587
1.22549
1.22514
1.22482
1.22451
1.22422
1.22396
1.22371
1.22348
1.22327
1.22307
1.22289
1.22273
1.22258
1.22244
1.22232
1.22221
1.22211
1.22203
1.22195
1.22189
1.22184
1.22181
1.22178
1.22177
1.22176
1.22177
1.2218
1.22183
1.22189
1.22195
1.22203
1.22213
1.22224
1.22238
1.22253
1.2227
1.22289
1.22311
1.22334
1.22361
1.22389
1.22421
1.22455
1.22491
1.22531
1.22574
1.2262
1.22669
1.22721
1.22776
1.22835
1.22897
1.22963
1.23031
1.23103
1.23179
1.23258
1.2334
1.23425
1.23513
1.23604
1.23698
1.23795
1.23895
1.23997
1.24101
1.24208
1.24317
1.24427
1.2454
1.24653
1.24769
1.24885
1.25002
1.2512
1.25239
1.25358
1.25477
1.25597
1.25716
1.25835
1.25953
1.26071
1.26188
1.26304
1.2642
1.26534
1.26647
1.26758
1.26868
1.26977
1.27084
1.2719
1.27293
1.27396
1.27496
1.27594
1.27691
1.27786
1.27879
1.2797
1.28059
1.28146
1.28231
1.28315
1.28396
1.28475
1.28553
1.28628
1.28701
1.28773
1.28842
1.28909
1.28974
1.29037
1.29097
1.29155
1.29211
1.29265
1.29316
1.29364
1.2941
1.29454
1.29494
1.29532
1.29567
1.29598
1.29627
1.29652
1.29674
1.29693
1.29708
1.2972
1.29727
1.29731
1.29731
1.29726
1.29718
1.29705
1.29688
1.29666
1.29639
1.29608
1.29572
1.29531
1.29485
1.29434
1.29378
1.29317
1.2925
1.29178
1.29101
1.29019
1.28931
1.28838
1.2874
1.28636
1.28528
1.28414
1.28295
1.28171
1.28042
1.27908
1.27769
1.27626
1.27478
1.27326
1.27169
1.27009
1.26845
1.26677
1.26505
1.2633
1.26152
1.25971
1.25788
1.25601
1.25413
1.25222
1.2503
1.24836
1.24641
1.24445
1.24248
1.2405
1.23852
1.23654
1.23456
1.23258
1.23061
1.22865
1.22671
1.22477
1.22286
1.22096
1.21909
1.21724
1.21541
1.21362
1.21186
1.21013
1.20844
1.20679
1.20518
1.20361
1.20208
1.20061
1.19918
1.1978
1.19647
1.1952
1.19398
1.19282
1.19172
1.19068
1.18969
1.18877
1.18791
1.18711
1.18638
1.18571
1.1851
1.18456
1.18408
1.18367
1.18332
1.18304
1.18282
1.18267
1.18257
1.18254
1.18257
1.18266
1.18281
1.18302
1.18329
1.18362
1.184
1.18444
1.18493
1.18547
1.18606
1.18671
1.1874
1.18815
1.18894
1.18978
1.19066
1.1916
1.19257
1.19359
1.19465
1.19575
1.1969
1.19809
1.19932
1.20058
1.20189
1.20323
1.20462
1.20603
1.20749
1.20898
1.2105
1.21205
1.21363
1.21524
1.21687
1.21853
1.22021
1.22191
1.22363
1.22536
1.22711
1.22886
1.23061
1.23237
1.23413
1.23589
1.23764
1.23938
1.24112
1.24283
1.24453
1.24621
1.24786
1.2495
1.2511
1.25268
1.25422
1.25574
1.25722
1.25866
1.26007
1.26145
1.26279
1.26409
1.26536
1.26658
1.26778
1.26893
1.27006
1.27114
1.2722
1.27322
1.27421
1.27518
1.27611
1.27702
1.27791
1.27878
1.27962
1.28045
1.28126
1.28205
1.28284
1.28361
1.28438
1.28514
1.28589
1.28665
1.2874
1.28815
1.28891
1.28967
1.29044
1.29121
1.292
1.29279
1.29359
1.2944
1.29523
1.29607
1.29692
1.29778
1.29866
1.29955
1.30046
1.30137
1.30231
1.30325
1.3042
1.30517
1.30615
1.30713
1.30813
1.30913
1.31014
1.31115
1.31216
1.31318
1.3142
1.31521
1.31623
1.31723
1.31823
1.31922
1.32021
1.32117
1.32213
1.32307
1.32399
1.32489
1.32576
1.32662
1.32744
1.32824
1.32901
1.32975
1.33046
1.33113
1.33176
1.33236
1.33292
1.33344
1.33391
1.33434
1.33473
1.33507
1.33537
1.33562
1.33582
1.33597
1.33607
1.33612
1.33612
1.33608
1.33598
1.33583
1.33563
1.33538
1.33508
1.33473
1.33433
1.33388
1.33338
1.33284
1.33224
1.3316
1.33092
1.33019
1.32942
1.32861
1.32776
1.32686
1.32593
1.32497
1.32396
1.32293
1.32186
1.32076
1.31963
1.31848
1.3173
1.31609
1.31486
1.31362
1.31235
1.31106
1.30976
1.30844
1.30711
1.30577
1.30442
1.30305
1.30168
1.3003
1.29892
1.29753
1.29613
1.29473
1.29333
1.29192
1.29051
1.2891
1.28769
1.28627
1.28485
1.28343
1.282
1.28058
1.27915
1.27771
1.27627
1.27483
1.27338
1.27193
1.27047
1.26901
1.26754
1.26606
1.26457
1.26308
1.26158
1.26007
1.25856
1.25703
1.2555
1.25396
1.25242
1.25086
1.24931
1.24775
1.24618
1.24461
1.24305
1.24148
1.23991
1.23835
1.23679
1.23524
1.2337
1.23218
1.23066
1.22917
1.22769
1.22624
1.22481
1.22341
1.22204
1.2207
1.2194
1.21814
1.21693
1.21576
1.21463
1.21356
1.21255
1.21159
1.21069
1.20985
1.20907
1.20837
1.20773
1.20716
1.20666
1.20623
1.20588
1.2056
1.2054
1.20528
1.20523
1.20525
1.20535
1.20553
1.20578
1.2061
1.20649
1.20696
1.20749
1.20809
1.20875
1.20947
1.21025
1.21109
1.21198
1.21292
1.2139
1.21493
1.216
1.21711
1.21825
1.21941
1.22061
1.22182
1.22305
1.2243
1.22555
1.22682
1.22809
1.22935
1.23062
1.23188
1.23313
1.23436
1.23558
1.23678
1.23797
1.23912
1.24026
1.24136
1.24243
1.24348
1.24449
1.24546
1.2464
1.2473
1.24817
1.24899
1.24978
1.25052
1.25123
1.25189
1.25252
1.2531
1.25364
1.25415
1.25461
1.25504
1.25543
1.25578
1.2561
1.25638
1.25663
1.25685
1.25703
1.25719
1.25731
1.25741
1.25748
1.25753
1.25755
1.25755
1.25753
1.25749
1.25743
1.25735
1.25726
1.25716
1.25704
1.2569
1.25676
1.25661
1.25645
1.25628
1.2561
1.25592
1.25573
1.25554
1.25535
1.25515
1.25495
1.25476
1.25456
1.25436
1.25417
1.25398
1.25379
1.25361
1.25343
1.25325
1.25309
1.25292
1.25277
1.25262
1.25247
1.25234
1.25221
1.25209
1.25198
1.25188
1.25178
1.25169
1.25161
1.25154
1.25148
1.25142
1.25138
1.25134
1.25131
1.25128
1.25127
1.25126
1.25125
1.25126
1.25127
1.25129
1.25132
1.25135
1.25139
1.25143
1.25149
1.25155
1.25162
1.25169
1.25177
1.25186
1.25196
1.25207
1.25218
1.25231
1.25244
1.25259
1.25274
1.2529
1.25308
1.25326
1.25346
1.25367
1.25389
1.25412
1.25437
1.25463
1.2549
1.25519
1.25549
1.25581
1.25614
1.25648
1.25684
1.25721
1.2576
1.258
1.25842
1.25886
1.25931
1.25977
1.26025
1.26075
1.26126
1.26178
1.26232
1.26287
1.26344
1.26403
1.26462
1.26523
1.26586
1.2665
1.26715
1.26781
1.26849
1.26918
1.26988
1.27059
1.27131
1.27204
1.27278
1.27353
1.27429
1.27505
1.27582
1.2766
1.27738
1.27816
1.27895
1.27974
1.28053
1.28131
1.2821
1.28288
1.28366
1.28444
1.2852
1.28597
1.28672
1.28747
1.2882
1.28893
1.28965
1.29035
1.29104
1.29172
1.29239
1.29304
1.29368
1.29431
1.29492
1.29552
1.2961
1.29667
1.29722
1.29776
1.29829
1.2988
1.2993
1.29978
1.30025
1.30071
1.30116
1.30159
1.30201
1.30242
1.30281
1.30319
1.30357
1.30392
1.30427
1.30461
1.30493
1.30524
1.30554
1.30582
1.30609
1.30635
1.3066
1.30683
1.30704
1.30724
1.30743
1.3076
1.30775
1.30789
1.308
1.3081
1.30818
1.30824
1.30828
1.3083
1.3083
1.30827
1.30823
1.30815
1.30806
1.30794
1.30779
1.30762
1.30742
1.3072
1.30694
1.30666
1.30635
1.30602
1.30565
1.30526
1.30483
1.30438
1.30389
1.30338
1.30283
1.30226
1.30165
1.30101
1.30035
1.29965
1.29892
1.29816
1.29738
1.29656
1.29571
1.29483
1.29393
1.29299
1.29203
1.29104
1.29002
1.28897
1.2879
1.28679
1.28567
1.28452
1.28334
1.28214
1.28091
1.27966
1.27839
1.27709
1.27578
1.27444
1.27308
1.2717
1.27031
1.26889
1.26746
1.26601
1.26454
1.26306
1.26157
1.26006
1.25854
1.257
1.25546
1.25391
1.25235
1.25078
1.24921
1.24763
1.24605
1.24447
1.24288
1.2413
1.23973
1.23816
1.23659
1.23503
1.23349
1.23195
1.23043
1.22893
1.22745
1.22599
1.22455
1.22313
1.22175
1.22039
1.21907
1.21778
1.21652
1.21531
1.21414
1.21301
1.21192
1.21089
1.2099
1.20896
1.20808
1.20725
1.20648
1.20577
1.20511
1.20452
1.20399
1.20352
1.20311
1.20277
1.2025
1.20229
1.20214
1.20206
1.20204
1.20209
1.20221
1.20239
1.20263
1.20294
1.20331
1.20374
1.20423
1.20478
1.20539
1.20605
1.20677
1.20754
1.20836
1.20924
1.21016
1.21113
1.21214
1.2132
1.2143
1.21544
1.21661
1.21783
1.21908
1.22036
1.22167
1.22301
1.22438
1.22578
1.2272
1.22864
1.23011
1.2316
1.23311
1.23463
1.23618
1.23774
1.23931
1.2409
1.2425
1.24411
1.24573
1.24735
1.24899
1.25063
1.25228
1.25393
1.25558
1.25724
1.25889
1.26054
1.26219
1.26383
1.26547
1.26709
1.26871
1.27031
1.2719
1.27348
1.27504
1.27657
1.27809
1.27958
1.28104
1.28248
1.28388
1.28525
1.28659
1.28789
1.28915
1.29037
1.29154
1.29267
1.29375
1.29479
1.29577
1.29669
1.29757
1.29838
1.29914
1.29984
1.30048
1.30106
1.30158
1.30203
1.30243
1.30275
1.30302
1.30322
1.30336
1.30343
1.30344
1.30339
1.30328
1.30311
1.30287
1.30258
1.30223
1.30183
1.30136
1.30085
1.30029
1.29967
1.29901
1.29831
1.29756
1.29677
1.29594
1.29507
1.29417
1.29324
1.29227
1.29128
1.29026
1.28922
1.28816
1.28708
1.28598
1.28486
1.28373
1.28259
1.28144
1.28029
1.27912
1.27795
1.27678
1.2756
1.27443
1.27325
1.27208
1.2709
1.26973
1.26857
1.26741
1.26625
1.2651
1.26395
1.26281
1.26168
1.26055
1.25943
1.25832
1.25721
1.25611
1.25502
1.25394
1.25286
1.25179
1.25073
1.24967
1.24862
1.24758
1.24654
1.24551
1.24449
1.24348
1.24248
1.24148
1.2405
1.23952
1.23855
1.23759
1.23665
1.23571
1.23479
1.23388
1.23299
1.23211
1.23125
1.2304
1.22958
1.22877
1.22798
1.22722
1.22648
1.22577
1.22508
1.22441
1.22378
1.22318
1.2226
1.22206
1.22155
1.22108
1.22064
1.22023
1.21987
1.21954
1.21925
1.219
1.21879
1.21863
1.2185
1.21841
1.21837
1.21837
1.21841
1.2185
1.21862
1.21879
1.219
1.21926
1.21955
1.21988
1.22026
1.22067
1.22112
1.22161
1.22214
1.2227
1.2233
1.22393
1.22459
1.22529
1.22601
1.22676
1.22753
1.22833
1.22915
1.23
1.23086
1.23174
1.23264
1.23355
1.23447
1.2354
1.23633
1.23728
1.23822
1.23917
1.24012
1.24107
1.24201
1.24295
1.24388
1.2448
1.24571
1.2466
1.24748
1.24835
1.2492
1.25003
1.25084
1.25163
1.25239
1.25314
1.25386
1.25456
1.25523
1.25587
1.25649
1.25708
1.25764
1.25818
1.25869
1.25917
1.25963
1.26006
1.26046
1.26083
1.26118
1.2615
1.26179
1.26207
1.26231
1.26253
1.26273
1.26291
1.26306
1.26319
1.2633
1.26339
1.26346
1.26351
1.26354
1.26356
1.26356
1.26354
1.26351
1.26346
1.2634
1.26333
1.26324
1.26314
1.26302
1.2629
1.26276
1.26262
1.26246
1.2623
1.26213
1.26194
1.26175
1.26156
1.26135
1.26114
1.26092
1.26069
1.26046
1.26022
1.25998
1.25973
1.25948
1.25922
1.25896
1.25869
1.25842
1.25815
1.25787
1.25758
1.25729
1.257
1.25671
1.25641
1.2561
1.25579
1.25548
1.25516
1.25484
1.25452
1.25419
1.25385
1.25351
1.25317
1.25282
1.25246
1.2521
1.25173
1.25135
1.25097
1.25058
1.25019
1.24978
1.24937
1.24896
1.24853
1.24809
1.24765
1.2472
1.24674
1.24627
1.24579
1.24531
1.24481
1.24431
1.2438
1.24327
1.24275
1.24221
1.24166
1.24111
1.24055
1.23999
1.23942
1.23884
1.23826
1.23768
1.2371
1.23651
1.23593
1.23534
1.23476
1.23418
1.23361
1.23304
1.23248
1.23193
1.2314
1.23087
1.23036
1.22987
1.22939
1.22894
1.2285
1.22809
1.22771
1.22735
1.22702
1.22673
1.22646
1.22623
1.22603
1.22587
1.22574
1.22566
1.22561
1.22561
1.22565
1.22573
1.22585
1.22602
1.22623
1.22648
1.22678
1.22712
1.22751
1.22794
1.22841
1.22892
1.22947
1.23007
1.2307
1.23137
1.23208
1.23282
1.2336
1.2344
1.23524
1.23611
1.23701
1.23793
1.23887
1.23983
1.24082
1.24182
1.24284
1.24387
1.24492
1.24597
1.24703
1.2481
1.24917
1.25025
1.25132
1.2524
1.25347
1.25454
1.25561
1.25667
1.25772
1.25876
1.25979
1.26081
1.26182
1.26281
1.26379
1.26476
1.2657
1.26664
1.26755
1.26845
1.26934
1.2702
1.27105
1.27188
1.27269
1.27349
1.27426
1.27502
1.27577
1.27649
1.27721
1.2779
1.27859
1.27926
1.27992
1.28056
1.2812
1.28183
1.28244
1.28306
1.28366
1.28426
1.28486
1.28546
1.28606
1.28665
1.28725
1.28786
1.28846
1.28908
1.2897
1.29033
1.29097
1.29162
1.29228
1.29296
1.29364
1.29434
1.29506
1.29578
1.29653
1.29728
1.29805
1.29884
1.29964
1.30045
1.30127
1.30211
1.30295
1.30381
1.30467
1.30554
1.30642
1.3073
1.30819
1.30908
1.30997
1.31085
1.31173
1.31261
1.31348
1.31434
1.3152
1.31604
1.31686
1.31767
1.31847
1.31924
1.31999
1.32072
1.32143
1.32211
1.32277
1.32339
1.32399
1.32455
1.32508
1.32558
1.32604
1.32646
1.32685
1.32719
1.3275
1.32776
1.32798
1.32816
1.32829
1.32838
1.32842
1.32841
1.32836
1.32825
1.3281
1.3279
1.32765
1.32735
1.327
1.32659
1.32614
1.32563
1.32508
1.32447
1.32382
1.32311
1.32235
1.32155
1.3207
1.3198
1.31886
1.31787
1.31684
1.31576
1.31465
1.3135
1.31231
1.31108
1.30983
1.30854
1.30723
1.30589
1.30453
1.30314
1.30174
1.30033
1.2989
1.29746
1.29602
1.29457
1.29312
1.29168
1.29024
1.28881
1.2874
1.28599
1.28461
1.28324
1.2819
1.28059
1.2793
1.27805
1.27682
1.27564
1.27449
1.27339
1.27232
1.2713
1.27033
1.2694
1.26852
1.26769
1.26691
1.26619
1.26552
1.2649
1.26434
1.26383
1.26337
1.26297
1.26263
1.26233
1.2621
1.26191
1.26178
1.2617
1.26167
1.26169
1.26176
1.26187
1.26203
1.26223
1.26248
1.26276
1.26307
1.26343
1.26381
1.26423
1.26467
1.26513
1.26562
1.26613
1.26666
1.26719
1.26775
1.26831
1.26887
1.26944
1.27002
1.27059
1.27115
1.27172
1.27227
1.27281
1.27334
1.27386
1.27436
1.27484
1.2753
1.27574
1.27615
1.27654
1.27691
1.27724
1.27755
1.27782
1.27807
1.27828
1.27846
1.27861
1.27872
1.27879
1.27883
1.27883
1.2788
1.27873
1.27862
1.27847
1.27828
1.27805
1.27779
1.27748
1.27714
1.27676
1.27633
1.27587
1.27537
1.27483
1.27424
1.27362
1.27297
1.27227
1.27153
1.27076
1.26995
1.2691
1.26822
1.2673
1.26634
1.26536
1.26434
1.26328
1.2622
1.26109
1.25995
1.25878
1.25759
1.25637
1.25514
1.25388
1.2526
1.25132
1.25001
1.2487
1.24738
1.24605
1.24472
1.24339
1.24206
1.24074
1.23942
1.23812
1.23683
1.23556
1.23431
1.23308
1.23188
1.23071
1.22957
1.22846
1.22739
1.22637
1.22538
1.22444
1.22354
1.2227
1.2219
1.22115
1.22046
1.21982
1.21924
1.21871
1.21824
1.21782
1.21746
1.21715
1.2169
1.2167
1.21656
1.21646
1.21642
1.21643
1.21648
1.21658
1.21672
1.21691
1.21713
1.21739
1.21768
1.218
1.21835
1.21873
1.21913
1.21954
1.21997
1.22042
1.22088
1.22134
1.2218
1.22227
1.22273
1.22319
1.22364
1.22408
1.22451
1.22492
1.2253
1.22567
1.22602
1.22633
1.22662
1.22689
1.22712
1.22731
1.22748
1.22761
1.2277
1.22776
1.22778
1.22777
1.22772
1.22763
1.22751
1.22736
1.22718
1.22697
1.22672
1.22645
1.22616
1.22584
1.22551
1.22516
1.22479
1.22442
1.22403
1.22365
1.22326
1.22288
1.2225
1.22213
1.22178
1.22145
1.22114
1.22085
1.22059
1.22036
1.22017
1.22002
1.2199
1.21983
1.21981
1.21983
1.2199
1.22003
1.22021
1.22044
1.22073
1.22107
1.22147
1.22193
1.22244
1.22301
1.22364
1.22431
1.22504
1.22583
1.22666
1.22754
1.22846
1.22943
1.23044
1.23149
1.23258
1.2337
1.23485
1.23603
1.23723
1.23846
1.23971
1.24098
1.24227
1.24357
1.24488
1.24621
1.24754
1.24887
1.25021
1.25156
1.2529
1.25425
1.25559
1.25694
1.25828
1.25962
1.26095
1.26229
1.26361
1.26494
1.26626
1.26758
1.26889
1.2702
1.27151
1.27282
1.27412
1.27543
1.27673
1.27804
1.27934
1.28065
1.28195
1.28326
1.28457
1.28589
1.2872
1.28852
1.28984
1.29117
1.29249
1.29382
1.29515
1.29648
1.29782
1.29915
1.30049
1.30182
1.30315
1.30448
1.30581
1.30713
1.30846
1.30977
1.31108
1.31238
1.31368
1.31497
1.31625
1.31752
1.31878
1.32003
1.32127
1.32249
1.32371
1.32491
1.32609
1.32726
1.32842
1.32955
1.33068
1.33178
1.33287
1.33394
1.33499
1.33602
1.33703
1.33802
1.33899
1.33993
1.34086
1.34176
1.34263
1.34349
1.34432
1.34512
1.3459
1.34665
1.34737
1.34806
1.34873
1.34937
1.34998
1.35056
1.35111
1.35163
1.35211
1.35257
1.353
1.35339
1.35375
1.35407
1.35437
1.35463
1.35485
1.35504
1.3552
1.35532
1.3554
1.35545
1.35546
1.35544
1.35537
1.35527
1.35514
1.35496
1.35474
1.35448
1.35419
1.35385
1.35347
1.35305
1.35258
1.35207
1.35152
1.35092
1.35028
1.34959
1.34885
1.34807
1.34724
1.34636
1.34543
1.34445
1.34342
1.34234
1.34121
1.34003
1.3388
1.33752
1.33619
1.33481
1.33338
1.3319
1.33037
1.3288
1.32717
1.3255
1.32378
1.32202
1.32021
1.31836
1.31647
1.31454
1.31257
1.31056
1.30852
1.30644
1.30433
1.3022
1.30003
1.29784
1.29562
1.29338
1.29112
1.28884
1.28654
1.28423
1.2819
1.27957
1.27722
1.27487
1.27252
1.27016
1.2678
1.26545
1.2631
1.26075
1.25841
1.25608
1.25376
1.25146
1.24917
1.2469
1.24465
1.24242
1.24021
1.23803
1.23587
1.23374
1.23164
1.22957
1.22754
1.22554
1.22358
1.22165
1.21977
1.21792
1.21612
1.21436
1.21264
1.21097
1.20935
1.20777
1.20625
1.20477
1.20334
1.20197
1.20064
1.19937
1.19815
1.19698
1.19587
1.19481
1.19381
1.19285
1.19196
1.19111
1.19032
1.18959
1.1889
1.18827
1.18769
1.18717
1.18669
1.18627
1.1859
1.18558
1.18531
1.18508
1.1849
1.18477
1.18469
1.18465
1.18466
1.18471
1.1848
1.18493
1.1851
1.18531
1.18556
1.18585
1.18617
1.18653
1.18692
1.18734
1.1878
1.18828
1.1888
1.18934
1.18991
1.1905
1.19112
1.19176
1.19243
1.19311
1.19381
1.19453
1.19527
1.19603
1.19679
1.19757
1.19837
1.19917
1.19998
1.2008
1.20162
1.20245
1.20329
1.20412
1.20496
1.2058
1.20663
1.20746
1.20829
1.20911
1.20992
1.21073
1.21153
1.21231
1.21308
1.21384
1.21458
1.21531
1.21602
1.21671
1.21738
1.21804
1.21867
1.21927
1.21986
1.22041
1.22095
1.22145
1.22193
1.22238
1.22281
1.2232
1.22357
1.2239
1.22421
1.22448
1.22472
1.22494
1.22512
1.22527
1.22538
1.22547
1.22553
1.22555
1.22555
1.22551
1.22545
1.22535
1.22523
1.22508
1.2249
1.2247
1.22447
1.22422
1.22394
1.22364
1.22332
1.22297
1.22261
1.22223
1.22183
1.22142
1.221
1.22056
1.22011
1.21965
1.21918
1.21871
1.21824
1.21776
1.21728
1.21681
1.21634
1.21587
1.21541
1.21497
1.21453
1.21411
1.21371
1.21333
1.21297
1.21263
1.21232
1.21204
1.21179
1.21157
1.21139
1.21124
1.21113
1.21106
1.21104
1.21106
1.21113
1.21124
1.2114
1.21162
1.21188
1.2122
1.21257
1.21299
1.21347
1.214
1.21459
1.21524
1.21593
1.21669
1.2175
1.21836
1.21928
1.22025
1.22127
1.22234
1.22346
1.22463
1.22585
1.22712
1.22843
1.22978
1.23118
1.23261
1.23409
1.2356
1.23714
1.23872
1.24033
1.24197
1.24363
1.24533
1.24704
1.24878
1.25053
1.25231
1.2541
1.2559
1.25772
1.25954
1.26138
1.26322
1.26507
1.26692
1.26878
1.27063
1.27248
1.27433
1.27617
1.27801
1.27984
1.28167
1.28348
1.28528
1.28706
1.28883
1.29058
1.29232
1.29404
1.29574
1.29741
1.29907
1.3007
1.3023
1.30388
1.30543
1.30695
1.30844
1.3099
1.31133
1.31273
1.3141
1.31543
1.31673
1.31799
1.31921
1.3204
1.32155
1.32267
1.32374
1.32478
1.32578
1.32674
1.32767
1.32855
1.3294
1.33021
1.33099
1.33172
1.33242
1.33309
1.33371
1.33431
1.33487
1.33539
1.33589
1.33635
1.33678
1.33719
1.33756
1.33791
1.33823
1.33852
1.33879
1.33903
1.33926
1.33946
1.33964
1.33979
1.33994
1.34006
1.34016
1.34025
1.34032
1.34038
1.34042
1.34045
1.34046
1.34046
1.34045
1.34043
1.34039
1.34034
1.34028
1.34021
1.34012
1.34003
1.33992
1.3398
1.33967
1.33953
1.33938
1.33921
1.33903
1.33884
1.33864
1.33843
1.3382
1.33796
1.33771
1.33744
1.33717
1.33688
1.33658
1.33626
1.33594
1.3356
1.33524
1.33488
1.33451
1.33412
1.33372
1.33331
1.33289
1.33246
1.33202
1.33156
1.3311
1.33063
1.33015
1.32965
1.32915
1.32865
1.32813
1.3276
1.32707
1.32653
1.32599
1.32543
1.32487
1.3243
1.32373
1.32315
1.32256
1.32197
1.32137
1.32077
1.32016
1.31955
1.31893
1.31831
1.31768
1.31704
1.31641
1.31577
1.31512
1.31447
1.31381
1.31316
1.3125
1.31183
1.31117
1.3105
1.30983
1.30915
1.30848
1.3078
1.30712
1.30644
1.30576
1.30509
1.30441
1.30373
1.30305
1.30237
1.30169
1.30101
1.30033
1.29965
1.29897
1.29829
1.29761
1.29693
1.29625
1.29557
1.29488
1.2942
1.29351
1.29282
1.29212
1.29142
1.29072
1.29001
1.2893
1.28859
1.28787
1.28714
1.28641
1.28567
1.28493
1.28418
1.28343
1.28267
1.28191
1.28114
1.28037
1.27959
1.27882
1.27804
1.27725
1.27647
1.27568
1.2749
1.27412
1.27333
1.27255
1.27178
1.271
1.27023
1.26946
1.2687
1.26794
1.26719
1.26645
1.26571
1.26498
1.26425
1.26353
1.26282
1.26211
1.26141
1.26072
1.26003
1.25935
1.25867
1.25799
1.25732
1.25665
1.25599
1.25532
1.25466
1.254
1.25334
1.25268
1.25202
1.25136
1.2507
1.25004
1.24938
1.24872
1.24805
1.24739
1.24672
1.24606
1.2454
1.24473
1.24407
1.24341
1.24276
1.24211
1.24146
1.24082
1.24019
1.23957
1.23896
1.23837
1.23778
1.23722
1.23667
1.23613
1.23562
1.23514
1.23467
1.23423
1.23382
1.23344
1.23309
1.23277
1.23248
1.23223
1.23202
1.23184
1.2317
1.23161
1.23155
1.23154
1.23157
1.23165
1.23177
1.23194
1.23215
1.2324
1.23271
1.23306
1.23345
1.2339
1.23438
1.23491
1.23549
1.23611
1.23677
1.23747
1.23821
1.23898
1.2398
1.24064
1.24152
1.24243
1.24336
1.24432
1.2453
1.2463
1.24732
1.24835
1.2494
1.25045
1.25151
1.25257
1.25363
1.25468
1.25573
1.25677
1.2578
1.25881
1.2598
1.26077
1.26172
1.26264
1.26353
1.26438
1.26521
1.26599
1.26674
1.26744
1.2681
1.26871
1.26928
1.26979
1.27026
1.27067
1.27102
1.27132
1.27156
1.27174
1.27187
1.27193
1.27193
1.27187
1.27175
1.27156
1.27131
1.271
1.27062
1.27018
1.26968
1.26912
1.26849
1.2678
1.26706
1.26625
1.26539
1.26446
1.26349
1.26245
1.26137
1.26023
1.25905
1.25781
1.25653
1.25521
1.25384
1.25244
1.251
1.24952
1.24802
1.24648
1.24492
1.24334
1.24173
1.24011
1.23847
1.23682
1.23517
1.2335
1.23184
1.23018
1.22852
1.22687
1.22524
1.22362
1.22201
1.22043
1.21887
1.21734
1.21584
1.21438
1.21295
1.21156
1.21021
1.20891
1.20765
1.20644
1.20529
1.20419
1.20315
1.20216
1.20123
1.20037
1.19956
1.19882
1.19814
1.19753
1.19698
1.1965
1.19609
1.19574
1.19546
1.19524
1.19509
1.195
1.19498
1.19502
1.19512
1.19528
1.19551
1.19579
1.19613
1.19652
1.19697
1.19748
1.19803
1.19864
1.19929
1.19999
1.20073
1.20151
1.20234
1.2032
1.2041
1.20503
1.206
1.207
1.20803
1.20908
1.21016
1.21127
1.2124
1.21355
1.21471
1.2159
1.2171
1.21831
1.21954
1.22078
1.22203
1.22329
1.22455
1.22583
1.22711
1.22839
1.22967
1.23096
1.23225
1.23354
1.23483
1.23611
1.2374
1.23868
1.23996
1.24123
1.2425
1.24376
1.24502
1.24627
1.24751
1.24874
1.24997
1.25119
1.2524
1.2536
1.25478
1.25596
1.25713
1.25829
1.25943
1.26056
1.26169
1.26279
1.26389
1.26497
1.26604
1.26709
1.26813
1.26915
1.27016
1.27115
1.27213
1.27308
1.27402
1.27494
1.27584
1.27672
1.27758
1.27842
1.27923
1.28002
1.28079
1.28153
1.28225
1.28293
1.28359
1.28422
1.28482
1.28539
1.28593
1.28643
1.2869
1.28733
1.28773
1.28809
1.28841
1.2887
1.28894
1.28914
1.2893
1.28942
1.2895
1.28953
1.28953
1.28947
1.28937
1.28923
1.28905
1.28882
1.28854
1.28822
1.28786
1.28745
1.287
1.28651
1.28597
1.2854
1.28478
1.28413
1.28343
1.2827
1.28193
1.28113
1.2803
1.27943
1.27854
1.27761
1.27666
1.27568
1.27469
1.27367
1.27263
1.27157
1.2705
1.26942
1.26832
1.26722
1.26611
1.265
1.26388
1.26277
1.26165
1.26054
1.25944
1.25835
1.25726
1.25619
1.25514
1.2541
1.25308
1.25209
1.25111
1.25016
1.24924
1.24835
1.24748
1.24665
1.24586
1.2451
1.24437
1.24369
1.24304
1.24244
1.24188
1.24137
1.2409
1.24048
1.24011
1.23979
1.23952
1.2393
1.23913
1.23902
1.23897
1.23896
1.23902
1.23912
1.23929
1.23951
1.23978
1.24011
1.24049
1.24093
1.24141
1.24195
1.24253
1.24317
1.24385
1.24457
1.24533
1.24613
1.24697
1.24784
1.24874
1.24966
1.25061
1.25158
1.25257
1.25357
1.25459
1.25561
1.25664
1.25766
1.25869
1.25971
1.26073
1.26173
1.26272
1.2637
1.26466
1.2656
1.26652
1.26741
1.26829
1.26914
1.26996
1.27076
1.27153
1.27227
1.27299
1.27368
1.27434
1.27498
1.27559
1.27618
1.27674
1.27728
1.2778
1.27831
1.27879
1.27926
1.27971
1.28015
1.28057
1.28099
1.2814
1.2818
1.28219
1.28259
1.28297
1.28336
1.28375
1.28414
1.28453
1.28493
1.28533
1.28574
1.28615
1.28658
1.287
1.28744
1.28789
1.28834
1.2888
1.28928
1.28976
1.29024
1.29074
1.29125
1.29176
1.29228
1.2928
1.29333
1.29386
1.2944
1.29494
1.29548
1.29602
1.29656
1.2971
1.29764
1.29817
1.2987
1.29922
1.29973
1.30024
1.30073
1.30121
1.30169
1.30214
1.30259
1.30301
1.30343
1.30382
1.30419
1.30455
1.30488
1.30519
1.30548
1.30575
1.30599
1.30621
1.3064
1.30657
1.30671
1.30682
1.30691
1.30696
1.307
1.307
1.30697
1.30692
1.30684
1.30672
1.30659
1.30642
1.30622
1.306
1.30575
1.30547
1.30517
1.30484
1.30448
1.30411
1.3037
1.30328
1.30283
1.30236
1.30186
1.30135
1.30082
1.30027
1.29971
1.29913
1.29853
1.29792
1.2973
1.29667
1.29603
1.29538
1.29472
1.29406
1.29339
1.29271
1.29203
1.29135
1.29067
1.28999
1.28931
1.28863
1.28795
1.28728
1.28661
1.28595
1.28529
1.28463
1.28399
1.28335
1.28271
1.28209
1.28147
1.28086
1.28026
1.27966
1.27907
1.2785
1.27792
1.27736
1.2768
1.27625
1.27571
1.27517
1.27464
1.27411
1.27359
1.27308
1.27256
1.27205
1.27154
1.27103
1.27053
1.27002
1.26952
1.26901
1.2685
1.26799
1.26748
1.26696
1.26644
1.26591
1.26538
1.26485
1.2643
1.26375
1.2632
1.26263
1.26206
1.26148
1.2609
1.2603
1.2597
1.25909
1.25847
1.25785
1.25722
1.25658
1.25593
1.25528
1.25463
1.25397
1.25331
1.25264
1.25197
1.25131
1.25064
1.24997
1.24931
1.24865
1.248
1.24735
1.24671
1.24608
1.24546
1.24485
1.24426
1.24367
1.24311
1.24256
1.24202
1.24151
1.24101
1.24054
1.24009
1.23966
1.23925
1.23886
1.2385
1.23816
1.23784
1.23755
1.23729
1.23705
1.23683
1.23663
1.23646
1.23632
1.23619
1.23609
1.23601
1.23595
1.23592
1.2359
1.2359
1.23592
1.23596
1.23601
1.23608
1.23616
1.23626
1.23637
1.23649
1.23663
1.23677
1.23693
1.23709
1.23726
1.23744
1.23762
1.23781
1.238
1.2382
1.2384
1.2386
1.2388
1.239
1.2392
1.2394
1.2396
1.2398
1.24
1.24019
1.24037
1.24055
1.24073
1.2409
1.24106
1.24122
1.24137
1.24151
1.24164
1.24176
1.24187
1.24197
1.24206
1.24214
1.24221
1.24226
1.24231
1.24234
1.24235
1.24236
1.24235
1.24232
1.24228
1.24223
1.24216
1.24208
1.24198
1.24187
1.24174
1.2416
1.24145
1.24128
1.24109
1.2409
1.24069
1.24047
1.24023
1.23998
1.23973
1.23946
1.23917
1.23888
1.23858
1.23827
1.23795
1.23762
1.23729
1.23695
1.2366
1.23624
1.23589
1.23552
1.23516
1.23479
1.23442
1.23404
1.23367
1.2333
1.23293
1.23256
1.23219
1.23183
1.23148
1.23112
1.23078
1.23045
1.23012
1.22981
1.2295
1.22921
1.22893
1.22866
1.22841
1.22818
1.22796
1.22776
1.22758
1.22742
1.22728
1.22716
1.22706
1.22698
1.22693
1.2269
1.22689
1.22691
1.22695
1.22701
1.2271
1.22721
1.22735
1.22751
1.2277
1.22791
1.22814
1.2284
1.22867
1.22897
1.22929
1.22963
1.22998
1.23036
1.23075
1.23116
1.23158
1.23202
1.23247
1.23294
1.23342
1.2339
1.2344
1.2349
1.23542
1.23594
1.23647
1.237
1.23754
1.23808
1.23863
1.23918
1.23974
1.24029
1.24085
1.24141
1.24198
1.24254
1.24311
1.24367
1.24424
1.24481
1.24538
1.24596
1.24653
1.2471
1.24768
1.24825
1.24882
1.2494
1.24997
1.25055
1.25112
1.2517
1.25227
1.25284
1.25341
1.25398
1.25454
1.25511
1.25567
1.25622
1.25678
1.25732
1.25787
1.2584
1.25894
1.25946
1.25998
1.2605
1.261
1.2615
1.26199
1.26248
1.26295
1.26342
1.26388
1.26433
1.26477
1.26521
1.26563
1.26605
1.26646
1.26686
1.26726
1.26765
1.26803
1.2684
1.26877
1.26913
1.26948
1.26983
1.27018
1.27052
1.27086
1.27119
1.27151
1.27184
1.27215
1.27247
1.27278
1.27309
1.27339
1.27369
1.27398
1.27427
1.27455
1.27483
1.2751
1.27536
1.27562
1.27587
1.27611
1.27634
1.27656
1.27678
1.27698
1.27717
1.27736
1.27753
1.27769
1.27784
1.27798
1.2781
1.27822
1.27832
1.27842
1.2785
1.27858
1.27864
1.2787
1.27874
1.27878
1.27882
1.27884
1.27887
1.27888
1.2789
1.27891
1.27892
1.27893
1.27894
1.27894
1.27895
1.27897
1.27898
1.279
1.27902
1.27904
1.27907
1.2791
1.27914
1.27918
1.27923
1.27928
1.27933
1.27939
1.27946
1.27952
1.27959
1.27965
1.27972
1.27979
1.27985
1.27991
1.27996
1.28001
1.28005
1.28008
1.28009
1.2801
1.28008
1.28005
1.28
1.27993
1.27984
1.27972
1.27958
1.27941
1.27921
1.27898
1.27872
1.27842
1.27809
1.27773
1.27733
1.2769
1.27643
1.27592
1.27538
1.2748
1.27418
1.27354
1.27285
1.27214
1.27139
1.27061
1.26981
1.26898
1.26812
1.26724
1.26634
1.26543
1.2645
1.26355
1.2626
1.26165
1.26069
1.25973
1.25878
1.25784
1.25691
1.256
1.2551
1.25424
1.25339
1.25259
1.25181
1.25108
1.25039
1.24974
1.24915
1.24861
1.24813
1.24771
1.24735
1.24706
1.24683
1.24668
1.24659
1.24658
1.24664
1.24677
1.24698
1.24727
1.24763
1.24806
1.24857
1.24915
1.2498
1.25052
1.25131
1.25216
1.25308
1.25406
1.25509
1.25618
1.25733
1.25853
1.25977
1.26106
1.26239
1.26376
1.26516
1.2666
1.26806
1.26956
1.27107
1.27261
1.27416
1.27573
1.27731
1.2789
1.28049
1.28209
1.28369
1.28529
1.28688
1.28847
1.29005
1.29162
1.29318
1.29472
1.29625
1.29776
1.29924
1.30071
1.30216
1.30358
1.30497
1.30634
1.30769
1.309
1.31029
1.31155
1.31278
1.31398
1.31515
1.31629
1.3174
1.31847
1.31952
1.32054
1.32153
1.3225
1.32343
1.32433
1.32521
1.32606
1.32689
1.32768
1.32846
1.32921
1.32993
1.33063
1.33131
1.33197
1.3326
1.33322
1.33381
1.33438
1.33494
1.33547
1.33598
1.33647
1.33694
1.33739
1.33782
1.33823
1.33862
1.33898
1.33933
1.33965
1.33995
1.34022
1.34047
1.34069
1.34089
1.34106
1.3412
1.34132
1.34141
1.34146
1.34149
1.34149
1.34146
1.3414
1.3413
1.34118
1.34102
1.34083
1.34061
1.34036
1.34008
1.33976
1.33942
1.33904
1.33864
1.33821
1.33775
1.33726
1.33674
1.33621
1.33564
1.33505
1.33444
1.33381
1.33316
1.33249
1.3318
1.3311
1.33038
1.32965
1.3289
1.32815
1.32738
1.32661
1.32582
1.32504
1.32424
1.32344
1.32264
1.32184
1.32103
1.32023
1.31942
1.31861
1.31781
1.31701
1.31621
1.31541
1.31462
1.31383
1.31304
1.31225
1.31147
1.31069
1.30992
1.30914
1.30837
1.3076
1.30683
1.30606
1.30529
1.30452
1.30375
1.30297
1.3022
1.30142
1.30063
1.29984
1.29905
1.29825
1.29744
1.29662
1.2958
1.29497
1.29413
1.29329
1.29243
1.29157
1.29071
1.28983
1.28895
1.28807
1.28719
1.2863
1.28541
1.28453
1.28365
1.28277
1.2819
1.28104
1.28019
1.27936
1.27854
1.27775
1.27697
1.27621
1.27548
1.27478
1.2741
1.27346
1.27284
1.27226
1.2717
1.27118
1.27069
1.27024
1.26981
1.26942
1.26905
1.26871
1.2684
1.26811
1.26784
1.26759
1.26736
1.26715
1.26694
1.26675
1.26656
1.26638
1.2662
1.26602
1.26584
1.26565
1.26546
1.26525
1.26504
1.26481
1.26457
1.26431
1.26403
1.26374
1.26343
1.2631
1.26275
1.26238
1.262
1.26159
1.26116
1.26071
1.26024
1.25975
1.25924
1.25871
1.25817
1.25761
1.25703
1.25644
1.25584
1.25522
1.25459
1.25395
1.25331
1.25265
1.25198
1.25131
1.25064
1.24996
1.24928
1.2486
1.24792
1.24724
1.24656
1.24589
1.24523
1.24457
1.24391
1.24327
1.24264
1.24202
1.24141
1.24081
1.24023
1.23966
1.23911
1.23858
1.23807
1.23757
1.2371
1.23665
1.23622
1.23581
1.23543
1.23507
1.23474
1.23443
1.23415
1.2339
1.23367
1.23347
1.2333
1.23315
1.23304
1.23295
1.2329
1.23287
1.23287
1.2329
1.23296
1.23304
1.23316
1.2333
1.23347
1.23367
1.23389
1.23414
1.23441
1.23471
1.23503
1.23538
1.23575
1.23614
1.23655
1.23697
1.23742
1.23789
1.23837
1.23887
1.23938
1.23991
1.24045
1.241
1.24156
1.24213
1.24272
1.2433
1.2439
1.2445
1.24511
1.24572
1.24633
1.24694
1.24755
1.24816
1.24877
1.24937
1.24997
1.25057
1.25115
1.25173
1.2523
1.25285
1.2534
1.25393
1.25444
1.25494
1.25542
1.25589
1.25633
1.25675
1.25715
1.25753
1.25788
1.25821
1.25851
1.25879
1.25903
1.25925
1.25945
1.25961
1.25974
1.25984
1.25992
1.25996
1.25997
1.25995
1.25991
1.25983
1.25972
1.25958
1.25942
1.25922
1.259
1.25875
1.25848
1.25818
1.25786
1.25751
1.25714
1.25675
1.25634
1.25591
1.25546
1.25499
1.25451
1.25402
1.25351
1.25299
1.25246
1.25193
1.25138
1.25083
1.25027
1.24971
1.24915
1.24859
1.24802
1.24746
1.2469
1.24635
1.2458
1.24525
1.24472
1.24419
1.24367
1.24316
1.24267
1.24218
1.24172
1.24126
1.24082
1.2404
1.24
1.23962
1.23925
1.23891
1.23858
1.23828
1.238
1.23775
1.23752
1.23731
1.23713
1.23697
1.23684
1.23674
1.23667
1.23662
1.2366
1.23661
1.23665
1.23672
1.23681
1.23694
1.2371
1.23729
1.2375
1.23775
1.23803
1.23833
1.23867
1.23904
1.23944
1.23986
1.24032
1.2408
1.24132
1.24186
1.24243
1.24303
1.24365
1.24431
1.24499
1.24569
1.24642
1.24718
1.24796
1.24876
1.24959
1.25043
1.25131
1.2522
1.25311
1.25404
1.25499
1.25596
1.25694
1.25794
1.25896
1.25999
1.26103
1.26209
1.26316
1.26424
1.26533
1.26643
1.26754
1.26866
1.26978
1.27091
1.27204
1.27318
1.27433
1.27547
1.27662
1.27776
1.27891
1.28006
1.28121
1.28235
1.2835
1.28464
1.28578
1.28691
1.28804
1.28916
1.29028
1.29139
1.2925
1.2936
1.29469
1.29577
1.29685
1.29792
1.29897
1.30002
1.30106
1.30208
1.3031
1.3041
1.30509
1.30607
1.30703
1.30798
1.30891
1.30982
1.31072
1.3116
1.31246
1.3133
1.31412
1.31492
1.31569
1.31644
1.31716
1.31786
1.31853
1.31918
1.31979
1.32037
1.32092
1.32144
1.32193
1.32238
1.32279
1.32317
1.32351
1.32382
1.32408
1.3243
1.32449
1.32463
1.32473
1.32478
1.32479
1.32476
1.32469
1.32457
1.3244
1.32419
1.32393
1.32362
1.32327
1.32287
1.32243
1.32194
1.3214
1.32082
1.32019
1.31951
1.31879
1.31803
1.31723
1.31638
1.31549
1.31456
1.31358
1.31257
1.31153
1.31044
1.30932
1.30817
1.30699
1.30577
1.30453
1.30325
1.30196
1.30063
1.29928
1.29792
1.29653
1.29512
1.29369
1.29225
1.2908
1.28933
1.28785
1.28636
1.28487
1.28336
1.28185
1.28033
1.27881
1.27729
1.27576
1.27423
1.27271
1.27118
1.26965
1.26813
1.26661
1.26509
1.26358
1.26208
1.26058
1.25909
1.25761
1.25614
1.25468
1.25323
1.25179
1.25037
1.24897
1.24758
1.24621
1.24486
1.24353
1.24223
1.24094
1.23969
1.23846
1.23726
1.23609
1.23496
1.23386
1.23279
1.23176
1.23077
1.22982
1.22891
1.22804
1.22722
1.22644
1.22571
1.22502
1.22438
1.22379
1.22325
1.22276
1.22232
1.22192
1.22158
1.22128
1.22104
1.22084
1.22069
1.22058
1.22052
1.22051
1.22054
1.22061
1.22072
1.22087
1.22106
1.22129
1.22155
1.22184
1.22216
1.2225
1.22288
1.22327
1.22369
1.22412
1.22457
1.22503
1.22551
1.22599
1.22648
1.22697
1.22746
1.22795
1.22844
1.22892
1.22939
1.22985
1.2303
1.23073
1.23114
1.23153
1.2319
1.23224
1.23256
1.23285
1.2331
1.23333
1.23351
1.23367
1.23378
1.23385
1.23388
1.23387
1.23382
1.23372
1.23357
1.23337
1.23313
1.23284
1.23249
1.2321
1.23165
1.23116
1.23061
1.23
1.22935
1.22865
1.22789
1.22709
1.22624
1.22533
1.22439
1.22339
1.22235
1.22127
1.22015
1.219
1.2178
1.21658
1.21532
1.21404
1.21273
1.2114
1.21006
1.2087
1.20733
1.20596
1.20458
1.20321
1.20184
1.20048
1.19914
1.19781
1.1965
1.19522
1.19397
1.19276
1.19157
1.19043
1.18933
1.18828
1.18727
1.18632
1.18542
1.18458
1.1838
1.18307
1.18241
1.18181
1.18127
1.1808
1.18039
1.18006
1.17978
1.17958
1.17944
1.17938
1.17938
1.17945
1.17958
1.17979
1.18006
1.1804
1.1808
1.18127
1.18181
1.18242
1.18309
1.18382
1.18462
1.18548
1.18641
1.18739
1.18844
1.18955
1.19072
1.19195
1.19324
1.19459
1.19599
1.19745
1.19896
1.20052
1.20213
1.2038
1.20551
1.20727
1.20907
1.21092
1.2128
1.21473
1.2167
1.2187
1.22073
1.2228
1.2249
1.22702
1.22918
1.23135
1.23355
1.23577
1.23801
1.24026
1.24253
1.24481
1.24709
1.24939
1.2517
1.25401
1.25632
1.25863
1.26094
1.26324
1.26555
1.26784
1.27012
1.2724
1.27466
1.2769
1.27913
1.28134
1.28353
1.2857
1.28784
1.28995
1.29203
1.29408
1.2961
1.29809
1.30003
1.30194
1.3038
1.30562
1.3074
1.30912
1.3108
1.31242
1.31399
1.31551
1.31696
1.31836
1.3197
1.32097
1.32218
1.32332
1.3244
1.32541
1.32635
1.32722
1.32802
1.32875
1.3294
1.32999
1.3305
1.33093
1.3313
1.33159
1.3318
1.33195
1.33202
1.33203
1.33196
1.33182
1.33162
1.33134
1.33101
1.3306
1.33014
1.32961
1.32903
1.32838
1.32768
1.32693
1.32613
1.32527
1.32437
1.32343
1.32244
1.32141
1.32034
1.31923
1.3181
1.31693
1.31573
1.31451
1.31326
1.31199
1.3107
1.30939
1.30807
1.30674
1.3054
1.30405
1.30269
1.30134
1.29998
1.29862
1.29727
1.29592
1.29459
1.29326
1.29194
1.29065
1.28936
1.2881
1.28686
1.28564
1.28445
1.28329
1.28215
1.28105
1.27998
1.27894
1.27795
1.27699
1.27607
1.27519
1.27435
1.27356
1.27281
1.27211
1.27146
1.27086
1.2703
1.2698
1.26934
1.26894
1.26858
1.26828
1.26803
1.26783
1.26768
1.26758
1.26753
1.26753
1.26758
1.26767
1.26781
1.268
1.26823
1.2685
1.26882
1.26918
1.26957
1.27001
1.27048
1.27098
1.27152
1.27209
1.27269
1.27332
1.27398
1.27466
1.27537
1.27609
1.27684
1.27761
1.27839
1.27919
1.28001
1.28083
1.28167
1.28251
1.28337
1.28422
1.28509
1.28595
1.28682
1.28769
1.28856
1.28942
1.29028
1.29113
1.29197
1.29281
1.29363
1.29445
1.29525
1.29603
1.2968
1.29755
1.29829
1.299
1.29969
1.30036
1.30101
1.30164
1.30223
1.30281
1.30335
1.30387
1.30436
1.30482
1.30524
1.30564
1.30601
1.30635
1.30665
1.30692
1.30716
1.30737
1.30755
1.30769
1.30781
1.30789
1.30794
1.30797
1.30797
1.30793
1.30788
1.30779
1.30769
1.30756
1.3074
1.30723
1.30704
1.30683
1.30661
1.30637
1.30612
1.30585
1.30558
1.3053
1.30501
1.30472
1.30442
1.30412
1.30382
1.30351
1.30321
1.30291
1.30262
1.30232
1.30203
1.30175
1.30147
1.3012
1.30093
1.30067
1.30041
1.30016
1.29992
1.29968
1.29945
1.29922
1.299
1.29878
1.29856
1.29835
1.29813
1.29792
1.29771
1.29749
1.29727
1.29705
1.29682
1.29659
1.29635
1.2961
1.29584
1.29558
1.2953
1.29501
1.29471
1.2944
1.29408
1.29375
1.2934
1.29303
1.29266
1.29227
1.29187
1.29145
1.29103
1.29059
1.29014
1.28968
1.2892
1.28872
1.28823
1.28774
1.28723
1.28673
1.28621
1.2857
1.28518
1.28466
1.28414
1.28362
1.2831
1.28259
1.28208
1.28158
1.28109
1.2806
1.28012
1.27965
1.27919
1.27874
1.27831
1.27788
1.27747
1.27707
1.27669
1.27632
1.27596
1.27562
1.2753
1.27498
1.27469
1.2744
1.27413
1.27387
1.27363
1.2734
1.27318
1.27296
1.27276
1.27257
1.27239
1.27221
1.27204
1.27187
1.2717
1.27154
1.27138
1.27122
1.27105
1.27088
1.27071
1.27053
1.27034
1.27014
1.26994
1.26972
1.26948
1.26924
1.26897
1.26869
1.26839
1.26807
1.26773
1.26737
1.26698
1.26657
1.26614
1.26568
1.2652
1.26469
1.26415
1.26359
1.263
1.26239
1.26174
1.26107
1.26038
1.25966
1.25891
1.25814
1.25734
1.25652
1.25568
1.25482
1.25393
1.25303
1.25211
1.25118
1.25023
1.24927
1.2483
1.24732
1.24633
1.24533
1.24434
1.24334
1.24235
1.24135
1.24037
1.23939
1.23842
1.23746
1.23652
1.2356
1.23469
1.2338
1.23294
1.2321
1.23129
1.2305
1.22975
1.22903
1.22834
1.22768
1.22707
1.22649
1.22595
1.22544
1.22498
1.22456
1.22418
1.22385
1.22356
1.22331
1.2231
1.22294
1.22282
1.22274
1.2227
1.22271
1.22276
1.22286
1.22299
1.22316
1.22337
1.22362
1.22391
1.22424
1.2246
1.22499
1.22542
1.22589
1.22638
1.22691
1.22746
1.22805
1.22866
1.2293
1.22996
1.23065
1.23136
1.23209
1.23285
1.23362
1.23442
1.23523
1.23605
1.2369
1.23775
1.23862
1.2395
1.24039
1.24129
1.2422
1.24312
1.24404
1.24496
1.24589
1.24682
1.24775
1.24868
1.2496
1.25052
1.25144
1.25235
1.25325
1.25415
1.25503
1.2559
1.25676
1.25761
1.25844
1.25926
1.26006
1.26084
1.2616
1.26235
1.26307
1.26378
1.26446
1.26512
1.26576
1.26638
1.26697
1.26754
1.26808
1.26861
1.2691
1.26958
1.27002
1.27045
1.27085
1.27122
1.27157
1.2719
1.2722
1.27248
1.27274
1.27297
1.27318
1.27336
1.27353
1.27367
1.27378
1.27388
1.27395
1.27401
1.27404
1.27405
1.27404
1.27401
1.27396
1.27389
1.2738
1.27369
1.27356
1.27341
1.27325
1.27306
1.27286
1.27264
1.2724
1.27215
1.27188
1.27159
1.27129
1.27097
1.27064
1.2703
1.26994
1.26956
1.26918
1.26879
1.26838
1.26797
1.26754
1.26711
1.26668
1.26624
1.26579
1.26534
1.26489
1.26444
1.264
1.26355
1.26311
1.26268
1.26225
1.26183
1.26142
1.26103
1.26064
1.26027
1.25992
1.25958
1.25926
1.25896
1.25868
1.25842
1.25819
1.25798
1.25779
1.25762
1.25748
1.25737
1.25728
1.25721
1.25717
1.25716
1.25717
1.2572
1.25725
1.25733
1.25743
1.25755
1.25769
1.25784
1.25801
1.2582
1.25839
1.2586
1.25882
1.25905
1.25928
1.25951
1.25975
1.25999
1.26022
1.26045
1.26067
1.26089
1.2611
1.26129
1.26148
1.26164
1.26179
1.26192
1.26204
1.26213
1.2622
1.26224
1.26226
1.26226
1.26222
1.26216
1.26207
1.26196
1.26181
1.26164
1.26143
1.2612
1.26093
1.26064
1.26032
1.25997
1.25959
1.25919
1.25876
1.25831
1.25784
1.25734
1.25683
1.25629
1.25574
1.25518
1.25461
1.25402
1.25343
1.25284
1.25224
1.25164
1.25105
1.25046
1.24988
1.24931
1.24876
1.24823
1.24771
1.24722
1.24675
1.24632
1.24591
1.24553
1.24519
1.24489
1.24463
1.24441
1.24423
1.2441
1.24401
1.24398
1.24398
1.24404
1.24415
1.24431
1.24452
1.24477
1.24508
1.24544
1.24584
1.24629
1.24679
1.24733
1.24792
1.24854
1.24921
1.24991
1.25065
1.25143
1.25223
1.25306
1.25392
1.25479
1.25569
1.25661
1.25754
1.25848
1.25943
1.26038
1.26134
1.26229
1.26324
1.26418
1.26511
1.26603
1.26693
1.26781
1.26866
1.2695
1.2703
1.27108
1.27182
1.27253
1.2732
1.27383
1.27441
1.27496
1.27546
1.27591
1.27631
1.27667
1.27697
1.27722
1.27741
1.27755
1.27764
1.27767
1.27765
1.27757
1.27743
1.27724
1.27699
1.27669
1.27633
1.27591
1.27545
1.27493
1.27436
1.27374
1.27307
1.27235
1.27159
1.27079
1.26994
1.26905
1.26812
1.26715
1.26615
1.26512
1.26405
1.26296
1.26185
1.26071
1.25955
1.25837
1.25719
1.25598
1.25478
1.25356
1.25234
1.25113
1.24992
1.24871
1.24752
1.24634
1.24518
1.24404
1.24293
1.24184
1.24079
1.23977
1.23879
1.23785
1.23695
1.2361
1.2353
1.23456
1.23386
1.23323
1.23265
1.23213
1.23166
1.23126
1.23093
1.23065
1.23043
1.23028
1.23018
1.23015
1.23017
1.23025
1.23038
1.23057
1.2308
1.23109
1.23142
1.2318
1.23222
1.23269
1.23318
1.23372
1.23429
1.23489
1.23552
1.23617
1.23685
1.23756
1.23829
1.23904
1.2398
1.24059
1.24139
1.2422
1.24303
1.24388
1.24473
1.2456
1.24647
1.24736
1.24825
1.24915
1.25005
1.25096
1.25188
1.25279
1.25372
1.25464
1.25556
1.25648
1.2574
1.25832
1.25924
1.26015
1.26105
1.26194
1.26283
1.2637
1.26456
1.26541
1.26625
1.26706
1.26786
1.26864
1.26939
1.27013
1.27083
1.27151
1.27217
1.27279
1.27338
1.27393
1.27445
1.27494
1.27538
1.27579
1.27615
1.27647
1.27675
1.27699
1.27717
1.27731
1.2774
1.27745
1.27744
1.27738
1.27727
1.27711
1.27689
1.27662
1.2763
1.27592
1.27549
1.27501
1.27447
1.27388
1.27323
1.27254
1.27179
1.27098
1.27013
1.26922
1.26827
1.26726
1.26621
1.26511
1.26397
1.26278
1.26154
1.26027
1.25896
1.25761
1.25622
1.2548
1.25335
1.25187
1.25037
1.24884
1.24729
1.24572
1.24413
1.24253
1.24093
1.23931
1.2377
1.23608
1.23447
1.23287
1.23128
1.22971
1.22816
1.22663
1.22512
1.22365
1.22222
1.22082
1.21947
1.21817
1.21692
1.21572
1.21458
1.21351
1.2125
1.21156
1.21069
1.2099
1.20919
1.20856
1.20801
1.20755
1.20717
1.20689
1.20669
1.20659
1.20658
1.20666
1.20684
1.20711
1.20747
1.20793
1.20848
1.20913
1.20986
1.21068
1.21159
1.21258
1.21365
1.21481
1.21604
1.21735
1.21872
1.22017
1.22168
1.22325
1.22488
1.22656
1.2283
1.23008
1.2319
1.23377
1.23567
1.2376
1.23957
1.24156
1.24357
1.2456
1.24765
1.24971
1.25178
1.25386
1.25595
1.25803
1.26012
1.2622
1.26428
1.26636
1.26842
1.27048
1.27252
1.27454
1.27655
1.27854
1.28052
1.28247
1.2844
1.2863
1.28818
1.29004
1.29186
1.29366
1.29542
1.29716
1.29886
1.30053
1.30216
1.30376
1.30532
1.30684
1.30832
1.30977
1.31117
1.31253
1.31384
1.31512
1.31635
1.31753
1.31867
1.31976
1.3208
1.3218
1.32275
1.32365
1.3245
1.32531
1.32606
1.32676
1.32742
1.32802
1.32858
1.32908
1.32954
1.32995
1.33031
1.33062
1.33088
1.33109
1.33126
1.33138
1.33145
1.33148
1.33147
1.33141
1.3313
1.33116
1.33097
1.33074
1.33048
1.33017
1.32983
1.32945
1.32903
1.32858
1.3281
1.32758
1.32703
1.32645
1.32584
1.32519
1.32453
1.32383
1.32311
1.32236
1.32159
1.3208
1.31998
1.31914
1.31828
1.3174
1.3165
1.31559
1.31465
1.3137
1.31274
1.31176
1.31077
1.30977
1.30875
1.30773
1.30669
1.30565
1.3046
1.30355
1.30249
1.30142
1.30036
1.29929
1.29823
1.29716
1.2961
1.29504
1.29398
1.29294
1.29189
1.29086
1.28984
1.28882
1.28782
1.28683
1.28586
1.28489
1.28395
1.28302
1.28211
1.28121
1.28034
1.27948
1.27865
1.27784
1.27705
1.27628
1.27553
1.27481
1.27411
1.27343
1.27278
1.27215
1.27154
1.27096
1.27041
1.26988
1.26937
1.26888
1.26842
1.26799
1.26757
1.26718
1.2668
1.26645
1.26612
1.2658
1.26551
1.26523
1.26497
1.26473
1.26449
1.26428
1.26407
1.26388
1.2637
1.26352
1.26336
1.2632
1.26304
1.26289
1.26275
1.26261
1.26247
1.26233
1.26218
1.26204
1.26189
1.26174
1.26159
1.26143
1.26126
1.26108
1.26089
1.2607
1.26049
1.26027
1.26004
1.2598
1.25954
1.25927
1.25899
1.25868
1.25837
1.25803
1.25768
1.25732
1.25693
1.25653
1.25612
1.25568
1.25523
1.25476
1.25427
1.25377
1.25325
1.25272
1.25217
1.2516
1.25102
1.25043
1.24982
1.2492
1.24857
1.24792
1.24727
1.2466
1.24593
1.24525
1.24456
1.24386
1.24315
1.24244
1.24173
1.24101
1.24029
1.23957
1.23885
1.23812
1.2374
1.23668
1.23596
1.23524
1.23453
1.23382
1.23312
1.23242
1.23174
1.23106
1.23039
1.22974
1.2291
1.22847
1.22785
1.22725
1.22667
1.2261
1.22556
1.22503
1.22453
1.22405
1.22359
1.22316
1.22276
1.22239
1.22204
1.22173
1.22145
1.2212
1.22099
1.22081
1.22067
1.22057
1.22051
1.22049
1.22051
1.22058
1.22068
1.22084
1.22104
1.22129
1.22158
1.22193
1.22232
1.22276
1.22325
1.2238
1.22439
1.22503
1.22573
1.22647
1.22727
1.22812
1.22901
1.22996
1.23096
1.232
1.23309
1.23423
1.23541
1.23664
1.23791
1.23922
1.24057
1.24196
1.24338
1.24484
1.24634
1.24786
1.24941
1.25099
1.25259
1.25422
1.25586
1.25752
1.2592
1.26089
1.26259
1.26429
1.266
1.26771
1.26942
1.27113
1.27283
1.27452
1.2762
1.27787
1.27952
1.28115
1.28276
1.28434
1.2859
1.28743
1.28893
1.29039
1.29182
1.29322
1.29457
1.29588
1.29715
1.29838
1.29956
1.3007
1.30179
1.30283
1.30381
1.30475
1.30564
1.30648
1.30727
1.30801
1.30869
1.30933
1.30991
1.31045
1.31094
1.31138
1.31178
1.31213
1.31244
1.31271
1.31294
1.31314
1.3133
1.31343
1.31352
1.31359
1.31364
1.31366
1.31367
1.31365
1.31362
1.31358
1.31353
1.31347
1.31341
1.31335
1.31328
1.31322
1.31315
1.31309
1.31304
1.31299
1.31295
1.31292
1.31289
1.31287
1.31286
1.31286
1.31286
1.31287
1.31288
1.3129
1.31292
1.31294
1.31295
1.31297
1.31298
1.31299
1.31299
1.31298
1.31297
1.31294
1.31289
1.31283
1.31276
1.31266
1.31255
1.31241
1.31225
1.31207
1.31187
1.31164
1.31138
1.31109
1.31078
1.31044
1.31007
1.30967
1.30924
1.30877
1.30828
1.30775
1.30719
1.3066
1.30598
1.30532
1.30464
1.30391
1.30316
1.30237
1.30156
1.3007
1.29982
1.29891
1.29796
1.29699
1.29598
1.29495
1.29389
1.2928
1.29168
1.29054
1.28938
1.2882
1.28699
1.28576
1.28452
1.28326
1.28198
1.2807
1.2794
1.27809
1.27678
1.27547
1.27415
1.27283
1.27152
1.27021
1.26891
1.26761
1.26633
1.26506
1.26381
1.26258
1.26136
1.26017
1.259
1.25786
1.25674
1.25566
1.2546
1.25357
1.25258
1.25162
1.2507
1.2498
1.24895
1.24813
1.24735
1.2466
1.24589
1.24521
1.24457
1.24396
1.24339
1.24286
1.24235
1.24188
1.24144
1.24103
1.24064
1.24029
1.23996
1.23966
1.23938
1.23912
1.23889
1.23867
1.23847
1.23829
1.23813
1.23798
1.23784
1.23772
1.2376
1.2375
1.2374
1.23731
1.23723
1.23715
1.23707
1.23699
1.23692
1.23685
1.23677
1.2367
1.23662
1.23654
1.23645
1.23636
1.23627
1.23617
1.23606
1.23594
1.23582
1.23569
1.23555
1.23541
1.23525
1.23509
1.23491
1.23473
1.23454
1.23433
1.23412
1.2339
1.23367
1.23343
1.23318
1.23292
1.23265
1.23237
1.23208
1.23179
1.23148
1.23117
1.23085
1.23052
1.23018
1.22983
1.22948
1.22912
1.22875
1.22838
1.228
1.22762
1.22723
1.22683
1.22643
1.22602
1.22561
1.2252
1.22478
1.22436
1.22393
1.22351
1.22308
1.22265
1.22222
1.2218
1.22137
1.22095
1.22053
1.22012
1.21971
1.21931
1.21892
1.21854
1.21817
1.21781
1.21747
1.21714
1.21683
1.21654
1.21628
1.21604
1.21582
1.21564
1.21548
1.21536
1.21527
1.21522
1.21521
1.21524
1.21531
1.21543
1.2156
1.21582
1.21608
1.2164
1.21678
1.2172
1.21769
1.21823
1.21882
1.21948
1.22019
1.22095
1.22177
1.22265
1.22358
1.22457
1.2256
1.22669
1.22782
1.229
1.23022
1.23148
1.23278
1.23411
1.23547
1.23686
1.23827
1.2397
1.24116
1.24262
1.2441
1.24558
1.24707
1.24855
1.25004
1.25152
1.25298
1.25444
1.25588
1.2573
1.2587
1.26007
1.26142
1.26274
1.26403
1.26528
1.2665
1.26768
1.26883
1.26993
1.27099
1.27201
1.27298
1.27391
1.27479
1.27563
1.27642
1.27716
1.27785
1.2785
1.27909
1.27964
1.28014
1.2806
1.281
1.28136
1.28167
1.28193
1.28215
1.28232
1.28245
1.28253
1.28258
1.28258
1.28254
1.28246
1.28234
1.28218
1.28199
1.28176
1.28149
1.2812
1.28087
1.28051
1.28012
1.2797
1.27925
1.27878
1.27828
1.27776
1.27722
1.27666
1.27607
1.27547
1.27485
1.27421
1.27356
1.27289
1.27221
1.27152
1.27082
1.27011
1.26939
1.26867
1.26794
1.2672
1.26647
1.26573
1.26499
1.26426
1.26352
1.26279
1.26206
1.26134
1.26063
1.25993
