2.13859
2.13779
2.13666
2.1352
2.13342
2.1313
2.12885
2.12607
2.12295
2.11951
2.11572
2.1116
2.10715
2.10235
2.09722
2.09174
2.08593
2.07977
2.07326
2.06641
2.05921
2.05166
2.04375
2.0355
2.0269
2.01794
2.00862
1.99895
1.98892
1.97853
1.96779
1.95668
1.94522
1.93339
1.92121
1.90867
1.89577
1.88251
1.8689
1.85494
1.84062
1.82596
1.81095
1.79559
1.7799
1.76388
1.74753
1.73086
1.71388
1.69658
1.67899
1.66111
1.64295
1.62452
1.60583
1.5869
1.56773
1.54835
1.52876
1.50899
1.48905
1.46895
1.44873
1.42839
1.40795
1.38745
1.36689
1.34631
1.32572
1.30515
1.28462
1.26416
1.2438
1.22355
1.20344
1.1835
1.16375
1.14421
1.12492
1.10589
1.08714
1.06871
1.05061
1.03286
1.01548
0.998497
0.981923
0.965776
0.950072
0.934827
0.920053
0.905763
0.891969
0.878679
0.865902
0.853646
0.841916
0.830716
0.82005
0.809921
0.800328
0.791272
0.78275
0.774761
0.767301
0.760365
0.753947
0.748041
0.74264
0.737735
0.733317
0.729378
0.725906
0.722892
0.720323
0.718189
0.716476
0.715174
0.714267
0.713745
0.713593
0.713798
0.714346
0.715224
0.716419
0.717915
0.7197
0.72176
0.724081
0.72665
0.729453
0.732477
0.735709
0.739136
0.742745
0.746524
0.750459
0.75454
0.758754
0.76309
0.767536
0.772081
0.776715
0.781426
0.786205
0.791042
0.795927
0.80085
0.805803
0.810776
0.815762
0.820752
0.825737
0.830712
0.835667
0.840596
0.845492
0.85035
0.855161
0.859921
0.864624
0.869265
0.873837
0.878337
0.88276
0.887101
0.891356
0.895521
0.899592
0.903567
0.907441
0.911213
0.914878
0.918435
0.921881
0.925214
0.928432
0.931534
0.934517
0.937382
0.940126
0.942749
0.94525
0.947628
0.949885
0.952018
0.954029
0.955918
0.957685
0.959331
0.960857
0.962264
0.963553
0.964726
0.965785
0.96673
0.967565
0.968291
0.96891
0.969426
0.96984
0.970156
0.970376
0.970503
0.970541
0.970493
0.970363
0.970153
0.969868
0.969511
0.969085
0.968596
0.968046
0.96744
0.966781
0.966074
0.965323
0.964531
0.963702
0.962841
0.961952
0.961038
0.960103
0.959151
0.958186
0.957212
0.956232
0.95525
0.954269
0.953292
0.952324
0.951367
0.950423
0.949498
0.948592
0.94771
0.946853
0.946025
0.945227
0.944463
0.943735
0.943045
0.942394
0.941786
0.941222
0.940704
0.940233
0.939811
0.93944
0.939121
0.938855
0.938644
0.938488
0.938389
0.938347
0.938363
0.938438
0.938572
0.938767
0.939021
0.939335
0.93971
0.940145
0.94064
0.941195
0.94181
0.942485
0.943218
0.94401
0.944859
0.945765
0.946727
0.947744
0.948815
0.949939
0.951116
0.952343
0.95362
0.954945
0.956318
0.957736
0.959199
0.960704
0.962251
0.963838
0.965464
0.967127
0.968825
0.970558
0.972323
0.974118
0.975943
0.977796
0.979675
0.981578
0.983504
0.985451
0.987419
0.989404
0.991406
0.993422
0.995452
0.997494
0.999546
1.00161
1.00367
1.00575
1.00783
1.00991
1.01199
1.01407
1.01615
1.01823
1.0203
1.02237
1.02443
1.02648
1.02852
1.03056
1.03258
1.03459
1.03658
1.03856
1.04053
1.04248
1.04442
1.04633
1.04823
1.05011
1.05198
1.05382
1.05564
1.05744
1.05922
1.06098
1.06272
1.06444
1.06613
1.06781
1.06946
1.07109
1.0727
1.07428
1.07584
1.07738
1.0789
1.08039
1.08186
1.08331
1.08473
1.08613
1.08751
1.08887
1.0902
1.0915
1.09278
1.09404
1.09527
1.09648
1.09767
1.09882
1.09995
1.10106
1.10214
1.10319
1.10422
1.10522
1.10619
1.10714
1.10805
1.10894
1.1098
1.11063
1.11144
1.11221
1.11296
1.11367
1.11436
1.11502
1.11565
1.11625
1.11683
1.11737
1.11789
1.11837
1.11883
1.11927
1.11967
1.12005
1.12041
1.12073
1.12104
1.12132
1.12157
1.1218
1.12201
1.1222
1.12236
1.12251
1.12263
1.12274
1.12283
1.1229
1.12296
1.123
1.12302
1.12303
1.12303
1.12301
1.12299
1.12295
1.1229
1.12285
1.12278
1.12271
1.12263
1.12254
1.12245
1.12236
1.12226
1.12216
1.12205
1.12194
1.12183
1.12172
1.12161
1.1215
1.1214
1.12129
1.12118
1.12108
1.12098
1.12088
1.12078
1.12069
1.1206
1.12052
1.12044
1.12037
1.1203
1.12023
1.12017
1.12012
1.12007
1.12003
1.11999
1.11995
1.11993
1.1199
1.11988
1.11987
1.11986
1.11986
1.11986
1.11987
1.11988
1.11989
1.1199
1.11992
1.11995
1.11997
1.12
1.12003
1.12006
1.1201
1.12013
1.12017
1.12021
1.12025
1.1203
1.12034
1.12039
1.12043
1.12048
1.12053
1.12058
1.12064
1.12069
1.12075
1.12081
1.12088
1.12095
1.12102
1.1211
1.12119
1.12127
1.12137
1.12147
1.12159
1.1217
1.12183
1.12197
1.12212
1.12228
1.12245
1.12264
1.12284
1.12305
1.12328
1.12352
1.12378
1.12406
1.12435
1.12466
1.12499
1.12535
1.12572
1.12611
1.12652
1.12695
1.12741
1.12788
1.12838
1.1289
1.12944
1.13
1.13058
1.13119
1.13181
1.13245
1.13312
1.1338
1.13449
1.1352
1.13593
1.13667
1.13742
1.13818
1.13895
1.13972
1.1405
1.14129
1.14207
1.14285
1.14363
1.1444
1.14517
1.14592
1.14667
1.1474
1.14811
1.14881
1.14949
1.15014
1.15077
1.15138
1.15196
1.15251
1.15303
1.15352
1.15397
1.15439
1.15478
1.15513
1.15544
1.15571
1.15594
1.15613
1.15628
1.15639
1.15646
1.15648
1.15646
1.1564
1.15629
1.15614
1.15594
1.15571
1.15542
1.15509
1.15472
1.15431
1.15385
1.15334
1.15279
1.1522
1.15157
1.15089
1.15017
1.1494
1.1486
1.14775
1.14686
1.14593
1.14496
1.14395
1.1429
1.14181
1.14068
1.13951
1.13831
1.13707
1.13579
1.13448
1.13313
1.13175
1.13034
1.1289
1.12743
1.12593
1.12441
1.12286
1.12128
1.11969
1.11807
1.11644
1.11479
1.11312
1.11145
1.10976
1.10807
1.10637
1.10468
1.10298
1.10129
1.0996
1.09793
1.09626
1.09462
1.09299
1.09138
1.0898
1.08824
1.08672
1.08523
1.08378
1.08237
1.081
1.07968
1.07841
1.07719
1.07602
1.07491
1.07386
1.07288
1.07195
1.07109
1.0703
1.06957
1.06892
1.06834
1.06782
1.06738
1.06702
1.06672
1.0665
1.06636
1.06628
1.06628
1.06635
1.06649
1.06671
1.06698
1.06733
1.06774
1.06821
1.06875
1.06934
1.06999
1.0707
1.07146
1.07227
1.07312
1.07402
1.07496
1.07595
1.07696
1.07802
1.0791
1.08021
1.08135
1.08251
1.08369
1.08489
1.08611
1.08734
1.08858
1.08982
1.09108
1.09234
1.0936
1.09486
1.09612
1.09737
1.09862
1.09987
1.10111
1.10234
1.10356
1.10476
1.10596
1.10715
1.10832
1.10947
1.11062
1.11174
1.11286
1.11395
1.11504
1.1161
1.11715
1.11819
1.11921
1.12021
1.1212
1.12218
1.12313
1.12408
1.12501
1.12592
1.12683
1.12771
1.12859
1.12945
1.1303
1.13113
1.13195
1.13276
1.13356
1.13434
1.13512
1.13588
1.13662
1.13736
1.13808
1.13879
1.13949
1.14017
1.14085
1.1415
1.14215
1.14278
1.14339
1.144
1.14458
1.14516
1.14571
1.14625
1.14678
1.14728
1.14777
1.14825
1.1487
1.14914
1.14956
1.14997
1.15035
1.15072
1.15106
1.15139
1.1517
1.15199
1.15227
1.15252
1.15276
1.15297
1.15317
1.15336
1.15352
1.15367
1.1538
1.15392
1.15402
1.1541
1.15417
1.15423
1.15427
1.15431
1.15433
1.15434
1.15434
1.15433
1.15432
1.15429
1.15426
1.15423
1.15419
1.15414
1.15409
1.15404
1.15398
1.15393
1.15387
1.15381
1.15375
1.15369
1.15363
1.15357
1.15351
1.15344
1.15338
1.15332
1.15325
1.15318
1.15311
1.15304
1.15296
1.15288
1.15279
1.15269
1.15259
1.15248
1.15235
1.15222
1.15206
1.1519
1.15172
1.15152
1.1513
1.15106
1.1508
1.15051
1.1502
1.14987
1.1495
1.14911
1.14869
1.14823
1.14775
1.14723
1.14667
1.14608
1.14546
1.14479
1.1441
1.14336
1.14259
1.14177
1.14093
1.14004
1.13911
1.13815
1.13715
1.13612
1.13505
1.13394
1.1328
1.13162
1.13042
1.12918
1.12791
1.12662
1.12529
1.12395
1.12257
1.12118
1.11977
1.11834
1.11689
1.11543
1.11395
1.11247
1.11098
1.10949
1.10799
1.1065
1.105
1.10352
1.10204
1.10057
1.09911
1.09767
1.09625
1.09484
1.09346
1.09211
1.09079
1.08949
1.08823
1.087
1.08581
1.08466
1.08355
1.08249
1.08147
1.08049
1.07957
1.07869
1.07786
1.07708
1.07636
1.07569
1.07507
1.0745
1.07399
1.07353
1.07312
1.07277
1.07247
1.07222
1.07202
1.07187
1.07177
1.07171
1.07171
1.07174
1.07182
1.07194
1.07209
1.07229
1.07252
1.07278
1.07307
1.07339
1.07373
1.07411
1.0745
1.07491
1.07534
1.07579
1.07625
1.07673
1.07721
1.07771
1.07821
1.07872
1.07923
1.07975
1.08026
1.08078
1.0813
1.08182
1.08234
1.08285
1.08336
1.08387
1.08437
1.08487
1.08536
1.08585
1.08633
1.0868
1.08726
1.08771
1.08816
1.0886
1.08902
1.08944
1.08984
1.09023
1.09061
1.09097
1.09132
1.09165
1.09196
1.09226
1.09254
1.0928
1.09305
1.09327
1.09347
1.09365
1.0938
1.09394
1.09405
1.09413
1.0942
1.09424
1.09426
1.09425
1.09423
1.09418
1.0941
1.09401
1.0939
1.09377
1.09362
1.09345
1.09327
1.09307
1.09286
1.09263
1.0924
1.09216
1.0919
1.09165
1.09138
1.09112
1.09085
1.09058
1.09032
1.09005
1.08979
1.08954
1.08929
1.08905
1.08883
1.08861
1.0884
1.08821
1.08803
1.08786
1.08771
1.08758
1.08746
1.08736
1.08727
1.08721
1.08716
1.08713
1.08712
1.08712
1.08715
1.08719
1.08725
1.08733
1.08742
1.08754
1.08767
1.08781
1.08798
1.08815
1.08835
1.08856
1.08878
1.08902
1.08927
1.08953
1.08981
1.0901
1.0904
1.09071
1.09103
1.09137
1.09171
1.09206
1.09242
1.09279
1.09317
1.09355
1.09395
1.09435
1.09475
1.09517
1.09559
1.09602
1.09645
1.09689
1.09733
1.09779
1.09824
1.0987
1.09917
1.09964
1.10012
1.10061
1.1011
1.1016
1.1021
1.10261
1.10312
1.10364
1.10417
1.10471
1.10525
1.1058
1.10636
1.10693
1.10751
1.10809
1.10869
1.10929
1.10991
1.11053
1.11117
1.11181
1.11247
1.11314
1.11381
1.1145
1.1152
1.11591
1.11664
1.11737
1.11811
1.11887
1.11963
1.1204
1.12118
1.12197
1.12277
1.12357
1.12438
1.1252
1.12602
1.12684
1.12766
1.12849
1.12931
1.13014
1.13096
1.13177
1.13258
1.13338
1.13417
1.13496
1.13572
1.13648
1.13722
1.13794
1.13865
1.13933
1.13999
1.14063
1.14125
1.14183
1.14239
1.14292
1.14342
1.14389
1.14432
1.14472
1.14508
1.14541
1.1457
1.14595
1.14617
1.14634
1.14647
1.14656
1.14662
1.14663
1.1466
1.14653
1.14642
1.14627
1.14608
1.14586
1.14559
1.14529
1.14495
1.14458
1.14417
1.14373
1.14327
1.14277
1.14224
1.14169
1.14112
1.14052
1.13991
1.13927
1.13863
1.13796
1.13729
1.13661
1.13592
1.13523
1.13453
1.13384
1.13315
1.13246
1.13178
1.13111
1.13045
1.1298
1.12917
1.12856
1.12796
1.12739
1.12683
1.1263
1.12579
1.12531
1.12486
1.12443
1.12403
1.12366
1.12332
1.12301
1.12273
1.12248
1.12226
1.12207
1.12191
1.12178
1.12167
1.1216
1.12155
1.12152
1.12152
1.12155
1.12159
1.12166
1.12175
1.12185
1.12197
1.1221
1.12225
1.1224
1.12257
1.12274
1.12292
1.1231
1.12329
1.12347
1.12365
1.12383
1.12401
1.12418
1.12433
1.12449
1.12463
1.12475
1.12487
1.12497
1.12506
1.12513
1.12518
1.12522
1.12524
1.12524
1.12523
1.12519
1.12514
1.12507
1.12499
1.12489
1.12477
1.12464
1.12449
1.12433
1.12416
1.12398
1.12378
1.12358
1.12338
1.12316
1.12295
1.12273
1.12252
1.1223
1.12209
1.12189
1.1217
1.12151
1.12134
1.12119
1.12105
1.12092
1.12082
1.12075
1.12069
1.12067
1.12067
1.1207
1.12077
1.12086
1.12099
1.12116
1.12137
1.12161
1.12189
1.12221
1.12257
1.12297
1.12341
1.1239
1.12442
1.12498
1.12559
1.12623
1.12691
1.12763
1.12839
1.12918
1.13
1.13086
1.13175
1.13266
1.1336
1.13457
1.13556
1.13658
1.13761
1.13866
1.13972
1.14079
1.14188
1.14297
1.14406
1.14516
1.14626
1.14736
1.14846
1.14954
1.15063
1.1517
1.15276
1.1538
1.15483
1.15585
1.15684
1.15782
1.15877
1.1597
1.16061
1.16149
1.16235
1.16318
1.16398
1.16475
1.16549
1.16621
1.16689
1.16755
1.16817
1.16876
1.16932
1.16985
1.17035
1.17082
1.17126
1.17166
1.17203
1.17238
1.17269
1.17298
1.17323
1.17346
1.17365
1.17382
1.17396
1.17408
1.17416
1.17422
1.17426
1.17427
1.17426
1.17422
1.17416
1.17408
1.17398
1.17385
1.1737
1.17354
1.17335
1.17315
1.17292
1.17268
1.17243
1.17215
1.17186
1.17155
1.17123
1.17089
1.17054
1.17018
1.1698
1.16941
1.169
1.16858
1.16815
1.16771
1.16726
1.1668
1.16632
1.16584
1.16534
1.16484
1.16433
1.1638
1.16327
1.16273
1.16218
1.16163
1.16106
1.16049
1.15991
1.15932
1.15873
1.15813
1.15753
1.15692
1.1563
1.15568
1.15505
1.15442
1.15379
1.15315
1.1525
1.15186
1.15121
1.15055
1.1499
1.14924
1.14858
1.14791
1.14725
1.14658
1.14591
1.14524
1.14457
1.1439
1.14323
1.14256
1.14188
1.14121
1.14054
1.13986
1.13919
1.13852
1.13785
1.13717
1.1365
1.13584
1.13517
1.1345
1.13384
1.13317
1.13251
1.13185
1.13119
1.13053
1.12988
1.12923
1.12858
1.12793
1.12728
1.12664
1.126
1.12537
1.12473
1.1241
1.12348
1.12285
1.12223
1.12162
1.12101
1.1204
1.1198
1.1192
1.11861
1.11802
1.11744
1.11687
1.1163
1.11573
1.11518
1.11462
1.11408
1.11354
1.11301
1.11249
1.11198
1.11147
1.11098
1.11049
1.11001
1.10954
1.10908
1.10863
1.10819
1.10776
1.10735
1.10694
1.10654
1.10616
1.10579
1.10543
1.10508
1.10475
1.10443
1.10412
1.10383
1.10355
1.10328
1.10303
1.10279
1.10257
1.10236
1.10216
1.10198
1.10182
1.10167
1.10153
1.10141
1.10131
1.10122
1.10114
1.10108
1.10103
1.101
1.10098
1.10097
1.10098
1.101
1.10103
1.10107
1.10113
1.1012
1.10127
1.10136
1.10146
1.10156
1.10167
1.1018
1.10192
1.10206
1.1022
1.10234
1.10249
1.10264
1.10279
1.10295
1.10311
1.10327
1.10343
1.10359
1.10376
1.10392
1.10408
1.10425
1.10441
1.10458
1.10474
1.10491
1.10507
1.10524
1.10541
1.10558
1.10575
1.10593
1.10611
1.10629
1.10648
1.10667
1.10686
1.10707
1.10728
1.1075
1.10772
1.10795
1.1082
1.10845
1.1087
1.10897
1.10925
1.10954
1.10983
1.11013
1.11045
1.11077
1.11109
1.11143
1.11177
1.11212
1.11247
1.11283
1.11319
1.11356
1.11393
1.11429
1.11466
1.11503
1.11539
1.11575
1.11611
1.11646
1.11681
1.11715
1.11749
1.11781
1.11813
1.11844
1.11874
1.11903
1.11931
1.11957
1.11983
1.12008
1.12032
1.12054
1.12076
1.12097
1.12116
1.12135
1.12153
1.1217
1.12186
1.12202
1.12217
1.12231
1.12244
1.12257
1.1227
1.12282
1.12294
1.12305
1.12316
1.12327
1.12338
1.12348
1.12358
1.12368
1.12377
1.12386
1.12395
1.12404
1.12412
1.12419
1.12426
1.12433
1.12438
1.12443
1.12447
1.1245
1.12452
1.12454
1.12453
1.12452
1.12449
1.12445
1.12439
1.12432
1.12423
1.12412
1.124
1.12385
1.12369
1.12351
1.12331
1.12308
1.12284
1.12258
1.12229
1.12198
1.12166
1.12131
1.12094
1.12055
1.12014
1.11972
1.11927
1.1188
1.11832
1.11782
1.1173
1.11677
1.11622
1.11566
1.11509
1.1145
1.1139
1.1133
1.11268
1.11206
1.11143
1.1108
1.11017
1.10953
1.10889
1.10825
1.10762
1.10699
1.10636
1.10574
1.10512
1.10452
1.10392
1.10334
1.10276
1.1022
1.10166
1.10113
1.10062
1.10012
1.09965
1.09919
1.09875
1.09834
1.09794
1.09757
1.09722
1.09689
1.09658
1.0963
1.09604
1.0958
1.09559
1.0954
1.09523
1.09508
1.09495
1.09485
1.09477
1.09471
1.09466
1.09464
1.09463
1.09465
1.09467
1.09472
1.09478
1.09485
1.09494
1.09504
1.09515
1.09527
1.09541
1.09555
1.0957
1.09586
1.09602
1.09619
1.09637
1.09655
1.09674
1.09693
1.09713
1.09733
1.09753
1.09773
1.09794
1.09815
1.09836
1.09858
1.0988
1.09902
1.09925
1.09948
1.09971
1.09995
1.10019
1.10044
1.10069
1.10095
1.10121
1.10148
1.10176
1.10205
1.10235
1.10265
1.10297
1.10329
1.10362
1.10397
1.10432
1.10468
1.10506
1.10544
1.10583
1.10624
1.10665
1.10708
1.10751
1.10795
1.1084
1.10885
1.10931
1.10978
1.11025
1.11072
1.1112
1.11168
1.11216
1.11263
1.11311
1.11358
1.11405
1.11451
1.11496
1.11541
1.11584
1.11627
1.11668
1.11708
1.11746
1.11783
1.11819
1.11853
1.11885
1.11915
1.11943
1.1197
1.11994
1.12016
1.12037
1.12055
1.12071
1.12085
1.12097
1.12107
1.12115
1.1212
1.12124
1.12126
1.12125
1.12123
1.12119
1.12113
1.12105
1.12096
1.12085
1.12072
1.12058
1.12043
1.12026
1.12008
1.11989
1.11969
1.11947
1.11925
1.11902
1.11877
1.11853
1.11827
1.11801
1.11774
1.11746
1.11718
1.1169
1.11661
1.11632
1.11603
1.11573
1.11544
1.11514
1.11484
1.11453
1.11423
1.11393
1.11363
1.11332
1.11302
1.11272
1.11242
1.11212
1.11183
1.11153
1.11124
1.11095
1.11067
1.11039
1.11011
1.10984
1.10957
1.10931
1.10906
1.10881
1.10857
1.10834
1.10811
1.10789
1.10769
1.10749
1.1073
1.10712
1.10696
1.10681
1.10666
1.10654
1.10642
1.10632
1.10624
1.10616
1.10611
1.10607
1.10604
1.10604
1.10604
1.10607
1.10611
1.10617
1.10624
1.10634
1.10645
1.10657
1.10671
1.10687
1.10705
1.10724
1.10745
1.10767
1.10791
1.10816
1.10843
1.10871
1.109
1.10931
1.10963
1.10995
1.11029
1.11064
1.111
1.11137
1.11174
1.11213
1.11252
1.11291
1.11331
1.11372
1.11413
1.11454
1.11496
1.11538
1.1158
1.11622
1.11665
1.11707
1.11749
1.11791
1.11834
1.11876
1.11918
1.11959
1.12001
1.12042
1.12082
1.12123
1.12162
1.12202
1.12241
1.12279
1.12317
1.12354
1.12391
1.12426
1.12461
1.12495
1.12529
1.12561
1.12592
1.12623
1.12652
1.1268
1.12707
1.12733
1.12757
1.1278
1.12801
1.12821
1.1284
1.12856
1.12872
1.12885
1.12896
1.12906
1.12914
1.1292
1.12924
1.12926
1.12926
1.12924
1.1292
1.12914
1.12905
1.12895
1.12883
1.12868
1.12852
1.12834
1.12814
1.12791
1.12767
1.12742
1.12714
1.12685
1.12654
1.12622
1.12588
1.12553
1.12517
1.12479
1.12441
1.12401
1.12361
1.1232
1.12278
1.12236
1.12193
1.1215
1.12106
1.12063
1.12019
1.11976
1.11932
1.11889
1.11846
1.11803
1.11761
1.11719
1.11678
1.11637
1.11597
1.11558
1.1152
1.11482
1.11445
1.11409
1.11374
1.1134
1.11306
1.11274
1.11242
1.11212
1.11183
1.11154
1.11127
1.111
1.11075
1.1105
1.11027
1.11004
1.10983
1.10963
1.10944
1.10926
1.10909
1.10893
1.10878
1.10865
1.10852
1.10841
1.10831
1.10823
1.10816
1.1081
1.10805
1.10802
1.10801
1.10801
1.10802
1.10806
1.10811
1.10817
1.10826
1.10836
1.10848
1.10862
1.10878
1.10896
1.10916
1.10939
1.10963
1.1099
1.11019
1.1105
1.11084
1.1112
1.11158
1.11199
1.11243
1.11289
1.11337
1.11389
1.11442
1.11499
1.11558
1.11619
1.11683
1.1175
1.11819
1.11891
1.11965
1.12042
1.12121
1.12202
1.12286
1.12372
1.1246
1.12549
1.12641
1.12734
1.12829
1.12925
1.13022
1.1312
1.13219
1.13319
1.13419
1.1352
1.1362
1.1372
1.1382
1.13919
1.14017
1.14113
1.14208
1.14302
1.14393
1.14482
1.14569
1.14653
1.14734
1.14811
1.14885
1.14955
1.15021
1.15083
1.1514
1.15193
1.15241
1.15284
1.15322
1.15355
1.15382
1.15403
1.15419
1.15429
1.15434
1.15432
1.15425
1.15411
1.15392
1.15367
1.15335
1.15298
1.15255
1.15206
1.15152
1.15091
1.15026
1.14954
1.14878
1.14796
1.14709
1.14617
1.1452
1.14419
1.14314
1.14204
1.1409
1.13972
1.1385
1.13725
1.13597
1.13466
1.13332
1.13195
1.13056
1.12915
1.12771
1.12626
1.1248
1.12332
1.12183
1.12033
1.11882
1.11732
1.1158
1.11429
1.11279
1.11128
1.10978
1.10829
1.10682
1.10535
1.1039
1.10247
1.10105
1.09965
1.09828
1.09693
1.09561
1.09431
1.09304
1.0918
1.0906
1.08943
1.08829
1.08719
1.08613
1.0851
1.08412
1.08317
1.08227
1.08141
1.0806
1.07983
1.0791
1.07842
1.07779
1.0772
1.07666
1.07617
1.07573
1.07533
1.07498
1.07468
1.07443
1.07423
1.07407
1.07396
1.07389
1.07387
1.0739
1.07397
1.07408
1.07424
1.07444
1.07468
1.07496
1.07528
1.07564
1.07603
1.07646
1.07692
1.07742
1.07795
1.0785
1.07909
1.0797
1.08034
1.081
1.08168
1.08238
1.08311
1.08385
1.0846
1.08537
1.08615
1.08695
1.08775
1.08856
1.08938
1.0902
1.09103
1.09186
1.09269
1.09352
1.09435
1.09517
1.09599
1.09681
1.09762
1.09842
1.09921
1.09999
1.10076
1.10152
1.10226
1.103
1.10371
1.10441
1.1051
1.10577
1.10642
1.10705
1.10766
1.10825
1.10882
1.10937
1.1099
1.11041
1.11089
1.11135
1.11179
1.1122
1.11259
1.11296
1.1133
1.11362
1.11391
1.11418
1.11442
1.11464
1.11483
1.11499
1.11514
1.11525
1.11535
1.11541
1.11546
1.11548
1.11547
1.11545
1.1154
1.11533
1.11523
1.11512
1.11499
1.11483
1.11466
1.11447
1.11426
1.11404
1.11381
1.11356
1.1133
1.11302
1.11274
1.11246
1.11216
1.11187
1.11157
1.11127
1.11097
1.11068
1.11039
1.11011
1.10984
1.10958
1.10934
1.10912
1.10891
1.10873
1.10857
1.10844
1.10833
1.10825
1.10821
1.1082
1.10822
1.10828
1.10838
1.10852
1.1087
1.10892
1.10918
1.10949
1.10984
1.11023
1.11067
1.11115
1.11167
1.11224
1.11284
1.11349
1.11418
1.11491
1.11568
1.11648
1.11731
1.11818
1.11908
1.12001
1.12097
1.12195
1.12296
1.12399
1.12504
1.1261
1.12718
1.12828
1.12938
1.13049
1.13161
1.13274
1.13387
1.135
1.13613
1.13726
1.13839
1.13951
1.14062
1.14173
1.14282
1.14391
1.14498
1.14604
1.14709
1.14812
1.14914
1.15014
1.15112
1.15208
1.15302
1.15394
1.15485
1.15572
1.15658
1.15742
1.15823
1.15902
1.15978
1.16052
1.16123
1.16192
1.16258
1.16322
1.16383
1.16442
1.16498
1.16551
1.16602
1.16649
1.16695
1.16737
1.16777
1.16814
1.16849
1.16881
1.16911
1.16937
1.16962
1.16984
1.17003
1.1702
1.17035
1.17047
1.17057
1.17064
1.1707
1.17073
1.17074
1.17074
1.17071
1.17066
1.1706
1.17052
1.17042
1.1703
1.17017
1.17003
1.16987
1.1697
1.16951
1.16931
1.16911
1.16889
1.16866
1.16842
1.16817
1.16792
1.16765
1.16739
1.16711
1.16683
1.16655
1.16626
1.16597
1.16568
1.16539
1.16509
1.16479
1.1645
1.1642
1.1639
1.16361
1.16332
1.16302
1.16273
1.16245
1.16216
1.16188
1.1616
1.16132
1.16104
1.16076
1.16049
1.16021
1.15994
1.15966
1.15938
1.1591
1.15881
1.15852
1.15823
1.15793
1.15762
1.1573
1.15697
1.15663
1.15627
1.1559
1.15552
1.15512
1.1547
1.15427
1.15381
1.15333
1.15283
1.15231
1.15176
1.15119
1.15059
1.14997
1.14932
1.14865
1.14794
1.14721
1.14646
1.14567
1.14486
1.14401
1.14314
1.14225
1.14132
1.14037
1.13939
1.13839
1.13736
1.1363
1.13523
1.13412
1.133
1.13185
1.13069
1.1295
1.12829
1.12707
1.12583
1.12457
1.1233
1.12201
1.12071
1.1194
1.11808
1.11675
1.11541
1.11407
1.11271
1.11136
1.11
1.10864
1.10728
1.10592
1.10456
1.10321
1.10186
1.10052
1.09919
1.09787
1.09656
1.09526
1.09398
1.09272
1.09147
1.09024
1.08903
1.08785
1.08669
1.08556
1.08446
1.08339
1.08234
1.08134
1.08036
1.07942
1.07852
1.07766
1.07684
1.07606
1.07532
1.07463
1.07398
1.07337
1.07281
1.0723
1.07183
1.07141
1.07104
1.07072
1.07044
1.07021
1.07002
1.06988
1.06979
1.06974
1.06973
1.06977
1.06985
1.06997
1.07012
1.07031
1.07054
1.0708
1.0711
1.07142
1.07177
1.07215
1.07256
1.07298
1.07343
1.0739
1.07438
1.07488
1.07539
1.07592
1.07645
1.07699
1.07754
1.07809
1.07865
1.07921
1.07977
1.08033
1.08089
1.08144
1.08199
1.08254
1.08308
1.08362
1.08415
1.08468
1.0852
1.08571
1.08621
1.08671
1.0872
1.08768
1.08816
1.08862
1.08909
1.08954
1.08999
1.09044
1.09088
1.09131
1.09175
1.09217
1.0926
1.09302
1.09344
1.09387
1.09428
1.0947
1.09512
1.09554
1.09597
1.09639
1.09682
1.09724
1.09768
1.09811
1.09855
1.09899
1.09944
1.09989
1.10034
1.1008
1.10127
1.10173
1.10221
1.10269
1.10317
1.10365
1.10415
1.10464
1.10514
1.10564
1.10615
1.10666
1.10718
1.10769
1.10821
1.10873
1.10925
1.10978
1.1103
1.11083
1.11135
1.11188
1.1124
1.11292
1.11344
1.11396
1.11447
1.11498
1.11549
1.11599
1.11648
1.11697
1.11745
1.11792
1.11838
1.11884
1.11928
1.11971
1.12013
1.12054
1.12093
1.12131
1.12168
1.12203
1.12236
1.12268
1.12298
1.12326
1.12352
1.12376
1.12399
1.12419
1.12437
1.12453
1.12467
1.12478
1.12487
1.12494
1.12499
1.12502
1.12502
1.12499
1.12495
1.12488
1.12479
1.12468
1.12455
1.12439
1.12421
1.12402
1.1238
1.12356
1.12331
1.12303
1.12274
1.12244
1.12212
1.12178
1.12144
1.12108
1.12071
1.12033
1.11994
1.11955
1.11915
1.11874
1.11833
1.11792
1.11751
1.1171
1.11669
1.11628
1.11587
1.11547
1.11508
1.11469
1.11431
1.11394
1.11357
1.11322
1.11288
1.11254
1.11222
1.11191
1.11162
1.11133
1.11106
1.1108
1.11056
1.11032
1.11011
1.1099
1.10971
1.10953
1.10936
1.10921
1.10907
1.10894
1.10882
1.10871
1.10862
1.10854
1.10847
1.10841
1.10836
1.10833
1.1083
1.10829
1.10828
1.10829
1.10831
1.10833
1.10837
1.10842
1.10848
1.10855
1.10863
1.10871
1.10881
1.10892
1.10904
1.10917
1.10931
1.10946
1.10961
1.10978
1.10995
1.11014
1.11033
1.11053
1.11073
1.11094
1.11116
1.11138
1.11161
1.11184
1.11208
1.11232
1.11256
1.1128
1.11304
1.11328
1.11352
1.11375
1.11398
1.11421
1.11443
1.11465
1.11486
1.11505
1.11524
1.11542
1.11559
1.11574
1.11589
1.11602
1.11613
1.11623
1.11631
1.11637
1.11642
1.11645
1.11646
1.11646
1.11643
1.11639
1.11633
1.11624
1.11614
1.11602
1.11588
1.11573
1.11555
1.11536
1.11515
1.11492
1.11468
1.11443
1.11416
1.11388
1.11359
1.11328
1.11297
1.11265
1.11232
1.11199
1.11166
1.11132
1.11098
1.11065
1.11031
1.10998
1.10966
1.10934
1.10903
1.10873
1.10845
1.10817
1.10791
1.10767
1.10744
1.10723
1.10704
1.10687
1.10672
1.1066
1.10649
1.10641
1.10635
1.10632
1.1063
1.10632
1.10635
1.10641
1.1065
1.1066
1.10673
1.10688
1.10705
1.10724
1.10745
1.10768
1.10792
1.10818
1.10845
1.10874
1.10904
1.10934
1.10966
1.10998
1.1103
1.11063
1.11096
1.11129
1.11161
1.11193
1.11224
1.11255
1.11284
1.11313
1.1134
1.11365
1.11389
1.11411
1.11431
1.11449
1.11464
1.11478
1.11488
1.11496
1.11501
1.11504
1.11503
1.115
1.11493
1.11483
1.1147
1.11454
1.11434
1.11411
1.11385
1.11356
1.11324
1.11288
1.11249
1.11207
1.11162
1.11114
1.11063
1.1101
1.10954
1.10895
1.10834
1.10771
1.10706
1.10639
1.1057
1.105
1.10429
1.10356
1.10283
1.10209
1.10135
1.10061
1.09987
1.09913
1.0984
1.09768
1.09696
1.09627
1.09558
1.09492
1.09428
1.09366
1.09307
1.0925
1.09197
1.09147
1.091
1.09057
1.09018
1.08983
1.08952
1.08926
1.08904
1.08886
1.08874
1.08866
1.08863
1.08865
1.08873
1.08885
1.08903
1.08926
1.08954
1.08987
1.09026
1.0907
1.09119
1.09173
1.09233
1.09297
1.09366
1.09441
1.0952
1.09604
1.09693
1.09787
1.09885
1.09987
1.10094
1.10205
1.1032
1.1044
1.10563
1.1069
1.10821
1.10955
1.11093
1.11235
1.11379
1.11527
1.11677
1.11831
1.11987
1.12145
1.12306
1.1247
1.12635
1.12802
1.12971
1.13141
1.13313
1.13486
1.1366
1.13835
1.1401
1.14185
1.14361
1.14536
1.14711
1.14885
1.15058
1.15231
1.15402
1.15571
1.15738
1.15903
1.16066
1.16227
1.16384
1.16538
1.16689
1.16837
1.1698
1.1712
1.17255
1.17387
1.17513
1.17635
1.17752
1.17864
1.1797
1.18072
1.18168
1.18258
1.18343
1.18421
1.18495
1.18562
1.18623
1.18678
1.18728
1.18771
1.18808
1.1884
1.18865
1.18885
1.18898
1.18906
1.18907
1.18903
1.18894
1.18878
1.18857
1.18831
1.18799
1.18763
1.18721
1.18674
1.18622
1.18565
1.18504
1.18438
1.18368
1.18293
1.18215
1.18132
1.18046
1.17956
1.17862
1.17765
1.17665
1.17562
1.17456
1.17347
1.17236
1.17122
1.17006
1.16887
1.16767
1.16645
1.16521
1.16395
1.16268
1.1614
1.16011
1.15881
1.1575
1.15618
1.15486
1.15353
1.15221
1.15088
1.14955
1.14822
1.1469
1.14558
1.14427
1.14296
1.14167
1.14038
1.13911
1.13785
1.13661
1.13538
1.13417
1.13297
1.1318
1.13065
1.12952
1.12842
1.12734
1.12629
1.12527
1.12428
1.12332
1.1224
1.12151
1.12065
1.11983
1.11905
1.11831
1.11761
1.11695
1.11634
1.11577
1.11524
1.11476
1.11433
1.11395
1.11362
1.11333
1.1131
1.11292
1.11279
1.11271
1.11268
1.11271
1.11279
1.11292
1.1131
1.11334
1.11363
1.11397
1.11436
1.1148
1.11529
1.11583
1.11642
1.11706
1.11774
1.11847
1.11925
1.12006
1.12093
1.12183
1.12277
1.12375
1.12477
1.12582
1.12691
1.12803
1.12918
1.13036
1.13157
1.1328
1.13406
1.13534
1.13664
1.13796
1.13929
1.14064
1.142
1.14337
1.14475
1.14614
1.14753
1.14892
1.15031
1.15169
1.15308
1.15445
1.15581
1.15716
1.1585
1.15982
1.16112
1.1624
1.16366
1.16489
1.1661
1.16727
1.16842
1.16954
1.17062
1.17166
1.17267
1.17364
1.17458
1.17547
1.17632
1.17713
1.1779
1.17862
1.1793
1.17993
1.18052
1.18107
1.18157
1.18202
1.18243
1.1828
1.18311
1.18339
1.18362
1.1838
1.18394
1.18404
1.18409
1.1841
1.18407
1.184
1.18388
1.18373
1.18354
1.1833
1.18303
1.18272
1.18238
1.18199
1.18158
1.18112
1.18064
1.18012
1.17957
1.17898
1.17836
1.17772
1.17704
1.17634
1.1756
1.17484
1.17405
1.17323
1.17239
1.17152
1.17062
1.16971
1.16876
1.1678
1.16681
1.1658
1.16477
1.16372
1.16265
1.16155
1.16044
1.15932
1.15817
1.15701
1.15583
1.15464
1.15343
1.15221
1.15098
1.14973
1.14848
1.14721
1.14594
1.14466
1.14337
1.14207
1.14077
1.13946
1.13815
1.13683
1.13552
1.1342
1.13288
1.13156
1.13024
1.12892
1.1276
1.12629
1.12498
1.12367
1.12236
1.12106
1.11976
1.11847
1.11718
1.1159
1.11462
1.11335
1.11209
1.11083
1.10957
1.10833
1.10709
1.10586
1.10463
1.10341
1.1022
1.101
1.09981
1.09862
1.09745
1.09628
1.09512
1.09397
1.09284
1.09171
1.0906
1.0895
1.08841
1.08734
1.08629
1.08525
1.08422
1.08322
1.08223
1.08126
1.08032
1.0794
1.0785
1.07762
1.07677
1.07595
1.07515
1.07438
1.07364
1.07294
1.07226
1.07162
1.07101
1.07043
1.06989
1.06938
1.06891
1.06848
1.06808
1.06772
1.0674
1.06712
1.06688
1.06667
1.0665
1.06638
1.06629
1.06624
1.06622
1.06625
1.06632
1.06642
1.06656
1.06673
1.06694
1.06719
1.06747
1.06779
1.06814
1.06852
1.06893
1.06938
1.06985
1.07035
1.07087
1.07143
1.07201
1.07261
1.07323
1.07387
1.07454
1.07522
1.07592
1.07663
1.07736
1.0781
1.07885
1.07961
1.08039
1.08116
1.08195
1.08274
1.08353
1.08433
1.08513
1.08594
1.08674
1.08754
1.08834
1.08915
1.08995
1.09074
1.09154
1.09233
1.09312
1.09391
1.09469
1.09547
1.09625
1.09702
1.09779
1.09856
1.09933
1.10009
1.10085
1.10162
1.10237
1.10313
1.10389
1.10465
1.1054
1.10616
1.10692
1.10767
1.10843
1.10919
1.10995
1.11072
1.11148
1.11224
1.11301
1.11378
1.11455
1.11532
1.11609
1.11686
1.11764
1.11841
1.11919
1.11997
1.12074
1.12152
1.1223
1.12307
1.12385
1.12462
1.12539
1.12616
1.12693
1.12769
1.12846
1.12921
1.12997
1.13072
1.13147
1.13221
1.13295
1.13368
1.13441
1.13513
1.13585
1.13656
1.13726
1.13796
1.13865
1.13934
1.14002
1.14069
1.14135
1.14201
1.14266
1.1433
1.14393
1.14456
1.14518
1.14579
1.14639
1.14698
1.14756
1.14813
1.14869
1.14924
1.14978
1.15031
1.15082
1.15133
1.15182
1.1523
1.15276
1.15321
1.15365
1.15406
1.15446
1.15485
1.15522
1.15556
1.15589
1.1562
1.15649
1.15675
1.15699
1.15721
1.15741
1.15758
1.15773
1.15785
1.15794
1.15801
1.15805
1.15806
1.15805
1.158
1.15793
1.15783
1.1577
1.15754
1.15735
1.15713
1.15688
1.15661
1.1563
1.15597
1.15561
1.15522
1.15481
1.15437
1.1539
1.15341
1.1529
1.15236
1.1518
1.15122
1.15062
1.15
1.14936
1.1487
1.14803
1.14735
1.14665
1.14593
1.14521
1.14448
1.14374
1.14298
1.14223
1.14147
1.1407
1.13993
1.13915
1.13838
1.13761
1.13683
1.13606
1.13529
1.13452
1.13376
1.133
1.13225
1.1315
1.13076
1.13003
1.12931
1.12859
1.12789
1.12719
1.1265
1.12583
1.12516
1.1245
1.12386
1.12323
1.12261
1.122
1.1214
1.12082
1.12024
1.11968
1.11914
1.1186
1.11808
1.11757
1.11708
1.11659
1.11612
1.11567
1.11522
1.11479
1.11437
1.11397
1.11358
1.1132
1.11283
1.11248
1.11214
1.11182
1.1115
1.1112
1.11092
1.11064
1.11038
1.11014
1.1099
1.10968
1.10948
1.10928
1.1091
1.10893
1.10878
1.10864
1.10852
1.1084
1.10831
1.10822
1.10815
1.1081
1.10805
1.10802
1.10801
1.10801
1.10802
1.10805
1.10809
1.10815
1.10822
1.1083
1.10839
1.10849
1.10861
1.10874
1.10888
1.10903
1.10919
1.10936
1.10954
1.10972
1.10991
1.11011
1.11032
1.11053
1.11074
1.11095
1.11117
1.11139
1.11161
1.11182
1.11204
1.11225
1.11246
1.11267
1.11286
1.11306
1.11324
1.11342
1.11359
1.11375
1.1139
1.11404
1.11417
1.11428
1.11439
1.11448
1.11456
1.11463
1.11468
1.11472
1.11475
1.11477
1.11477
1.11476
1.11474
1.11471
1.11466
1.11461
1.11454
1.11446
1.11437
1.11428
1.11417
1.11405
1.11393
1.1138
1.11366
1.11352
1.11337
1.11322
1.11306
1.1129
1.11273
1.11257
1.1124
1.11222
1.11205
1.11188
1.1117
1.11153
1.11135
1.11118
1.11101
1.11083
1.11066
1.1105
1.11033
1.11017
1.11001
1.10985
1.1097
1.10954
1.10939
1.10925
1.1091
1.10896
1.10883
1.10869
1.10856
1.10843
1.10831
1.10818
1.10806
1.10794
1.10783
1.10771
1.1076
1.10749
1.10738
1.10727
1.10716
1.10705
1.10694
1.10684
1.10673
1.10662
1.10651
1.10641
1.1063
1.10619
1.10608
1.10597
1.10586
1.10575
1.10564
1.10553
1.10542
1.10531
1.1052
1.10509
1.10499
1.10489
1.10479
1.1047
1.10461
1.10453
1.10445
1.10439
1.10433
1.10427
1.10423
1.1042
1.10419
1.10418
1.1042
1.10422
1.10427
1.10433
1.10441
1.10451
1.10463
1.10478
1.10494
1.10514
1.10535
1.1056
1.10587
1.10617
1.1065
1.10685
1.10724
1.10766
1.10811
1.10859
1.1091
1.10965
1.11023
1.11084
1.11149
1.11217
1.11288
1.11362
1.1144
1.11521
1.11605
1.11692
1.11782
1.11875
1.11971
1.1207
1.12171
1.12275
1.12381
1.1249
1.12601
1.12713
1.12828
1.12944
1.13062
1.13181
1.13302
1.13423
1.13545
1.13668
1.13791
1.13914
1.14037
1.1416
1.14282
1.14403
1.14524
1.14643
1.14761
1.14877
1.14991
1.15103
1.15213
1.1532
1.15424
1.15525
1.15622
1.15716
1.15806
1.15892
1.15974
1.16051
1.16123
1.16191
1.16254
1.16311
1.16363
1.1641
1.1645
1.16485
1.16514
1.16537
1.16554
1.16564
1.16568
1.16565
1.16556
1.16541
1.16519
1.1649
1.16455
1.16414
1.16365
1.16311
1.1625
1.16183
1.16109
1.1603
1.15944
1.15853
1.15756
1.15653
1.15545
1.15432
1.15313
1.1519
1.15063
1.14931
1.14795
1.14654
1.14511
1.14363
1.14213
1.14059
1.13903
1.13745
1.13584
1.13422
1.13258
1.13092
1.12926
1.12758
1.12591
1.12423
1.12255
1.12087
1.1192
1.11754
1.11588
1.11425
1.11262
1.11102
1.10943
1.10787
1.10633
1.10482
1.10334
1.10189
1.10047
1.09909
1.09774
1.09643
1.09516
1.09394
1.09275
1.0916
1.0905
1.08945
1.08844
1.08748
1.08656
1.0857
1.08488
1.08411
1.08339
1.08272
1.0821
1.08153
1.08101
1.08054
1.08012
1.07975
1.07942
1.07914
1.07891
1.07873
1.07859
1.0785
1.07846
1.07845
1.07849
1.07857
1.07869
1.07884
1.07904
1.07927
1.07953
1.07983
1.08016
1.08052
1.08091
1.08132
1.08176
1.08222
1.08271
1.08321
1.08373
1.08427
1.08483
1.0854
1.08598
1.08657
1.08717
1.08778
1.08839
1.08901
1.08963
1.09026
1.09088
1.09151
1.09214
1.09276
1.09339
1.09401
1.09462
1.09524
1.09585
1.09645
1.09706
1.09765
1.09824
1.09883
1.09941
1.09999
1.10056
1.10113
1.1017
1.10226
1.10281
1.10337
1.10392
1.10447
1.10501
1.10556
1.1061
1.10664
1.10718
1.10773
1.10827
1.10881
1.10935
1.10989
1.11043
1.11098
1.11152
1.11207
1.11262
1.11316
1.11371
1.11427
1.11482
1.11537
1.11592
1.11648
1.11703
1.11758
1.11814
1.11869
1.11924
1.11979
1.12034
1.12089
1.12143
1.12197
1.12251
1.12304
1.12356
1.12409
1.1246
1.12511
1.12562
1.12611
1.1266
1.12708
1.12755
1.12801
1.12846
1.1289
1.12933
1.12975
1.13015
1.13054
1.13092
1.13129
1.13164
1.13197
1.13229
1.13259
1.13288
1.13315
1.1334
1.13364
1.13385
1.13405
1.13423
1.13439
1.13453
1.13465
1.13476
1.13484
1.1349
1.13494
1.13497
1.13497
1.13495
1.13491
1.13486
1.13478
1.13469
1.13457
1.13444
1.13429
1.13412
1.13393
1.13373
1.13351
1.13328
1.13303
1.13277
1.1325
1.13221
1.13191
1.1316
1.13128
1.13095
1.13062
1.13027
1.12992
1.12956
1.1292
1.12883
1.12846
1.12809
1.12771
1.12733
1.12695
1.12657
1.12619
1.12581
1.12543
1.12506
1.12469
1.12432
1.12395
1.12359
1.12323
1.12287
1.12252
1.12218
1.12184
1.12151
1.12118
1.12086
1.12055
1.12025
1.11995
1.11966
1.11938
1.11911
1.11885
1.11859
1.11835
1.11811
1.11789
1.11768
1.11747
1.11728
1.1171
1.11693
1.11677
1.11663
1.11649
1.11637
1.11626
1.11616
1.11608
1.116
1.11594
1.11589
1.11586
1.11584
1.11583
1.11583
1.11584
1.11587
1.11591
1.11596
1.11602
1.11609
1.11617
1.11627
1.11637
1.11649
1.11661
1.11675
1.11689
1.11704
1.1172
1.11737
1.11754
1.11772
1.11791
1.1181
1.1183
1.1185
1.11871
1.11892
1.11913
1.11934
1.11956
1.11978
1.11999
1.12021
1.12042
1.12063
1.12084
1.12105
1.12125
1.12145
1.12164
1.12183
1.12201
1.12218
1.12234
1.12249
1.12264
1.12277
1.1229
1.12301
1.12311
1.1232
1.12327
1.12334
1.12338
1.12342
1.12344
1.12344
1.12344
1.12341
1.12337
1.12332
1.12325
1.12316
1.12306
1.12295
1.12282
1.12268
1.12252
1.12235
1.12217
1.12198
1.12177
1.12156
1.12133
1.1211
1.12085
1.1206
1.12035
1.12009
1.11982
1.11955
1.11929
1.11902
1.11875
1.11848
1.11822
1.11796
1.1177
1.11746
1.11722
1.11699
1.11677
1.11656
1.11637
1.11619
1.11602
1.11587
1.11573
1.11562
1.11551
1.11543
1.11537
1.11532
1.11529
1.11528
1.11529
1.11532
1.11537
1.11544
1.11553
1.11564
1.11576
1.1159
1.11606
1.11624
1.11643
1.11664
1.11686
1.11709
1.11734
1.1176
1.11787
1.11815
1.11843
1.11872
1.11902
1.11933
1.11963
1.11994
1.12025
1.12056
1.12087
1.12117
1.12147
1.12177
1.12206
1.12234
1.12262
1.12288
1.12313
1.12337
1.1236
1.12382
1.12402
1.1242
1.12436
1.12451
1.12464
1.12475
1.12484
1.12491
1.12496
1.12499
1.12499
1.12498
1.12493
1.12487
1.12478
1.12467
1.12453
1.12436
1.12418
1.12396
1.12373
1.12346
1.12317
1.12286
1.12253
1.12216
1.12178
1.12137
1.12094
1.12048
1.12
1.1195
1.11898
1.11844
1.11787
1.11729
1.11669
1.11607
1.11543
1.11477
1.1141
1.11341
1.11271
1.11199
1.11126
1.11052
1.10977
1.10901
1.10824
1.10746
1.10668
1.10589
1.10509
1.10429
1.10349
1.10268
1.10188
1.10108
1.10028
1.09948
1.09868
1.09789
1.09711
1.09634
1.09557
1.09481
1.09407
1.09333
1.09261
1.09191
1.09121
1.09054
1.08988
1.08924
1.08862
1.08801
1.08743
1.08687
1.08634
1.08582
1.08533
1.08487
1.08443
1.08402
1.08363
1.08327
1.08294
1.08263
1.08236
1.08212
1.0819
1.08172
1.08156
1.08144
1.08134
1.08128
1.08125
1.08125
1.08128
1.08134
1.08144
1.08156
1.08172
1.08191
1.08212
1.08237
1.08265
1.08297
1.08331
1.08368
1.08408
1.08451
1.08497
1.08545
1.08597
1.08651
1.08708
1.08768
1.0883
1.08895
1.08962
1.09032
1.09104
1.09178
1.09254
1.09333
1.09413
1.09495
1.0958
1.09666
1.09753
1.09842
1.09933
1.10025
1.10118
1.10212
1.10308
1.10404
1.10501
1.10599
1.10698
1.10797
1.10896
1.10996
1.11096
1.11196
1.11296
1.11396
1.11496
1.11595
1.11694
1.11793
1.11891
1.11988
1.12085
1.12181
1.12275
1.12369
1.12462
1.12554
1.12644
1.12733
1.12821
1.12908
1.12993
1.13076
1.13158
1.13238
1.13317
1.13394
1.13469
1.13542
1.13613
1.13683
1.1375
1.13816
1.13879
1.13941
1.14
1.14057
1.14112
1.14165
1.14216
1.14264
1.14311
1.14355
1.14396
1.14436
1.14473
1.14508
1.14541
1.14572
1.146
1.14626
1.1465
1.14672
1.14691
1.14709
1.14724
1.14738
1.14749
1.14759
1.14766
1.14772
1.14776
1.14778
1.14778
1.14777
1.14774
1.1477
1.14764
1.14757
1.14748
1.14738
1.14727
1.14714
1.147
1.14685
1.14669
1.14652
1.14633
1.14614
1.14593
1.14571
1.14548
1.14524
1.14499
1.14474
1.14447
1.14419
1.1439
1.1436
1.14329
1.14297
1.14264
1.1423
1.14196
1.1416
1.14123
1.14085
1.14047
1.14008
1.13967
1.13926
1.13884
1.13841
1.13798
1.13754
1.13709
1.13663
1.13617
1.1357
1.13523
1.13475
1.13426
1.13377
1.13328
1.13279
1.13229
1.13179
1.13128
1.13078
1.13027
1.12976
1.12926
1.12875
1.12824
1.12773
1.12723
1.12672
1.12622
1.12572
1.12522
1.12473
1.12423
1.12375
1.12326
1.12278
1.1223
1.12183
1.12136
1.1209
1.12044
1.11999
1.11955
1.11911
1.11867
1.11825
1.11783
1.11742
1.11701
1.11662
1.11623
1.11585
1.11547
1.11511
1.11475
1.11441
1.11407
1.11374
1.11343
1.11312
1.11282
1.11253
1.11226
1.11199
1.11174
1.1115
1.11127
1.11105
1.11085
1.11065
1.11047
1.1103
1.11015
1.11001
1.10988
1.10977
1.10967
1.10959
1.10951
1.10946
1.10942
1.10939
1.10938
1.10939
1.10941
1.10944
1.1095
1.10956
1.10965
1.10975
1.10986
1.11
1.11015
1.11031
1.1105
1.1107
1.11092
1.11115
1.1114
1.11167
1.11196
1.11226
1.11259
1.11293
1.11329
1.11366
1.11406
1.11447
1.1149
1.11535
1.11581
1.1163
1.1168
1.11733
1.11787
1.11843
1.119
1.1196
1.12021
1.12084
1.12149
1.12216
1.12285
1.12355
1.12427
1.125
1.12576
1.12653
1.12731
1.12811
1.12893
1.12976
1.1306
1.13146
1.13233
1.13322
1.13412
1.13502
1.13594
1.13687
1.13781
1.13875
1.1397
1.14066
1.14163
1.1426
1.14357
1.14455
1.14553
1.14651
1.14749
1.14846
1.14944
1.15041
1.15137
1.15233
1.15329
1.15423
1.15517
1.15609
1.15701
1.15791
1.15879
1.15966
1.16051
1.16135
1.16217
1.16296
1.16374
1.16449
1.16522
1.16593
1.16661
1.16726
1.16789
1.16849
1.16906
1.1696
1.1701
1.17058
1.17102
1.17143
1.1718
1.17214
1.17245
1.17272
1.17295
1.17314
1.1733
1.17342
1.1735
1.17354
1.17355
1.17352
1.17344
1.17333
1.17319
1.173
1.17278
1.17251
1.17222
1.17188
1.17151
1.17111
1.17067
1.17019
1.16969
1.16915
1.16859
1.16799
1.16737
1.16672
1.16605
1.16535
1.16463
1.16389
1.16313
1.16235
1.16156
1.16076
1.15994
1.15911
1.15827
1.15743
1.15658
1.15573
1.15488
1.15403
1.15318
1.15234
1.1515
1.15066
1.14984
1.14903
1.14823
1.14745
1.14668
1.14592
1.14519
1.14447
1.14377
1.1431
1.14244
1.14181
1.1412
1.14062
1.14007
1.13953
1.13903
1.13855
1.1381
1.13767
1.13727
1.1369
1.13655
1.13623
1.13594
1.13567
1.13543
1.13521
1.13501
1.13484
1.13469
1.13456
1.13445
1.13436
1.13428
1.13423
1.13419
1.13416
1.13415
1.13414
1.13415
1.13417
1.13419
1.13422
1.13425
1.13429
1.13433
1.13436
1.1344
1.13443
1.13445
1.13447
1.13448
1.13449
1.13448
1.13446
1.13442
1.13438
1.13431
1.13423
1.13414
1.13402
1.13388
1.13373
1.13355
1.13335
1.13313
1.13289
1.13262
1.13233
1.13202
1.13168
1.13132
1.13093
1.13052
1.13008
1.12962
1.12914
1.12863
1.1281
1.12754
1.12696
1.12636
1.12573
1.12508
1.12441
1.12372
1.12301
1.12228
1.12152
1.12075
1.11995
1.11914
1.11831
1.11745
1.11658
1.11569
1.11479
1.11386
1.11292
1.11197
1.11099
1.11
1.109
1.10798
1.10694
1.10589
1.10483
1.10376
1.10267
1.10157
1.10046
1.09934
1.09821
1.09708
1.09593
1.09478
1.09363
1.09247
1.09131
1.09015
1.08899
1.08782
1.08667
1.08551
1.08437
1.08323
1.08209
1.08097
1.07986
1.07877
1.07769
1.07662
1.07558
1.07455
1.07354
1.07256
1.0716
1.07066
1.06975
1.06887
1.06801
1.06719
1.06639
1.06563
1.0649
1.0642
1.06354
1.06291
1.06232
1.06176
1.06124
1.06076
1.06031
1.0599
1.05953
1.0592
1.05891
1.05866
1.05845
1.05827
1.05814
1.05804
1.05799
1.05797
1.058
1.05806
1.05816
1.0583
1.05847
1.05869
1.05894
1.05923
1.05955
1.05991
1.06031
1.06074
1.0612
1.0617
1.06223
1.06279
1.06338
1.064
1.06464
1.06532
1.06602
1.06674
1.06749
1.06827
1.06906
1.06987
1.07071
1.07156
1.07242
1.07331
1.0742
1.07511
1.07603
1.07696
1.0779
1.07885
1.0798
1.08076
1.08172
1.08268
1.08365
1.08461
1.08558
1.08654
1.0875
1.08845
1.08941
1.09035
1.09129
1.09222
1.09315
1.09406
1.09497
1.09587
1.09676
1.09763
1.0985
1.09936
1.10021
1.10104
1.10187
1.10268
1.10349
1.10428
1.10507
1.10584
1.10661
1.10736
1.10811
1.10885
1.10959
1.11032
1.11104
1.11175
1.11247
1.11317
1.11388
1.11458
1.11528
1.11598
1.11668
1.11738
1.11808
1.11878
1.11949
1.12019
1.1209
1.12162
1.12234
1.12307
1.1238
1.12453
1.12528
1.12603
1.12678
1.12755
1.12832
1.12909
1.12988
1.13067
1.13146
1.13227
1.13308
1.13389
1.13471
1.13554
1.13636
1.13719
1.13803
1.13886
1.1397
1.14053
1.14136
1.14219
1.14302
1.14384
1.14465
1.14546
1.14626
1.14705
1.14783
1.14859
1.14934
1.15008
1.1508
1.1515
1.15218
1.15285
1.15349
1.15411
1.1547
1.15527
1.15582
1.15634
1.15683
1.1573
1.15773
1.15814
1.15852
1.15887
1.15919
1.15948
1.15974
1.15997
1.16018
1.16035
1.1605
1.16061
1.1607
1.16077
1.16081
1.16082
1.16081
1.16077
1.16071
1.16063
1.16054
1.16042
1.16028
1.16013
1.15997
1.15979
1.1596
1.15939
1.15918
1.15896
1.15873
1.1585
1.15826
1.15802
1.15778
1.15754
1.1573
1.15706
1.15683
1.15659
1.15637
1.15615
1.15593
1.15573
1.15553
1.15534
1.15517
1.155
1.15484
1.1547
1.15456
1.15444
1.15433
1.15424
1.15415
1.15408
1.15402
1.15398
1.15394
1.15392
1.15391
1.15391
1.15393
1.15395
1.15398
1.15402
1.15407
1.15412
1.15419
1.15426
1.15433
1.15441
1.15449
1.15457
1.15466
1.15474
1.15483
1.15491
1.15499
1.15506
1.15513
1.1552
1.15525
1.1553
1.15533
1.15536
1.15537
1.15537
1.15536
1.15533
1.15528
1.15522
1.15514
1.15504
1.15492
1.15478
1.15462
1.15444
1.15424
1.15401
1.15376
1.15349
1.15319
1.15287
1.15252
1.15215
1.15175
1.15133
1.15088
1.15041
1.14991
1.14939
1.14885
1.14828
1.14769
1.14707
1.14644
1.14578
1.1451
1.1444
1.14368
1.14295
1.14219
1.14142
1.14063
1.13983
1.13902
1.13819
1.13735
1.13649
1.13563
1.13476
1.13388
1.13299
1.1321
1.13121
1.1303
1.1294
1.12849
1.12759
1.12668
1.12577
1.12486
1.12396
1.12306
1.12216
1.12126
1.12038
1.11949
1.11862
1.11775
1.11688
1.11603
1.11518
1.11434
1.11352
1.1127
1.11189
1.11109
1.1103
1.10952
1.10875
1.108
1.10725
1.10652
1.1058
1.10509
1.10439
1.1037
1.10302
1.10236
1.1017
1.10106
1.10043
1.09981
1.0992
1.09859
1.098
1.09742
1.09685
1.09629
1.09574
1.09519
1.09465
1.09413
1.09361
1.0931
1.09259
1.0921
1.09161
1.09112
1.09065
1.09018
1.08972
1.08926
1.08882
1.08837
1.08794
1.08751
1.08709
1.08667
1.08626
1.08586
1.08546
1.08508
1.0847
1.08432
1.08396
1.0836
1.08325
1.08291
1.08258
1.08226
1.08194
1.08164
1.08135
1.08106
1.08079
1.08053
1.08028
1.08004
1.07982
1.0796
1.0794
1.07921
1.07903
1.07887
1.07872
1.07859
1.07846
1.07835
1.07826
1.07818
1.07811
1.07806
1.07802
1.07799
1.07798
1.07799
1.078
1.07803
1.07808
1.07813
1.0782
1.07829
1.07838
1.07849
1.07861
1.07874
1.07888
1.07903
1.07919
1.07936
1.07955
1.07974
1.07993
1.08014
1.08035
1.08057
1.0808
1.08103
1.08127
1.08151
1.08176
1.08201
1.08226
1.08252
1.08278
1.08303
1.08329
1.08355
1.08381
1.08407
1.08433
1.08459
1.08484
1.0851
1.08534
1.08559
1.08583
1.08607
1.0863
1.08652
1.08674
1.08696
1.08717
1.08737
1.08756
1.08775
1.08793
1.0881
1.08826
1.08841
1.08855
1.08869
1.08881
1.08892
1.08903
1.08912
1.08921
1.08928
1.08934
1.08939
1.08943
1.08946
1.08947
1.08948
1.08948
1.08946
1.08943
1.08939
1.08934
1.08928
1.08921
1.08913
1.08904
1.08894
1.08883
1.08871
1.08858
1.08844
1.0883
1.08814
1.08799
1.08782
1.08765
1.08748
1.0873
1.08712
1.08694
1.08676
1.08657
1.08639
1.08621
1.08603
1.08586
1.08569
1.08552
1.08536
1.08522
1.08508
1.08495
1.08483
1.08472
1.08463
1.08455
1.08448
1.08444
1.08441
1.08439
1.0844
1.08443
1.08447
1.08454
1.08463
1.08474
1.08487
1.08502
1.0852
1.0854
1.08563
1.08588
1.08615
1.08644
1.08676
1.08709
1.08745
1.08784
1.08824
1.08866
1.08911
1.08957
1.09005
1.09055
1.09107
1.0916
1.09215
1.09271
1.09328
1.09387
1.09447
1.09508
1.09569
1.09632
1.09695
1.09759
1.09823
1.09888
1.09953
1.10018
1.10083
1.10149
1.10214
1.10279
1.10344
1.10409
1.10473
1.10538
1.10601
1.10664
1.10727
1.10789
1.10851
1.10912
1.10972
1.11031
1.1109
1.11148
1.11206
1.11263
1.11319
1.11374
1.11429
1.11483
1.11536
1.11589
1.11641
1.11693
1.11744
1.11795
1.11845
1.11895
1.11945
1.11994
1.12044
1.12093
1.12142
1.12191
1.12239
1.12288
1.12338
1.12387
1.12436
1.12486
1.12536
1.12587
1.12638
1.12689
1.12741
1.12793
1.12846
1.12899
1.12953
1.13008
1.13063
1.13119
1.13175
1.13232
1.1329
1.13349
1.13407
1.13467
1.13527
1.13588
1.13649
1.1371
1.13772
1.13835
1.13897
1.13961
1.14024
1.14087
1.14151
1.14215
1.14279
1.14343
1.14407
1.1447
1.14534
1.14597
1.1466
1.14723
1.14785
1.14847
1.14908
1.14968
1.15027
1.15086
1.15144
1.15201
1.15256
1.15311
1.15364
1.15416
1.15467
1.15516
1.15563
1.15608
1.15652
1.15694
1.15734
1.15771
1.15807
1.1584
1.1587
1.15898
1.15924
1.15947
1.15967
1.15984
1.15998
1.16009
1.16017
1.16022
1.16023
1.16021
1.16016
1.16007
1.15995
1.15979
1.15959
1.15936
1.15909
1.15879
1.15844
1.15806
1.15764
1.15719
1.15669
1.15616
1.15559
1.15499
1.15435
1.15367
1.15295
1.1522
1.15141
1.15059
1.14974
1.14885
1.14793
1.14697
1.14599
1.14497
1.14392
1.14285
1.14174
1.14061
1.13945
1.13827
1.13706
1.13583
1.13457
1.13329
1.132
1.13068
1.12934
1.12799
1.12662
1.12523
1.12383
1.12242
1.121
1.11956
1.11812
1.11667
1.11521
1.11375
1.11229
1.11082
1.10935
1.10788
1.10642
1.10496
1.1035
1.10205
1.10061
1.09918
1.09776
1.09636
1.09497
1.09359
1.09224
1.0909
1.08959
1.0883
1.08704
1.0858
1.0846
1.08342
1.08228
1.08117
1.0801
1.07906
1.07807
1.07712
1.07621
1.07534
1.07452
1.07375
1.07303
1.07236
1.07175
1.07119
1.07068
1.07023
1.06984
1.06951
1.06924
1.06903
1.06888
1.0688
1.06878
1.06883
1.06894
1.06912
1.06936
1.06968
1.07005
1.0705
1.07101
1.07159
1.07224
1.07295
1.07373
1.07458
1.07549
1.07646
1.07749
1.07859
1.07975
1.08097
1.08224
1.08358
1.08496
1.0864
1.0879
1.08944
1.09103
1.09267
1.09435
1.09607
1.09783
1.09963
1.10146
1.10333
1.10523
1.10715
1.1091
1.11106
1.11305
1.11506
1.11707
1.1191
1.12114
1.12318
1.12522
1.12726
1.1293
1.13133
1.13335
1.13536
1.13735
1.13932
1.14127
1.1432
1.1451
1.14697
1.1488
1.1506
1.15237
1.15409
1.15577
1.1574
1.15899
1.16053
1.16201
1.16344
1.16482
1.16614
1.16739
1.16859
1.16973
1.1708
1.1718
1.17274
1.17361
1.17442
1.17515
1.17581
1.17641
1.17693
1.17738
1.17776
1.17806
1.1783
1.17846
1.17855
1.17857
1.17852
1.17839
1.1782
1.17794
1.17761
1.17721
1.17675
1.17622
1.17563
1.17497
1.17426
1.17348
1.17264
1.17175
1.1708
1.1698
1.16875
1.16765
1.1665
1.1653
1.16406
1.16278
1.16146
1.1601
1.15871
1.15728
1.15582
1.15433
1.15282
1.15128
1.14972
1.14814
1.14654
1.14493
1.14331
1.14167
1.14003
1.13839
1.13674
1.13508
1.13344
1.13179
1.13015
1.12852
1.1269
1.1253
1.12371
1.12213
1.12058
1.11905
1.11755
1.11607
1.11462
1.1132
1.11181
1.11046
1.10914
1.10787
1.10663
1.10544
1.10429
1.10319
1.10214
1.10114
1.10019
1.09929
1.09845
1.09766
1.09693
1.09626
1.09565
1.09509
1.09461
1.09418
1.09382
1.09352
1.09329
1.09312
1.09302
1.09298
1.09302
1.09311
1.09328
1.0935
1.0938
1.09416
1.09458
1.09507
1.09562
1.09622
1.09689
1.09762
1.0984
1.09924
1.10013
1.10107
1.10206
1.1031
1.10418
1.1053
1.10646
1.10766
1.10889
1.11015
1.11143
1.11274
1.11407
1.11542
1.11678
1.11815
1.11953
1.12091
1.12229
1.12367
1.12505
1.12641
1.12776
1.1291
1.13042
1.13171
1.13298
1.13422
1.13543
1.13661
1.13775
1.13885
1.13992
1.14094
1.14191
1.14284
1.14373
1.14456
1.14534
1.14607
1.14675
1.14738
1.14795
1.14846
1.14893
1.14934
1.14969
1.14999
1.15023
1.15043
1.15057
1.15065
1.15069
1.15068
1.15061
1.1505
1.15035
1.15014
1.1499
1.14961
1.14927
1.1489
1.14849
1.14805
1.14757
1.14705
1.1465
1.14593
1.14532
1.14468
1.14402
1.14333
1.14262
1.14188
1.14113
1.14035
1.13955
1.13874
1.13791
1.13706
1.13619
1.13531
1.13442
1.13352
1.1326
1.13167
1.13073
1.12978
1.12882
1.12785
1.12688
1.12589
1.12491
1.12391
1.12291
1.12191
1.1209
1.1199
1.11889
1.11787
1.11686
1.11585
1.11485
1.11384
1.11284
1.11185
1.11086
1.10988
1.10891
1.10795
1.107
1.10606
1.10514
1.10423
1.10333
1.10246
1.1016
1.10076
1.09994
1.09915
1.09837
1.09762
1.0969
1.0962
1.09553
1.09488
1.09427
1.09368
1.09313
1.09261
1.09212
1.09166
1.09124
1.09085
1.0905
1.09018
1.0899
1.08965
1.08945
1.08928
1.08915
1.08905
1.089
1.08899
1.08901
1.08908
1.08918
1.08933
1.08952
1.08975
1.09001
1.09032
1.09067
1.09106
1.09149
1.09196
1.09247
1.09302
1.09361
1.09423
1.0949
1.0956
1.09633
1.0971
1.09791
1.09875
1.09962
1.10052
1.10145
1.1024
1.10339
1.1044
1.10543
1.10648
1.10755
1.10864
1.10974
1.11086
1.11199
1.11313
1.11428
1.11543
1.11658
1.11773
1.11889
1.12004
1.12118
1.12232
1.12344
1.12456
1.12566
1.12674
1.1278
1.12885
1.12987
1.13087
1.13185
1.1328
1.13372
1.13461
1.13547
1.13629
1.13709
1.13785
1.13857
1.13926
1.13991
1.14053
1.14111
1.14165
1.14215
1.14261
1.14303
1.14342
1.14377
1.14407
1.14434
1.14457
1.14477
1.14492
1.14504
1.14513
1.14517
1.14519
1.14517
1.14511
1.14502
1.1449
1.14475
1.14457
1.14436
1.14411
1.14385
1.14355
1.14323
1.14288
1.14251
1.14212
1.1417
1.14127
1.14081
1.14033
1.13983
1.13932
1.13879
1.13824
1.13767
1.1371
1.13651
1.1359
1.13529
1.13466
1.13402
1.13338
1.13272
1.13206
1.13139
1.13072
1.13004
1.12935
1.12867
1.12798
1.12728
1.12659
1.1259
1.12521
1.12452
1.12383
1.12314
1.12246
1.12178
1.12111
1.12045
1.11979
1.11914
1.1185
1.11787
1.11725
1.11665
1.11605
1.11546
1.11489
1.11434
1.1138
1.11327
1.11276
1.11227
1.11179
1.11134
1.1109
1.11048
1.11008
1.10971
1.10935
1.10902
1.10871
1.10842
1.10815
1.10791
1.10769
1.1075
1.10733
1.10719
1.10707
1.10698
1.10692
1.10688
1.10687
1.10688
1.10693
1.107
1.10709
1.10722
1.10737
1.10755
1.10776
1.108
1.10826
1.10855
1.10887
1.10922
1.10959
1.11
1.11042
1.11088
1.11136
1.11187
1.11241
1.11297
1.11355
1.11416
1.1148
1.11546
1.11614
1.11685
1.11757
1.11833
1.1191
1.11989
1.1207
1.12153
1.12238
1.12325
1.12413
1.12503
1.12595
1.12687
1.12782
1.12877
1.12973
1.13071
1.13169
1.13268
1.13368
1.13468
1.13569
1.1367
1.13771
1.13872
1.13974
1.14075
1.14175
1.14276
1.14375
1.14474
1.14573
1.1467
1.14766
1.14861
1.14955
1.15048
1.15139
1.15228
1.15315
1.15401
1.15485
1.15567
1.15647
1.15725
1.158
1.15873
1.15944
1.16012
1.16078
1.16141
1.16202
1.1626
1.16315
1.16368
1.16417
1.16465
1.16509
1.16551
1.16589
1.16625
1.16659
1.16689
1.16717
1.16743
1.16765
1.16785
1.16802
1.16817
1.1683
1.16839
1.16847
1.16852
1.16854
1.16855
1.16853
1.16849
1.16842
1.16834
1.16823
1.16811
1.16796
1.1678
1.16761
1.16741
1.16718
1.16694
1.16668
1.16641
1.16611
1.1658
1.16546
1.16511
1.16474
1.16435
1.16395
1.16352
1.16308
1.16262
1.16213
1.16163
1.1611
1.16056
1.15999
1.15941
1.15879
1.15816
1.1575
1.15682
1.15612
1.15539
1.15463
1.15385
1.15304
1.15221
1.15135
1.15046
1.14954
1.1486
1.14762
1.14662
1.14559
1.14454
1.14345
1.14234
1.14119
1.14002
1.13883
1.1376
1.13635
1.13508
1.13378
1.13246
1.13111
1.12975
1.12836
1.12695
1.12553
1.12409
1.12264
1.12117
1.11969
1.1182
1.1167
1.1152
1.1137
1.11219
1.11068
1.10917
1.10767
1.10617
1.10468
1.1032
1.10173
1.10028
1.09884
1.09742
1.09602
1.09464
1.09328
1.09195
1.09064
1.08936
1.08811
1.08689
1.0857
1.08454
1.08342
1.08233
1.08127
1.08025
1.07926
1.07831
1.0774
1.07652
1.07567
1.07486
1.07408
1.07334
1.07263
1.07195
1.07131
1.0707
1.07011
1.06956
1.06904
1.06854
1.06808
1.06764
1.06722
1.06683
1.06647
1.06612
1.06581
1.06551
1.06524
1.06498
1.06475
1.06455
1.06436
1.06419
1.06405
1.06393
1.06383
1.06375
1.0637
1.06367
1.06367
1.06369
1.06374
1.06381
1.06392
1.06405
1.06421
1.06441
1.06464
1.0649
1.0652
1.06553
1.0659
1.06631
1.06676
1.06725
1.06778
1.06834
1.06895
1.0696
1.0703
1.07103
1.07181
1.07263
1.07349
1.07439
1.07533
1.07631
1.07733
1.07838
1.07947
1.0806
1.08175
1.08294
1.08416
1.08541
1.08668
1.08798
1.08929
1.09063
1.09198
1.09335
1.09473
1.09612
1.09751
1.09891
1.10032
1.10172
1.10312
1.10451
1.10589
1.10727
1.10863
1.10997
1.1113
1.11261
1.1139
1.11516
1.1164
1.1176
1.11878
1.11993
1.12104
1.12212
1.12317
1.12417
1.12514
1.12607
1.12695
1.1278
1.1286
1.12936
1.13007
1.13074
1.13137
1.13195
1.13249
1.13298
1.13342
1.13382
1.13418
1.13449
1.13476
1.13498
1.13516
1.1353
1.1354
1.13546
1.13547
1.13545
1.13539
1.1353
1.13517
1.135
1.13481
1.13458
1.13432
1.13404
1.13373
1.1334
1.13304
1.13266
1.13226
1.13184
1.13141
1.13096
1.13051
1.13004
1.12956
1.12907
1.12859
1.12809
1.1276
1.12711
1.12662
1.12613
1.12565
1.12517
1.12471
1.12426
1.12382
1.12339
1.12298
1.12258
1.1222
1.12184
1.12151
1.12119
1.12089
1.12062
1.12038
1.12016
1.11996
1.1198
1.11966
1.11954
1.11946
1.1194
1.11938
1.11938
1.11941
1.11947
1.11956
1.11968
1.11982
1.12
1.1202
1.12043
1.12068
1.12096
1.12127
1.1216
1.12195
1.12233
1.12273
1.12314
1.12358
1.12403
1.1245
1.12499
1.12548
1.12599
1.12651
1.12704
1.12758
1.12812
1.12867
1.12922
1.12976
1.13031
1.13085
1.13139
1.13193
1.13245
1.13296
1.13347
1.13396
1.13443
1.13489
1.13532
1.13574
1.13614
1.13651
1.13685
1.13717
1.13747
1.13773
1.13796
1.13817
1.13833
1.13847
1.13857
1.13863
1.13866
1.13865
1.1386
1.13852
1.1384
1.13823
1.13803
1.13779
1.1375
1.13718
1.13682
1.13642
1.13598
1.1355
1.13499
1.13443
1.13384
1.13322
1.13256
1.13186
1.13113
1.13037
1.12958
1.12876
1.12791
1.12703
1.12613
1.1252
1.12425
1.12328
1.12229
1.12128
1.12025
1.11921
1.11816
1.11709
1.11601
1.11493
1.11384
1.11274
1.11164
1.11053
1.10943
1.10833
1.10723
1.10613
1.10504
1.10396
1.10288
1.10182
1.10077
1.09973
1.0987
1.09769
1.0967
1.09572
1.09476
1.09382
1.09291
1.09201
1.09114
1.0903
1.08947
1.08868
1.08791
1.08717
1.08645
1.08577
1.08511
1.08448
1.08389
1.08332
1.08278
1.08228
1.08181
1.08137
1.08096
1.08058
1.08023
1.07991
1.07963
1.07938
1.07915
1.07896
1.07879
1.07866
1.07855
1.07847
1.07842
1.07839
1.07839
1.07841
1.07846
1.07852
1.07861
1.07872
1.07885
1.07899
1.07915
1.07933
1.07951
1.07972
1.07993
1.08015
1.08038
1.08062
1.08086
1.08111
1.08136
1.08161
1.08187
1.08213
1.08238
1.08263
1.08288
1.08313
1.08337
1.0836
1.08383
1.08405
1.08426
1.08447
1.08466
1.08485
1.08502
1.08519
1.08534
1.08549
1.08562
1.08574
1.08585
1.08595
1.08603
1.08611
1.08617
1.08622
1.08626
1.0863
1.08632
1.08633
1.08633
1.08632
1.0863
1.08627
1.08624
1.0862
1.08615
1.08609
1.08603
1.08596
1.08589
1.08582
1.08574
1.08565
1.08557
1.08548
1.0854
1.08531
1.08522
1.08513
1.08505
1.08496
1.08488
1.0848
1.08472
1.08465
1.08458
1.08451
1.08445
1.0844
1.08435
1.0843
1.08426
1.08423
1.0842
1.08418
1.08416
1.08415
1.08415
1.08415
1.08416
1.08417
1.08418
1.08421
1.08423
1.08426
1.08429
1.08433
1.08437
1.08441
1.08446
1.0845
1.08455
1.0846
1.08464
1.08469
1.08473
1.08478
1.08482
1.08486
1.08489
1.08492
1.08495
1.08498
1.085
1.08501
1.08502
1.08502
1.08502
1.08501
1.085
1.08498
1.08495
1.08492
1.08488
1.08483
1.08478
1.08473
1.08467
1.0846
1.08453
1.08445
1.08437
1.08429
1.08421
1.08412
1.08403
1.08394
1.08385
1.08376
1.08367
1.08359
1.0835
1.08342
1.08334
1.08327
1.0832
1.08314
1.08309
1.08305
1.08301
1.08299
1.08297
1.08297
1.08298
1.08301
1.08304
1.0831
1.08317
1.08325
1.08335
1.08348
1.08361
1.08377
1.08395
1.08415
1.08438
1.08462
1.08489
1.08518
1.08549
1.08583
1.08619
1.08658
1.087
1.08744
1.0879
1.0884
1.08891
1.08946
1.09003
1.09063
1.09126
1.09192
1.0926
1.09331
1.09404
1.0948
1.09559
1.09641
1.09725
1.09811
1.099
1.09992
1.10086
1.10182
1.1028
1.10381
1.10484
1.10589
1.10696
1.10805
1.10916
1.11028
1.11143
1.11258
1.11375
1.11494
1.11614
1.11735
1.11857
1.11979
1.12103
1.12227
1.12352
1.12478
1.12603
1.12729
1.12855
1.1298
1.13106
1.13231
1.13355
1.13479
1.13602
1.13724
1.13845
1.13965
1.14084
1.14201
1.14316
1.1443
1.14541
1.14651
1.14759
1.14864
1.14967
1.15068
1.15166
1.15261
1.15354
1.15444
1.15531
1.15615
1.15695
1.15773
1.15847
1.15918
1.15986
1.16051
1.16112
1.1617
1.16224
1.16275
1.16323
1.16367
1.16408
1.16445
1.16479
1.1651
1.16537
1.16561
1.16582
1.166
1.16614
1.16626
1.16634
1.1664
1.16643
1.16643
1.1664
1.16635
1.16627
1.16616
1.16603
1.16588
1.16571
1.16551
1.16529
1.16505
1.16479
1.16451
1.16421
1.16389
1.16356
1.16321
1.16284
1.16245
1.16205
1.16164
1.16121
1.16076
1.16031
1.15983
1.15935
1.15885
1.15834
1.15781
1.15728
1.15673
1.15617
1.15559
1.15501
1.15441
1.15381
1.15319
1.15256
1.15192
1.15127
1.15061
1.14994
1.14926
1.14857
1.14787
1.14717
1.14645
1.14572
1.14498
1.14424
1.14349
1.14273
1.14196
1.14118
1.1404
1.13961
1.13882
1.13802
1.13722
1.13641
1.1356
1.13478
1.13397
1.13315
1.13233
1.13151
1.13069
1.12987
1.12906
1.12825
1.12744
1.12663
1.12584
1.12505
1.12426
1.12349
1.12272
1.12197
1.12123
1.1205
1.11978
1.11908
1.11839
1.11772
1.11707
1.11643
1.11581
1.11522
1.11464
1.11408
1.11355
1.11304
1.11255
1.11209
1.11165
1.11123
1.11084
1.11048
1.11014
1.10983
1.10954
1.10928
1.10905
1.10884
1.10866
1.10851
1.10838
1.10828
1.10821
1.10816
1.10814
1.10814
1.10817
1.10823
1.10831
1.10841
1.10854
1.10869
1.10886
1.10906
1.10928
1.10952
1.10978
1.11006
1.11037
1.11069
1.11103
1.1114
1.11178
1.11218
1.1126
1.11303
1.11349
1.11396
1.11445
1.11495
1.11547
1.116
1.11655
1.11712
1.1177
1.11829
1.11889
1.11951
1.12014
1.12078
1.12143
1.12209
1.12276
1.12343
1.12412
1.12481
1.1255
1.1262
1.12691
1.12761
1.12832
1.12902
1.12973
1.13043
1.13113
1.13183
1.13252
1.1332
1.13388
1.13455
1.13521
1.13586
1.1365
1.13713
1.13774
1.13835
1.13894
1.13952
1.14009
1.14065
1.14119
1.14172
1.14223
1.14274
1.14323
1.14371
1.14419
1.14465
1.1451
1.14555
1.14598
1.14641
1.14684
1.14725
1.14767
1.14808
1.14849
1.1489
1.14931
1.14972
1.15014
1.15055
1.15097
1.1514
1.15183
1.15227
1.15272
1.15317
1.15363
1.15411
1.15459
1.15508
1.15558
1.1561
1.15662
1.15716
1.1577
1.15826
1.15883
1.1594
1.15999
1.16058
1.16119
1.1618
1.16241
1.16304
1.16366
1.16429
1.16493
1.16556
1.16619
1.16683
1.16746
1.16808
1.1687
1.16931
1.16991
1.17049
1.17107
1.17163
1.17217
1.17269
1.17319
1.17367
1.17413
1.17455
1.17495
1.17532
1.17566
1.17596
1.17622
1.17645
1.17664
1.17679
1.17689
1.17695
1.17697
1.17693
1.17685
1.17672
1.17654
1.17631
1.17602
1.17569
1.17529
1.17485
1.17435
1.17379
1.17318
1.17251
1.17179
1.17102
1.17019
1.1693
1.16837
1.16738
1.16634
1.16526
1.16412
1.16294
1.16171
1.16044
1.15913
1.15777
1.15638
1.15496
1.1535
1.15202
1.1505
1.14896
1.1474
1.14582
1.14422
1.1426
1.14098
1.13935
1.13771
1.13607
1.13442
1.13279
1.13115
1.12953
1.12792
1.12632
1.12473
1.12317
1.12163
1.12011
1.11861
1.11715
1.11571
1.1143
1.11293
1.11159
1.11029
1.10902
1.10779
1.10661
1.10545
1.10434
1.10327
1.10224
1.10125
1.1003
1.0994
1.09853
1.0977
1.0969
1.09615
1.09543
1.09475
1.0941
1.09348
1.0929
1.09234
1.09181
1.09131
1.09083
1.09038
1.08995
1.08954
1.08914
1.08876
1.0884
1.08805
1.08771
1.08738
1.08706
1.08675
1.08644
1.08614
1.08585
1.08556
1.08528
1.085
1.08473
1.08446
1.0842
1.08394
1.08369
1.08344
1.0832
1.08297
1.08275
1.08254
1.08234
1.08216
1.08199
1.08184
1.0817
1.08158
1.08148
1.0814
1.08135
1.08132
1.08131
1.08134
1.08138
1.08146
1.08157
1.08171
1.08187
1.08207
1.0823
1.08257
1.08286
1.08319
1.08355
1.08394
1.08436
1.08481
1.08529
1.0858
1.08634
1.0869
1.0875
1.08811
1.08875
1.08942
1.0901
1.09081
1.09153
1.09227
1.09303
1.0938
1.09459
1.09538
1.09619
1.097
1.09783
1.09866
1.09949
1.10033
1.10117
1.10202
1.10286
1.10371
1.10455
1.10539
1.10623
1.10707
1.1079
1.10873
1.10955
1.11036
1.11117
1.11197
1.11277
1.11355
1.11433
1.1151
1.11586
1.11662
1.11736
1.1181
1.11883
1.11955
1.12026
1.12096
1.12165
1.12233
1.12301
1.12368
1.12434
1.12499
1.12564
1.12628
1.12691
1.12753
1.12815
1.12876
1.12937
1.12997
1.13056
1.13115
1.13174
1.13231
1.13289
1.13346
1.13403
1.13459
1.13515
1.1357
1.13625
1.1368
1.13734
1.13789
1.13842
1.13896
1.13949
1.14002
1.14055
1.14108
1.1416
1.14212
1.14264
1.14316
1.14368
1.14419
1.14471
1.14522
1.14573
1.14625
1.14676
1.14727
1.14779
1.1483
1.14882
1.14933
1.14985
1.15037
1.15089
1.15142
1.15194
1.15247
1.153
1.15353
1.15407
1.1546
1.15514
1.15568
1.15623
1.15677
1.15731
1.15786
1.1584
1.15894
1.15948
1.16002
1.16056
1.16109
1.16161
1.16213
1.16264
1.16314
1.16363
1.16411
1.16457
1.16503
1.16546
1.16588
1.16628
1.16666
1.16702
1.16735
1.16766
1.16795
1.1682
1.16843
1.16863
1.1688
1.16893
1.16903
1.1691
1.16913
1.16912
1.16908
1.16899
1.16887
1.16871
1.16851
1.16827
1.16799
1.16766
1.1673
1.16689
1.16645
1.16596
1.16543
1.16487
1.16426
1.16361
1.16293
1.16221
1.16145
1.16065
1.15982
1.15896
1.15807
1.15714
1.15618
1.1552
1.15418
1.15315
1.15208
1.151
1.14989
1.14876
1.14762
1.14645
1.14528
1.14409
1.14288
1.14167
1.14045
1.13923
1.138
1.13676
1.13553
1.13429
1.13306
1.13182
1.1306
1.12938
1.12816
1.12696
1.12576
1.12458
1.12341
1.12225
1.12111
1.11998
1.11887
1.11777
1.1167
1.11564
1.1146
1.11359
1.11259
1.11162
1.11067
1.10974
1.10883
1.10795
1.10709
1.10625
1.10544
1.10465
1.10389
1.10315
1.10243
1.10174
1.10108
1.10044
1.09982
1.09923
1.09866
1.09811
1.09759
1.0971
1.09663
1.09618
1.09575
1.09535
1.09498
1.09462
1.09429
1.09398
1.0937
1.09344
1.0932
1.09298
1.09278
1.09261
1.09245
1.09232
1.0922
1.09211
1.09203
1.09197
1.09193
1.09191
1.0919
1.09191
1.09194
1.09198
1.09203
1.0921
1.09218
1.09227
1.09237
1.09248
1.0926
1.09272
1.09286
1.093
1.09314
1.09329
1.09344
1.0936
1.09375
1.09391
1.09407
1.09422
1.09438
1.09453
1.09468
1.09482
1.09496
1.0951
1.09523
1.09535
1.09546
1.09557
1.09567
1.09576
1.09585
1.09592
1.09599
1.09605
1.0961
1.09614
1.09617
1.09619
1.0962
1.0962
1.09619
1.09618
1.09616
1.09613
1.09609
1.09604
1.09599
1.09593
1.09586
1.09579
1.09571
1.09563
1.09554
1.09545
1.09536
1.09526
1.09517
1.09507
1.09497
1.09487
1.09477
1.09468
1.09459
1.0945
1.09441
1.09433
1.09425
1.09418
1.09412
1.09406
1.09401
1.09397
1.09394
1.09393
1.09392
1.09392
1.09394
1.09397
1.09402
1.09408
1.09415
1.09424
1.09435
1.09447
1.09461
1.09477
1.09495
1.09514
1.09535
1.09557
1.09582
1.09608
1.09636
1.09666
1.09698
1.09731
1.09766
1.09802
1.0984
1.09879
1.0992
1.09962
1.10005
1.10049
1.10095
1.10141
1.10189
1.10237
1.10285
1.10335
1.10384
1.10435
1.10485
1.10536
1.10586
1.10637
1.10687
1.10737
1.10787
1.10836
1.10885
1.10933
1.10981
1.11027
1.11073
1.11118
1.11161
1.11204
1.11245
1.11285
1.11324
1.11362
1.11398
1.11432
1.11465
1.11497
1.11527
1.11556
1.11583
1.11608
1.11632
1.11654
1.11675
1.11694
1.11711
1.11727
1.11741
1.11754
1.11766
1.11775
1.11784
1.11791
1.11797
1.11801
1.11804
1.11806
1.11806
1.11806
1.11804
1.11801
1.11798
1.11793
1.11788
1.11781
1.11774
1.11767
1.11758
1.11749
1.1174
1.1173
1.1172
1.11709
1.11699
1.11688
1.11677
1.11666
1.11655
1.11644
1.11634
1.11623
1.11613
1.11604
1.11595
1.11587
1.1158
1.11573
1.11567
1.11562
1.11558
1.11556
1.11554
1.11554
1.11555
1.11558
1.11562
1.11567
1.11574
1.11583
1.11594
1.11607
1.11621
1.11637
1.11656
1.11676
1.11699
1.11723
1.1175
1.11779
1.11811
1.11844
1.1188
1.11918
1.11959
1.12001
1.12047
1.12094
1.12144
1.12196
1.12251
1.12308
1.12368
1.12429
1.12493
1.1256
1.12629
1.12699
1.12773
1.12848
1.12925
1.13005
1.13087
1.1317
1.13256
1.13343
1.13432
1.13523
1.13615
1.13709
1.13804
1.13901
1.13998
1.14097
1.14196
1.14297
1.14398
1.14499
1.14601
1.14703
1.14804
1.14906
1.15007
1.15108
1.15208
1.15307
1.15405
1.15502
1.15597
1.15691
1.15782
1.15872
1.1596
1.16045
1.16128
1.16208
1.16285
1.16359
1.1643
1.16497
1.16562
1.16622
1.16679
1.16732
1.16781
1.16827
1.16868
1.16904
1.16937
1.16965
1.16989
1.17009
1.17024
1.17034
1.1704
1.17042
1.17039
1.17031
1.17019
1.17003
1.16982
1.16956
1.16927
1.16892
1.16854
1.16811
1.16764
1.16713
1.16658
1.16599
1.16537
1.1647
1.164
1.16326
1.16248
1.16167
1.16083
1.15995
1.15905
1.15811
1.15714
1.15614
1.15512
1.15407
1.153
1.1519
1.15077
1.14963
1.14846
1.14727
1.14607
1.14484
1.1436
1.14234
1.14107
1.13978
1.13848
1.13717
1.13585
1.13452
1.13318
1.13184
1.13049
1.12913
1.12777
1.12641
1.12505
1.1237
1.12234
1.12099
1.11964
1.11831
1.11698
1.11566
1.11435
1.11306
1.11178
1.11052
1.10928
1.10806
1.10686
1.10569
1.10455
1.10343
1.10234
1.10128
1.10026
1.09927
1.09832
1.0974
1.09653
1.0957
1.09491
1.09417
1.09347
1.09282
1.09221
1.09166
1.09116
1.09071
1.09031
1.08996
1.08967
1.08944
1.08925
1.08913
1.08905
1.08903
1.08907
1.08916
1.08931
1.08951
1.08976
1.09007
1.09042
1.09083
1.09128
1.09178
1.09233
1.09293
1.09356
1.09424
1.09495
1.09571
1.09649
1.09732
1.09817
1.09905
1.09995
1.10088
1.10184
1.10281
1.10379
1.10479
1.10581
1.10683
1.10785
1.10889
1.10992
1.11095
1.11198
1.113
1.11402
1.11503
1.11602
1.117
1.11796
1.11891
1.11984
1.12074
1.12162
1.12248
1.12331
1.12412
1.12489
1.12564
1.12636
1.12705
1.1277
1.12833
1.12892
1.12949
1.13002
1.13052
1.13098
1.13142
1.13182
1.1322
1.13254
1.13286
1.13314
1.1334
1.13364
1.13385
1.13403
1.13419
1.13433
1.13445
1.13455
1.13463
1.1347
1.13475
1.13478
1.1348
1.13481
1.13481
1.1348
1.13478
1.13475
1.13471
1.13467
1.13462
1.13457
1.13451
1.13445
1.13438
1.13431
1.13424
1.13417
1.13409
1.13401
1.13392
1.13384
1.13375
1.13365
1.13355
1.13345
1.13335
1.13323
1.13312
1.13299
1.13286
1.13273
1.13259
1.13244
1.13228
1.13212
1.13194
1.13176
1.13157
1.13138
1.13117
1.13096
1.13074
1.13051
1.13028
1.13004
1.12979
1.12954
1.12928
1.12901
1.12875
1.12848
1.1282
1.12793
1.12766
1.12738
1.12711
1.12684
1.12657
1.12631
1.12605
1.1258
1.12556
1.12532
1.12509
1.12486
1.12465
1.12445
1.12426
1.12407
1.1239
1.12374
1.1236
1.12346
1.12333
1.12322
1.12311
1.12302
1.12293
1.12286
1.12279
1.12274
1.12269
1.12264
1.12261
1.12257
1.12254
1.12252
1.12249
1.12247
1.12244
1.12242
1.12239
1.12235
1.12231
1.12226
1.12221
1.12215
1.12207
1.12199
1.12189
1.12178
1.12165
1.12151
1.12135
1.12117
1.12098
1.12077
1.12054
1.12029
1.12001
1.11972
1.11941
1.11907
1.11872
1.11834
1.11794
1.11751
1.11707
1.1166
1.11611
1.1156
1.11507
1.11452
1.11394
1.11335
1.11274
1.1121
1.11145
1.11078
1.11009
1.10938
1.10866
1.10792
1.10716
1.10639
1.1056
1.1048
1.10398
1.10316
1.10231
1.10146
1.1006
1.09972
1.09883
1.09794
1.09704
1.09612
1.0952
1.09428
1.09335
1.09241
1.09147
1.09052
1.08957
1.08863
1.08768
1.08672
1.08578
1.08483
1.08388
1.08294
1.082
1.08107
1.08015
1.07923
1.07832
1.07742
1.07653
1.07566
1.07479
1.07394
1.0731
1.07227
1.07146
1.07066
1.06988
1.06912
1.06838
1.06765
1.06694
1.06625
1.06557
1.06492
1.06429
1.06367
1.06308
1.0625
1.06195
1.06141
1.06089
1.06039
1.05991
1.05945
1.05901
1.05859
1.05819
1.0578
1.05743
1.05708
1.05675
1.05643
1.05613
1.05585
1.05559
1.05534
1.0551
1.05489
1.05469
1.0545
1.05433
1.05418
1.05404
1.05392
1.05381
1.05372
1.05364
1.05358
1.05353
1.0535
1.05348
1.05348
1.05349
1.05352
1.05357
1.05363
1.05371
1.0538
1.05391
1.05403
1.05417
1.05433
1.0545
1.05469
1.0549
1.05512
1.05536
1.05561
1.05589
1.05618
1.05649
1.05681
1.05715
1.05752
1.0579
1.05829
1.05871
1.05914
1.0596
1.06007
1.06056
1.06107
1.0616
1.06215
1.06272
1.06331
1.06391
1.06454
1.06519
1.06585
1.06654
1.06724
1.06796
1.0687
1.06946
1.07024
1.07103
1.07184
1.07267
1.07352
1.07439
1.07527
1.07617
1.07708
1.07801
1.07896
1.07992
1.08089
1.08188
1.08289
1.08391
1.08494
1.08599
1.08705
1.08812
1.08921
1.09031
1.09142
1.09254
1.09368
1.09483
1.09599
1.09716
1.09835
1.09955
1.10076
1.10198
1.10321
1.10445
1.1057
1.10696
1.10823
1.10951
1.1108
1.1121
1.11341
1.11472
1.11605
1.11737
1.11871
1.12004
1.12139
1.12273
1.12408
1.12543
1.12678
1.12812
1.12947
1.13082
1.13215
1.13349
1.13482
1.13614
1.13745
1.13875
1.14004
1.14132
1.14259
1.14384
1.14507
1.14629
1.14749
1.14867
1.14983
1.15096
1.15208
1.15317
1.15423
1.15527
1.15628
1.15727
1.15822
1.15915
1.16004
1.16091
1.16175
1.16255
1.16332
1.16406
1.16476
1.16543
1.16607
1.16667
1.16724
1.16778
1.16828
1.16875
1.16918
1.16958
1.16995
1.17028
1.17058
1.17084
1.17108
1.17128
1.17145
1.17159
1.1717
1.17178
1.17184
1.17186
1.17186
1.17183
1.17178
1.1717
1.1716
1.17148
1.17134
1.17118
1.17101
1.17081
1.1706
1.17038
1.17014
1.1699
1.16964
1.16938
1.1691
1.16883
1.16855
1.16826
1.16798
1.16769
1.1674
1.16712
1.16684
1.16657
1.1663
1.16604
1.16578
1.16553
1.16529
1.16507
1.16485
1.16464
1.16444
1.16426
1.16409
1.16393
1.16378
1.16364
1.16351
1.16339
1.16329
1.16319
1.16311
1.16303
1.16296
1.1629
1.16284
1.16279
1.16274
1.1627
1.16265
1.16261
1.16257
1.16252
1.16247
1.16241
1.16235
1.16228
1.1622
1.16212
1.16201
1.1619
1.16177
1.16162
1.16146
1.16128
1.16107
1.16085
1.16061
1.16034
1.16005
1.15973
1.15939
1.15902
1.15863
1.15821
1.15776
1.15728
1.15678
1.15625
1.15569
1.1551
1.15448
1.15384
1.15317
1.15247
1.15175
1.151
1.15023
1.14944
1.14863
1.14779
1.14693
1.14606
1.14517
1.14427
1.14336
1.14243
1.1415
1.14056
1.13961
1.13866
1.13772
1.13677
1.13583
1.1349
1.13398
1.13307
1.13218
1.1313
1.13044
1.12961
1.1288
1.12802
1.12727
1.12655
1.12586
1.12521
1.12459
1.12402
1.12348
1.12299
1.12254
1.12213
1.12177
1.12145
1.12118
1.12095
1.12077
1.12063
1.12053
1.12048
1.12048
1.12051
1.12058
1.12069
1.12084
1.12102
1.12124
1.12148
1.12176
1.12206
1.12238
1.12272
1.12308
1.12346
1.12385
1.12426
1.12467
1.12509
1.12551
1.12594
1.12637
1.1268
1.12722
1.12764
1.12806
1.12846
1.12887
1.12926
1.12964
1.13002
1.13038
1.13073
1.13108
1.13141
1.13174
1.13205
1.13236
1.13266
1.13295
1.13323
1.13351
1.13378
1.13405
1.13431
1.13456
1.13482
1.13507
1.13532
1.13556
1.13581
1.13606
1.1363
1.13654
1.13679
1.13703
1.13727
1.13752
1.13776
1.138
1.13824
1.13849
1.13873
1.13897
1.13921
1.13945
1.13969
1.13992
1.14016
1.14039
1.14062
1.14085
1.14107
1.14129
1.14151
1.14173
1.14195
1.14216
1.14237
1.14258
1.14278
1.14298
1.14318
1.14338
1.14357
1.14376
1.14394
1.14413
1.14431
1.14449
1.14466
1.14484
1.14501
1.14517
1.14534
1.1455
1.14565
1.1458
1.14595
1.1461
1.14624
1.14637
1.1465
1.14663
1.14675
1.14686
1.14697
1.14707
1.14716
1.14725
1.14733
1.1474
1.14746
1.14751
1.14756
1.14759
1.14762
1.14763
1.14763
1.14763
1.14761
1.14757
1.14753
1.14747
1.1474
1.14732
1.14722
1.1471
1.14698
1.14683
1.14668
1.1465
1.14632
1.14611
1.14589
1.14566
1.1454
1.14514
1.14485
1.14455
1.14424
1.14391
1.14356
1.1432
1.14282
1.14243
1.14202
1.1416
1.14117
1.14072
1.14026
1.13979
1.13931
1.13882
1.13832
1.13781
1.13729
1.13677
1.13624
1.13571
1.13517
1.13463
1.13409
1.13355
1.133
1.13246
1.13192
1.13139
1.13086
1.13034
1.12982
1.12931
1.12881
1.12832
1.12783
1.12737
1.12691
1.12646
1.12603
1.12562
1.12522
1.12484
1.12447
1.12412
1.12379
1.12347
1.12318
1.1229
1.12264
1.12241
1.12219
1.12199
1.12181
1.12165
1.1215
1.12138
1.12128
1.12119
1.12113
1.12108
1.12105
1.12104
1.12105
1.12107
1.12111
1.12117
1.12124
1.12132
1.12142
1.12154
1.12167
1.12181
1.12196
1.12212
1.1223
1.12248
1.12268
1.12288
1.12309
1.12331
1.12353
1.12377
1.124
1.12424
1.12449
1.12473
1.12498
1.12523
1.12548
1.12573
1.12598
1.12623
1.12647
1.12671
1.12695
1.12718
1.1274
1.12762
1.12782
1.12802
1.1282
1.12838
1.12854
1.12868
1.12881
1.12893
1.12903
1.12911
1.12917
1.12921
1.12923
1.12922
1.1292
1.12915
1.12907
1.12897
1.12884
1.12869
1.12851
1.1283
1.12806
1.1278
1.12751
1.12718
1.12683
1.12645
1.12604
1.1256
1.12513
1.12464
1.12411
1.12356
1.12298
1.12237
1.12174
1.12109
1.12041
1.1197
1.11898
1.11823
1.11746
1.11667
1.11586
1.11504
1.1142
1.11334
1.11247
1.11159
1.1107
1.10979
1.10888
1.10796
1.10703
1.1061
1.10516
1.10423
1.10329
1.10235
1.10141
1.10047
1.09954
1.09861
1.09769
1.09678
1.09588
1.09498
1.0941
1.09323
1.09237
1.09153
1.09071
1.0899
1.08911
1.08834
1.08759
1.08686
1.08615
1.08547
1.08481
1.08418
1.08358
1.083
1.08245
1.08193
1.08144
1.08098
1.08055
1.08016
1.0798
1.07947
1.07918
1.07892
1.0787
1.07851
1.07836
1.07824
1.07817
1.07813
1.07812
1.07816
1.07823
1.07834
1.07849
1.07867
1.07889
1.07915
1.07944
1.07977
1.08013
1.08053
1.08096
1.08142
1.08192
1.08245
1.08301
1.0836
1.08422
1.08487
1.08554
1.08624
1.08697
1.08771
1.08848
1.08928
1.09009
1.09092
1.09176
1.09262
1.0935
1.09439
1.09529
1.0962
1.09712
1.09805
1.09898
1.09992
1.10086
1.1018
1.10274
1.10368
1.10461
1.10554
1.10647
1.10738
1.10829
1.10919
1.11008
1.11096
1.11182
1.11266
1.11349
1.1143
1.1151
1.11587
1.11663
1.11736
1.11807
1.11876
1.11942
1.12006
1.12068
1.12127
1.12183
1.12237
1.12288
1.12336
1.12382
1.12425
1.12465
1.12502
1.12537
1.12569
1.12599
1.12625
1.1265
1.12671
1.12691
1.12708
1.12722
1.12735
1.12745
1.12753
1.12759
1.12764
1.12766
1.12767
1.12766
1.12764
1.12761
1.12756
1.1275
1.12743
1.12735
1.12726
1.12717
1.12707
1.12696
1.12685
1.12674
1.12663
1.12651
1.12639
1.12628
1.12617
1.12605
1.12595
1.12584
1.12574
1.12564
1.12555
1.12547
1.12539
1.12532
1.12525
1.12519
1.12514
1.1251
1.12506
1.12504
1.12502
1.12501
1.125
1.12501
1.12502
1.12505
1.12508
1.12511
1.12516
1.12521
1.12527
1.12533
1.1254
1.12548
1.12556
1.12564
1.12573
1.12582
1.12592
1.12601
1.12611
1.12621
1.12631
1.1264
1.1265
1.12659
1.12668
1.12676
1.12684
1.12692
1.12699
1.12705
1.12711
1.12715
1.12719
1.12722
1.12724
1.12724
1.12724
1.12722
1.1272
1.12716
1.1271
1.12704
1.12696
1.12686
1.12676
1.12663
1.1265
1.12635
1.12619
1.12601
1.12582
1.12561
1.1254
1.12516
1.12492
1.12466
1.1244
1.12412
1.12383
1.12353
1.12321
1.12289
1.12256
1.12223
1.12188
1.12153
1.12117
1.12081
1.12044
1.12007
1.1197
1.11932
1.11894
1.11856
1.11818
1.11781
1.11743
1.11706
1.11669
1.11632
1.11596
1.1156
1.11525
1.1149
1.11457
1.11424
1.11391
1.1136
1.1133
1.113
1.11271
1.11244
1.11217
1.11191
1.11167
1.11143
1.11121
1.11099
1.11078
1.11059
1.1104
1.11022
1.11005
1.10989
1.10974
1.1096
1.10946
1.10932
1.1092
1.10908
1.10896
1.10885
1.10873
1.10862
1.10852
1.10841
1.1083
1.10819
1.10808
1.10797
1.10785
1.10773
1.1076
1.10747
1.10734
1.10719
1.10704
1.10688
1.10672
1.10654
1.10636
1.10617
1.10596
1.10575
1.10553
1.10531
1.10507
1.10482
1.10457
1.1043
1.10403
1.10376
1.10347
1.10319
1.10289
1.1026
1.10229
1.10199
1.10169
1.10138
1.10108
1.10078
1.10048
1.10019
1.0999
1.09962
1.09934
1.09908
1.09882
1.09858
1.09835
1.09813
1.09793
1.09774
1.09757
1.09742
1.09728
1.09717
1.09707
1.09699
1.09694
1.0969
1.09689
1.0969
1.09693
1.09698
1.09706
1.09715
1.09727
1.09741
1.09757
1.09776
1.09796
1.09818
1.09843
1.09869
1.09897
1.09927
1.09958
1.09991
1.10026
1.10062
1.10099
1.10138
1.10177
1.10218
1.1026
1.10302
1.10346
1.1039
1.10434
1.10479
1.10524
1.1057
1.10615
1.10661
1.10706
1.10752
1.10797
1.10841
1.10886
1.10929
1.10972
1.11014
1.11056
1.11096
1.11135
1.11173
1.1121
1.11246
1.11281
1.11314
1.11346
1.11376
1.11405
1.11432
1.11457
1.11481
1.11504
1.11524
1.11543
1.1156
1.11576
1.11589
1.11601
1.11612
1.11621
1.11628
1.11633
1.11637
1.1164
1.11641
1.11641
1.11639
1.11637
1.11633
1.11628
1.11622
1.11615
1.11608
1.116
1.11591
1.11582
1.11572
1.11562
1.11553
1.11543
1.11533
1.11524
1.11515
1.11506
1.11498
1.11491
1.11485
1.1148
1.11476
1.11473
1.11472
1.11472
1.11473
1.11477
1.11482
1.11489
1.11498
1.11509
1.11522
1.11538
1.11555
1.11575
1.11597
1.11622
1.11649
1.11678
1.1171
1.11744
1.1178
1.11819
1.1186
1.11904
1.1195
1.11998
1.12048
1.121
1.12154
1.1221
1.12268
1.12328
1.1239
1.12453
1.12517
1.12583
1.1265
1.12718
1.12787
1.12857
1.12928
1.12999
1.13071
1.13144
1.13216
1.13289
1.13363
1.13436
1.13509
1.13582
1.13654
1.13727
1.13799
1.1387
1.13941
1.14011
1.14081
1.14149
1.14217
1.14284
1.1435
1.14416
1.1448
1.14543
1.14605
1.14666
1.14726
1.14784
1.14842
1.14898
1.14953
1.15007
1.1506
1.15111
1.15161
1.1521
1.15257
1.15303
1.15348
1.15392
1.15434
1.15474
1.15513
1.15551
1.15587
1.15622
1.15655
1.15687
1.15718
1.15746
1.15774
1.15799
1.15823
1.15846
1.15867
1.15886
1.15904
1.1592
1.15934
1.15946
1.15957
1.15966
1.15974
1.15979
1.15983
1.15985
1.15985
1.15983
1.1598
1.15974
1.15967
1.15958
1.15947
1.15934
1.15919
1.15902
1.15884
1.15863
1.15841
1.15816
1.1579
1.15762
1.15732
1.157
1.15666
1.1563
1.15593
1.15553
1.15512
1.15469
1.15424
1.15378
1.15329
1.15279
1.15228
1.15174
1.15119
1.15062
1.15004
1.14944
1.14883
1.1482
1.14755
1.14689
1.14622
1.14553
1.14482
1.1441
1.14337
1.14262
1.14186
1.14109
1.1403
1.1395
1.13869
1.13787
1.13703
1.13618
1.13532
1.13444
1.13356
1.13266
1.13176
1.13084
1.12992
1.12898
1.12804
1.12708
1.12612
1.12515
1.12418
1.1232
1.12221
1.12122
1.12022
1.11923
1.11823
1.11722
1.11622
1.11522
1.11422
1.11323
1.11223
1.11124
1.11026
1.10929
1.10832
1.10736
1.10642
1.10548
1.10456
1.10365
1.10276
1.10189
1.10103
1.1002
1.09938
1.09858
1.09781
1.09706
1.09634
1.09564
1.09496
1.09432
1.0937
1.09311
1.09255
1.09202
1.09152
1.09105
1.09062
1.09021
1.08984
1.0895
1.08919
1.08891
1.08867
1.08845
1.08827
1.08812
1.08801
1.08792
1.08786
1.08784
1.08784
1.08787
1.08793
1.08801
1.08813
1.08827
1.08843
1.08862
1.08883
1.08907
1.08933
1.08961
1.08991
1.09023
1.09057
1.09093
1.09131
1.0917
1.09211
1.09254
1.09298
1.09344
1.09391
1.0944
1.0949
1.09542
1.09595
1.09649
1.09704
1.09761
1.09819
1.09879
1.0994
1.10002
1.10065
1.1013
1.10196
1.10264
1.10333
1.10403
1.10475
1.10549
1.10623
1.107
1.10778
1.10857
1.10938
1.11021
1.11105
1.11191
1.11279
1.11368
1.11459
1.11551
1.11646
1.11742
1.1184
1.11939
1.1204
1.12142
1.12246
1.12352
1.12459
1.12567
1.12677
1.12787
1.12899
1.13012
1.13126
1.13241
1.13357
1.13473
1.13589
1.13706
1.13823
1.13941
1.14058
1.14174
1.14291
1.14406
1.14521
1.14635
1.14748
1.1486
1.1497
1.15078
1.15185
1.1529
1.15392
1.15492
1.1559
1.15685
1.15777
1.15866
1.15952
1.16034
1.16113
1.16189
1.16261
1.16329
1.16393
1.16453
1.16509
1.16561
1.16608
1.16651
1.1669
1.16724
1.16754
1.16779
1.168
1.16816
1.16828
1.16834
1.16837
1.16835
1.16828
1.16817
1.16801
1.16781
1.16757
1.16729
1.16696
1.16659
1.16618
1.16574
1.16525
1.16473
1.16417
1.16358
1.16295
1.16229
1.16159
1.16087
1.16011
1.15933
1.15852
1.15769
1.15683
1.15595
1.15504
1.15412
1.15318
1.15221
1.15123
1.15024
1.14923
1.14821
1.14718
1.14613
1.14508
1.14402
1.14295
1.14188
1.1408
1.13972
1.13863
1.13755
1.13646
1.13538
1.1343
1.13322
1.13215
1.13108
1.13001
1.12896
1.12791
1.12687
1.12584
1.12482
1.12381
1.12281
1.12182
1.12085
1.11989
1.11895
1.11802
1.1171
1.1162
1.11532
1.11446
1.11361
1.11278
1.11197
1.11117
1.1104
1.10964
1.10891
1.10819
1.10749
1.10682
1.10616
1.10553
1.10492
1.10433
1.10376
1.10321
1.10269
1.10219
1.10172
1.10126
1.10083
1.10043
1.10005
1.0997
1.09937
1.09907
1.0988
1.09855
1.09833
1.09814
1.09798
1.09784
1.09774
1.09767
1.09763
1.09762
1.09764
1.0977
1.09778
1.09791
1.09806
1.09825
1.09847
1.09873
1.09902
1.09935
1.09971
1.10011
1.10054
1.101
1.1015
1.10203
1.1026
1.10319
1.10382
1.10448
1.10517
1.10588
1.10662
1.10739
1.10818
1.10899
1.10983
1.11068
1.11155
1.11244
1.11333
1.11425
1.11517
1.11609
1.11703
1.11796
1.1189
1.11984
1.12078
1.12171
1.12264
1.12356
1.12447
1.12537
1.12626
1.12714
1.128
1.12884
1.12967
1.13048
1.13126
1.13203
1.13278
1.1335
1.1342
1.13488
1.13554
1.13617
1.13678
1.13736
1.13791
1.13845
1.13895
1.13944
1.1399
1.14033
1.14074
1.14112
1.14149
1.14182
1.14214
1.14243
1.1427
1.14295
1.14318
1.14338
1.14357
1.14373
1.14387
1.144
1.14411
1.14419
1.14426
1.14431
1.14435
1.14436
1.14436
1.14434
1.1443
1.14425
1.14418
1.14409
1.14399
1.14387
1.14373
1.14357
1.1434
1.14321
1.143
1.14278
1.14253
1.14227
1.14198
1.14168
1.14136
1.14102
1.14066
1.14028
1.13988
1.13945
1.13901
1.13854
1.13805
1.13754
1.13701
1.13645
1.13587
1.13527
1.13465
1.13401
1.13334
1.13265
1.13194
1.13121
1.13045
1.12968
1.12888
1.12807
1.12724
1.12639
1.12552
1.12463
1.12373
1.12282
1.12189
1.12095
1.12
1.11903
1.11806
1.11708
1.11609
1.1151
1.1141
1.1131
1.1121
1.1111
1.11009
1.10909
1.1081
1.1071
1.10612
1.10514
1.10417
1.1032
1.10225
1.10131
1.10038
1.09947
1.09857
1.09768
1.09681
1.09596
1.09513
1.09432
1.09353
1.09276
1.09201
1.09128
1.09058
1.0899
1.08925
1.08863
1.08803
1.08746
1.08692
1.08641
1.08593
1.08549
1.08507
1.08469
1.08434
1.08403
1.08375
1.0835
1.0833
1.08313
1.08299
1.0829
1.08284
1.08282
1.08284
1.0829
1.083
1.08314
1.08332
1.08354
1.0838
1.08409
1.08443
1.0848
1.08521
1.08566
1.08614
1.08666
1.08721
1.0878
1.08842
1.08907
1.08975
1.09046
1.0912
1.09196
1.09275
1.09356
1.09439
1.09524
1.09611
1.09699
1.09789
1.0988
1.09972
1.10065
1.10158
1.10252
1.10346
1.1044
1.10535
1.10628
1.10722
1.10814
1.10906
1.10997
1.11087
1.11176
1.11263
1.11349
1.11433
1.11515
1.11595
1.11674
1.1175
1.11824
1.11896
1.11966
1.12034
1.12099
1.12161
1.12221
1.12279
1.12334
1.12387
1.12437
1.12485
1.1253
1.12572
1.12613
1.12651
1.12686
1.12719
1.1275
1.12779
1.12805
1.1283
1.12852
1.12872
1.1289
1.12906
1.1292
1.12933
1.12944
1.12953
1.1296
1.12966
1.1297
1.12973
1.12974
1.12974
1.12972
1.12969
1.12965
1.1296
1.12953
1.12946
1.12937
1.12927
1.12916
1.12904
1.12891
1.12877
1.12862
1.12847
1.1283
1.12812
1.12794
1.12774
1.12754
1.12733
1.12711
1.12689
1.12665
1.12641
1.12616
1.12591
1.12564
1.12537
1.1251
1.12481
1.12452
1.12423
1.12393
1.12362
1.12331
1.123
1.12268
1.12236
1.12203
1.1217
1.12137
1.12103
1.1207
1.12036
1.12002
1.11969
1.11935
1.11901
1.11868
1.11834
1.11801
1.11768
