7.68037
7.67741
7.67326
7.6679
7.66132
7.65351
7.64447
7.63416
7.62258
7.6097
7.5955
7.57997
7.56306
7.54477
7.52505
7.50387
7.4812
7.45701
7.43125
7.4039
7.3749
7.34422
7.31181
7.27764
7.24164
7.20379
7.16404
7.12233
7.07863
7.03288
6.98506
6.93511
6.88301
6.82871
6.77218
6.71342
6.65238
6.58908
6.52349
6.45564
6.38553
6.31321
6.23871
6.16209
6.08343
6.00282
5.92037
5.83621
5.75049
5.66337
5.57504
5.48571
5.39559
5.30494
5.214
5.12303
5.03232
4.94214
4.85278
4.76453
4.67766
4.59245
4.50918
4.42808
4.34939
4.27333
4.20011
4.12988
4.06282
3.99903
3.93864
3.88171
3.82832
3.77849
3.73223
3.68955
3.65042
3.61479
3.58261
3.5538
3.52828
3.50596
3.48672
3.47047
3.45707
3.4464
3.43833
3.43273
3.42947
3.42841
3.42942
3.43236
3.4371
3.44351
3.45146
3.46083
3.47149
3.48332
3.49623
3.51008
3.52479
3.54025
3.55637
3.57306
3.59024
3.60781
3.62572
3.64389
3.66224
3.68072
3.69926
3.7178
3.73629
3.75467
3.77288
3.79086
3.80858
3.82597
3.84298
3.85958
3.87571
3.89133
3.9064
3.9209
3.93479
3.94804
3.96064
3.97256
3.9838
3.99435
4.0042
4.01335
4.0218
4.02956
4.03663
4.04301
4.04871
4.05374
4.05809
4.06178
4.06479
4.06713
4.06881
4.06982
4.07017
4.06985
4.06887
4.06724
4.06497
4.06207
4.05855
4.05443
4.04974
4.04451
4.03875
4.03252
4.02584
4.01875
4.01132
4.00357
3.99557
3.98736
3.979
3.97056
3.96208
3.95364
3.94527
3.93705
3.92904
3.92127
3.91381
3.9067
3.89998
3.89369
3.88786
3.88252
3.87768
3.87337
3.86959
3.86633
3.8636
3.8614
3.85969
3.85848
3.85773
3.85744
3.85756
3.85809
3.85898
3.86022
3.86177
3.86361
3.86571
3.86805
3.87059
3.87332
3.8762
3.87921
3.88233
3.88552
3.88877
3.89205
3.89532
3.89857
3.90177
3.90488
3.90789
3.91076
3.91346
3.91597
3.91826
3.9203
3.92208
3.92356
3.92473
3.92556
3.92605
3.92618
3.92594
3.92533
3.92434
3.92298
3.92125
3.91917
3.91676
3.91403
3.911
3.90772
3.90419
3.90047
3.89658
3.89257
3.88847
3.88433
3.88018
3.87607
3.87204
3.86812
3.86435
3.86077
3.8574
3.85427
3.85141
3.84884
3.84657
3.84462
3.843
3.84171
3.84075
3.84012
3.83982
3.83984
3.84018
3.84082
3.84176
3.84298
3.84446
3.8462
3.84818
3.85039
3.85281
3.85543
3.85825
3.86124
3.8644
3.86771
3.87116
3.87474
3.87843
3.88223
3.88612
3.89008
3.89411
3.89818
3.90228
3.90639
3.91051
3.9146
3.91865
3.92264
3.92655
3.93037
3.93407
3.93763
3.94105
3.9443
3.94737
3.95025
3.95291
3.95536
3.95759
3.95958
3.96134
3.96287
3.96416
3.96522
3.96605
3.96666
3.96706
3.96726
3.96727
3.9671
3.96676
3.96627
3.96563
3.96486
3.96397
3.96297
3.96187
3.96067
3.95938
3.95801
3.95657
3.95506
3.95349
3.95186
3.95017
3.94843
3.94665
3.94484
3.94299
3.94111
3.93921
3.9373
3.93537
3.93344
3.9315
3.92955
3.9276
3.92564
3.92367
3.92167
3.91964
3.91757
3.91545
3.91326
3.91098
3.9086
3.90611
3.90349
3.90072
3.8978
3.89471
3.89144
3.888
3.88436
3.88054
3.87654
3.87236
3.86802
3.86351
3.85886
3.85408
3.84919
3.84421
3.83916
3.83407
3.82895
3.82384
3.81875
3.81372
3.80877
3.80392
3.79921
3.79465
3.79026
3.78608
3.78213
3.77842
3.77497
3.7718
3.76892
3.76636
3.76411
3.7622
3.76061
3.75937
3.75846
3.75789
3.75764
3.75772
3.75811
3.7588
3.75976
3.761
3.76248
3.76418
3.76608
3.76817
3.77041
3.77279
3.77528
3.77787
3.78053
3.78324
3.786
3.78878
3.79158
3.79438
3.79717
3.79995
3.80271
3.80544
3.80815
3.81083
3.81347
3.81607
3.81864
3.82116
3.82363
3.82606
3.82843
3.83074
3.83298
3.83515
3.83724
3.83925
3.84116
3.84297
3.84468
3.84627
3.84775
3.84911
3.85034
3.85146
3.85245
3.85332
3.85408
3.85474
3.8553
3.85578
3.85619
3.85654
3.85685
3.85713
3.8574
3.85769
3.858
3.85835
3.85877
3.85926
3.85983
3.86051
3.8613
3.8622
3.86322
3.86437
3.86564
3.86704
3.86854
3.87016
3.87188
3.87369
3.87557
3.87751
3.8795
3.88152
3.88356
3.8856
3.88762
3.88961
3.89156
3.89345
3.89528
3.89704
3.89873
3.90033
3.90186
3.90331
3.90468
3.90599
3.90724
3.90843
3.90959
3.91071
3.91182
3.91291
3.914
3.91509
3.91619
3.91729
3.91841
3.91953
3.92065
3.92176
3.92284
3.92387
3.92485
3.92575
3.92654
3.9272
3.92771
3.92805
3.92818
3.92808
3.92773
3.9271
3.92618
3.92494
3.92337
3.92146
3.91918
3.91653
3.91351
3.91011
3.90632
3.90216
3.89762
3.89272
3.88745
3.88185
3.87593
3.8697
3.86319
3.85644
3.84947
3.84231
3.83501
3.82761
3.82014
3.81266
3.80522
3.79785
3.79063
3.78358
3.77677
3.77024
3.76404
3.7582
3.75277
3.74777
3.74323
3.73918
3.73562
3.73256
3.73
3.72792
3.72632
3.72517
3.72444
3.72409
3.7241
3.72443
3.72503
3.72586
3.72688
3.72806
3.72936
3.73074
3.73218
3.73365
3.73513
3.73659
3.73804
3.73946
3.74084
3.7422
3.74352
3.74483
3.74613
3.74744
3.74878
3.75016
3.7516
3.75313
3.75477
3.75655
3.75849
3.76061
3.76294
3.76549
3.7683
3.77136
3.77471
3.77835
3.78229
3.78653
3.79107
3.79591
3.80105
3.80646
3.81212
3.81803
3.82415
3.83046
3.83692
3.84349
3.85015
3.85686
3.86358
3.87027
3.87689
3.88341
3.8898
3.89602
3.90203
3.90782
3.91336
3.91862
3.92358
3.92823
3.93254
3.93651
3.94013
3.94338
3.94627
3.94877
3.9509
3.95265
3.95402
3.95501
3.95562
3.95586
3.95572
3.95522
3.95436
3.95315
3.95159
3.9497
3.94748
3.94495
3.94211
3.939
3.93561
3.93197
3.92809
3.92399
3.9197
3.91523
3.9106
3.90584
3.90096
3.89599
3.89096
3.88588
3.88077
3.87566
3.87057
3.86552
3.86052
3.8556
3.85077
3.84606
3.84146
3.837
3.83269
3.82854
3.82455
3.82074
3.81711
3.81366
3.8104
3.80732
3.80442
3.80171
3.79917
3.7968
3.79459
3.79253
3.79062
3.78884
3.78717
3.78561
3.78414
3.78274
3.78141
3.78012
3.77886
3.77763
3.77639
3.77516
3.7739
3.77262
3.7713
3.76994
3.76854
3.76709
3.76559
3.76404
3.76245
3.76082
3.75915
3.75746
3.75576
3.75405
3.75234
3.75066
3.74901
3.7474
3.74587
3.74441
3.74305
3.74181
3.7407
3.73973
3.73894
3.73832
3.73789
3.73768
3.73769
3.73793
3.73842
3.73916
3.74015
3.7414
3.7429
3.74466
3.74667
3.74892
3.7514
3.75409
3.75697
3.76004
3.76326
3.76661
3.77006
3.7736
3.77718
3.78079
3.7844
3.78797
3.79149
3.79492
3.79824
3.80143
3.80447
3.80735
3.81004
3.81254
3.81483
3.81692
3.8188
3.82047
3.82194
3.8232
3.82428
3.82518
3.82591
3.82649
3.82693
3.82725
3.82747
3.8276
3.82766
3.82766
3.82762
3.82756
3.82748
3.8274
3.82732
3.82725
3.8272
3.82716
3.82714
3.82714
3.82716
3.82719
3.82722
3.82725
3.82727
3.82727
3.82723
3.82716
3.82704
3.82685
3.82658
3.82623
3.82577
3.82521
3.82452
3.8237
3.82274
3.82162
3.82034
3.81889
3.81727
3.81546
3.81347
3.81129
3.80892
3.80636
3.80362
3.8007
3.7976
3.79433
3.79091
3.78735
3.78366
3.77986
3.77597
3.772
3.76798
3.76394
3.75989
3.75585
3.75187
3.74795
3.74413
3.74044
3.73689
3.7335
3.73032
3.72735
3.72461
3.72213
3.71993
3.718
3.71638
3.71506
3.71405
3.71336
3.71298
3.71291
3.71315
3.71369
3.71451
3.7156
3.71694
3.71852
3.72031
3.72229
3.72444
3.72674
3.72916
3.73169
3.73429
3.73696
3.73966
3.74239
3.74513
3.74787
3.75058
3.75327
3.75592
3.75852
3.76107
3.76357
3.76599
3.76836
3.77065
3.77286
3.775
3.77706
3.77904
3.78093
3.78273
3.78445
3.78606
3.78758
3.78899
3.7903
3.7915
3.79258
3.79355
3.79439
3.79511
3.79571
3.79617
3.7965
3.79669
3.79675
3.79667
3.79645
3.7961
3.7956
3.79496
3.79418
3.79326
3.79221
3.79101
3.78967
3.7882
3.78658
3.78483
3.78294
3.7809
3.77872
3.7764
3.77394
3.77134
3.76859
3.76569
3.76266
3.75948
3.75616
3.7527
3.74912
3.7454
3.74156
3.73762
3.73356
3.72942
3.72519
3.7209
3.71655
3.71217
3.70777
3.70338
3.699
3.69465
3.69037
3.68616
3.68206
3.67807
3.67422
3.67052
3.667
3.66367
3.66055
3.65766
3.655
3.6526
3.65046
3.6486
3.64704
3.64577
3.64482
3.6442
3.6439
3.64394
3.64433
3.64506
3.64614
3.64756
3.64931
3.6514
3.65382
3.65653
3.65955
3.66283
3.66638
3.67017
3.67417
3.67837
3.68276
3.6873
3.69199
3.69682
3.70176
3.7068
3.71194
3.71718
3.72249
3.72789
3.73337
3.73892
3.74454
3.75024
3.756
3.76183
3.76773
3.77369
3.7797
3.78576
3.79185
3.79797
3.80411
3.81025
3.81637
3.82247
3.82852
3.83451
3.84042
3.84623
3.85194
3.85752
3.86297
3.86825
3.87338
3.87833
3.88309
3.88765
3.89201
3.89616
3.9001
3.90381
3.90731
3.91058
3.91362
3.91645
3.91905
3.92143
3.9236
3.92557
3.92733
3.9289
3.93028
3.93149
3.93252
3.9334
3.93414
3.93473
3.93519
3.93553
3.93577
3.93589
3.93593
3.93587
3.93572
3.93549
3.93519
3.9348
3.93434
3.93379
3.93317
3.93246
3.93167
3.93079
3.92981
3.92874
3.92757
3.9263
3.92492
3.92344
3.92187
3.92019
3.91842
3.91656
3.91461
3.91259
3.9105
3.90835
3.90615
3.90391
3.90164
3.89934
3.89703
3.89471
3.89239
3.89008
3.88777
3.88548
3.8832
3.88094
3.87869
3.87646
3.87423
3.87201
3.86978
3.86756
3.86532
3.86306
3.86078
3.85847
3.85613
3.85374
3.85131
3.84883
3.84629
3.8437
3.84106
3.83837
3.83562
3.83282
3.82997
3.82709
3.82417
3.82123
3.81826
3.81528
3.81229
3.80931
3.80633
3.80338
3.80044
3.79753
3.79466
3.79182
3.78903
3.78628
3.78358
3.78094
3.77834
3.77581
3.77333
3.77091
3.76855
3.76626
3.76405
3.76191
3.75986
3.7579
3.75605
3.75431
3.75271
3.75124
3.74993
3.7488
3.74787
3.74715
3.74666
3.74642
3.74646
3.74679
3.74743
3.74838
3.74966
3.75127
3.75322
3.75549
3.75808
3.76098
3.76415
3.76758
3.77123
3.77507
3.77905
3.78313
3.78727
3.79143
3.79556
3.79963
3.8036
3.80743
3.8111
3.81458
3.81785
3.8209
3.8237
3.82627
3.8286
3.83068
3.83252
3.83412
3.83551
3.83668
3.83765
3.83843
3.83904
3.8395
3.83981
3.84
3.84007
3.84006
3.83997
3.83982
3.83963
3.83941
3.83918
3.83896
3.83875
3.83858
3.83845
3.83838
3.83836
3.83842
3.83854
3.83875
3.83902
3.83937
3.83979
3.84027
3.84081
3.84138
3.84198
3.84259
3.8432
3.84379
3.84433
3.84482
3.84522
3.84553
3.84571
3.84577
3.84567
3.8454
3.84495
3.84431
3.84348
3.84244
3.8412
3.83974
3.83808
3.83622
3.83416
3.83191
3.82948
3.82687
3.8241
3.82117
3.81809
3.81488
3.81153
3.80806
3.80448
3.80079
3.79699
3.79309
3.7891
3.78502
3.78085
3.7766
3.77227
3.76788
3.76342
3.75891
3.75435
3.74974
3.74511
3.74046
3.73579
3.73112
3.72647
3.72184
3.71724
3.71268
3.70819
3.70376
3.6994
3.69513
3.69096
3.68689
3.68294
3.6791
3.67539
3.67181
3.66837
3.66507
3.66191
3.6589
3.65604
3.65334
3.65079
3.6484
3.64616
3.64409
3.64218
3.64043
3.63884
3.63742
3.63616
3.63506
3.63413
3.63336
3.63276
3.63232
3.63203
3.63191
3.63194
3.63211
3.63244
3.6329
3.63349
3.63422
3.63506
3.63601
3.63706
3.63821
3.63943
3.64074
3.6421
3.64352
3.64498
3.64647
3.64799
3.64953
3.65107
3.65261
3.65415
3.65567
3.65717
3.65864
3.66007
3.66147
3.66281
3.66411
3.66534
3.66652
3.66761
3.66863
3.66956
3.6704
3.67114
3.67177
3.67228
3.67267
3.67292
3.67303
3.673
3.67282
3.67248
3.67198
3.67132
3.6705
3.66953
3.6684
3.66713
3.66572
3.6642
3.66256
3.66085
3.65907
3.65725
3.65543
3.65363
3.65189
3.65025
3.64874
3.6474
3.64627
3.64539
3.6448
3.64452
3.64461
3.64508
3.64596
3.64728
3.64906
3.65131
3.65403
3.65725
3.66096
3.66515
3.66982
3.67496
3.68056
3.68659
3.69304
3.69988
3.70707
3.71458
3.72238
3.73043
3.73867
3.74708
3.7556
3.76418
3.77277
3.78132
3.78978
3.7981
3.80623
3.81413
3.82175
3.82905
3.836
3.84255
3.84869
3.85437
3.85959
3.86432
3.86856
3.87229
3.87551
3.87823
3.88044
3.88216
3.8834
3.88417
3.88449
3.88438
3.88387
3.88298
3.88173
3.88015
3.87827
3.87612
3.87372
3.87111
3.86831
3.86535
3.86226
3.85906
3.85579
3.85245
3.84908
3.8457
3.84233
3.83898
3.83567
3.8324
3.8292
3.82606
3.823
3.82002
3.81711
3.81427
3.81151
3.80881
3.80616
3.80357
3.80102
3.79851
3.79601
3.79354
3.79107
3.78859
3.78612
3.78363
3.78113
3.77862
3.77609
3.77355
3.77101
3.76847
3.76593
3.76341
3.76091
3.75845
3.75603
3.75366
3.75136
3.74914
3.747
3.74495
3.74301
3.74118
3.73946
3.73786
3.73637
3.73501
3.73377
3.73264
3.73163
3.73071
3.72989
3.72916
3.7285
3.72791
3.72736
3.72686
3.72637
3.7259
3.72543
3.72495
3.72444
3.72389
3.7233
3.72266
3.72196
3.7212
3.72036
3.71945
3.71846
3.7174
3.71625
3.71503
3.71373
3.71235
3.71089
3.70936
3.70776
3.7061
3.70437
3.70258
3.70074
3.69884
3.69691
3.69494
3.69293
3.69091
3.68886
3.6868
3.68474
3.68268
3.68062
3.67858
3.67655
3.67454
3.67256
3.6706
3.66867
3.66676
3.66489
3.66304
3.66122
3.65943
3.65767
3.65594
3.65424
3.65257
3.65093
3.64933
3.64778
3.64627
3.64482
3.64343
3.64212
3.64088
3.63974
3.6387
3.63776
3.63695
3.63626
3.6357
3.63529
3.63503
3.63492
3.63497
3.63519
3.63557
3.63612
3.63684
3.63773
3.6388
3.64005
3.64146
3.64306
3.64483
3.64678
3.64891
3.65122
3.6537
3.65636
3.65919
3.66219
3.66535
3.66869
3.67217
3.67581
3.67958
3.68349
3.68751
3.69164
3.69586
3.70015
3.70451
3.7089
3.71332
3.71773
3.72213
3.72649
3.73079
3.735
3.73911
3.7431
3.74694
3.75061
3.7541
3.75739
3.76045
3.76327
3.76584
3.76814
3.77015
3.77187
3.77328
3.77438
3.77515
3.77559
3.77568
3.77544
3.77484
3.77389
3.77258
3.77092
3.76891
3.76653
3.76381
3.76073
3.75731
3.75356
3.74946
3.74505
3.74032
3.7353
3.72998
3.72439
3.71855
3.71248
3.70618
3.69969
3.69304
3.68623
3.67931
3.6723
3.66522
3.6581
3.65098
3.64388
3.63684
3.62987
3.62302
3.6163
3.60975
3.60338
3.59724
3.59133
3.58569
3.58033
3.57527
3.57052
3.56611
3.56204
3.55832
3.55496
3.55196
3.54934
3.54708
3.54519
3.54365
3.54248
3.54165
3.54115
3.54099
3.54113
3.54157
3.54229
3.54328
3.54452
3.546
3.5477
3.54961
3.55171
3.554
3.55646
3.55909
3.56188
3.56483
3.56792
3.57117
3.57456
3.5781
3.58178
3.58561
3.58959
3.59371
3.59797
3.60236
3.60688
3.61151
3.61625
3.62108
3.62598
3.63094
3.63592
3.64092
3.6459
3.65084
3.6557
3.66048
3.66513
3.66964
3.67397
3.67811
3.68203
3.68571
3.68913
3.69227
3.69512
3.69766
3.69987
3.70174
3.70327
3.70444
3.70524
3.70567
3.70573
3.70541
3.7047
3.70362
3.70217
3.70034
3.69816
3.69562
3.69275
3.68956
3.68606
3.68228
3.67825
3.67398
3.66952
3.66488
3.6601
3.65522
3.65026
3.64528
3.64029
3.63533
3.63043
3.62563
3.62095
3.61641
3.61204
3.60786
3.60387
3.6001
3.59654
3.59321
3.59011
3.58724
3.58461
3.5822
3.58003
3.5781
3.57639
3.57492
3.57368
3.57268
3.57193
3.57142
3.57118
3.5712
3.57151
3.5721
3.573
3.5742
3.57573
3.5776
3.5798
3.58235
3.58525
3.58849
3.59208
3.596
3.60025
3.60479
3.60962
3.61471
3.62003
3.62554
3.63121
3.63702
3.64291
3.64885
3.65482
3.66076
3.66665
3.67245
3.67814
3.68369
3.68906
3.69426
3.69924
3.70401
3.70855
3.71284
3.71688
3.72067
3.72421
3.72748
3.73049
3.73325
3.73575
3.738
3.74
3.74176
3.74328
3.74456
3.74561
3.74644
3.74705
3.74745
3.74765
3.74765
3.74746
3.74709
3.74655
3.74585
3.74501
3.74402
3.74292
3.7417
3.74038
3.73897
3.7375
3.73597
3.73439
3.73279
3.73117
3.72954
3.72793
3.72635
3.7248
3.72331
3.72188
3.72052
3.71926
3.71809
3.71704
3.7161
3.71529
3.71462
3.71409
3.7137
3.71346
3.71337
3.71342
3.71361
3.71394
3.71439
3.71494
3.7156
3.71633
3.71713
3.71796
3.71881
3.71965
3.72046
3.72122
3.72189
3.72245
3.72288
3.72316
3.72326
3.72317
3.72286
3.72234
3.72158
3.72058
3.71934
3.71785
3.71611
3.71414
3.71195
3.70954
3.70694
3.70416
3.70122
3.69815
3.69497
3.6917
3.68838
3.68502
3.68166
3.67831
3.67501
3.67177
3.66862
3.66558
3.66265
3.65985
3.6572
3.65471
3.65237
3.65019
3.64817
3.64632
3.64462
3.64307
3.64167
3.6404
3.63925
3.63822
3.63729
3.63645
3.63569
3.63499
3.63436
3.63377
3.63321
3.63268
3.63217
3.63168
3.63118
3.6307
3.63021
3.62972
3.62922
3.62873
3.62823
3.62774
3.62726
3.62679
3.62634
3.62592
3.62553
3.62518
3.62489
3.62466
3.6245
3.62443
3.62444
3.62456
3.62479
3.62513
3.62561
3.62622
3.62697
3.62788
3.62893
3.63014
3.63151
3.63304
3.63473
3.63657
3.63857
3.64073
3.64303
3.64548
3.64806
3.65077
3.65361
3.65657
3.65964
3.6628
3.66607
3.66942
3.67285
3.67636
3.67993
3.68355
3.68723
3.69096
3.69471
3.69849
3.7023
3.7061
3.70991
3.71371
3.71748
3.72122
3.72491
3.72855
3.73211
3.7356
3.73898
3.74226
3.74543
3.74846
3.75136
3.75411
3.75671
3.75915
3.76142
3.76353
3.76547
3.76724
3.76884
3.77027
3.77155
3.77266
3.77363
3.77445
3.77514
3.7757
3.77614
3.77646
3.77668
3.7768
3.77683
3.77678
3.77665
3.77644
3.77617
3.77584
3.77544
3.77499
3.77448
3.77392
3.7733
3.77263
3.7719
3.77112
3.77028
3.76938
3.76841
3.76739
3.76629
3.76512
3.76389
3.76257
3.76117
3.7597
3.75814
3.75649
3.75475
3.75292
3.751
3.74898
3.74688
3.74468
3.74239
3.74001
3.73754
3.73499
3.73236
3.72965
3.72687
3.72401
3.72109
3.7181
3.71505
3.71194
3.70877
3.70552
3.70222
3.69884
3.69538
3.69183
3.68819
3.68445
3.6806
3.67662
3.67251
3.66825
3.66384
3.65927
3.65454
3.64964
3.64457
3.63933
3.63394
3.62838
3.62269
3.61686
3.61092
3.60488
3.59877
3.5926
3.58642
3.58023
3.57407
3.56797
3.56196
3.55606
3.5503
3.54473
3.53935
3.53421
3.52932
3.52472
3.52043
3.51648
3.51288
3.50965
3.50682
3.50441
3.50242
3.50088
3.49979
3.49916
3.49901
3.49933
3.50012
3.5014
3.50315
3.50537
3.50804
3.51117
3.51473
3.5187
3.52307
3.52782
3.53291
3.53832
3.54403
3.55
3.5562
3.56259
3.56915
3.57584
3.58263
3.58948
3.59637
3.60326
3.61013
3.61695
3.62369
3.63034
3.63688
3.64329
3.64956
3.65568
3.66164
3.66744
3.67309
3.67857
3.68389
3.68906
3.69409
3.69898
3.70374
3.70837
3.7129
3.71731
3.72163
3.72586
3.73
3.73405
3.73802
3.74191
3.74572
3.74944
3.75308
3.75662
3.76007
3.76341
3.76664
3.76976
3.77275
3.77561
3.77832
3.7809
3.78332
3.78557
3.78767
3.78959
3.79133
3.7929
3.79427
3.79546
3.79645
3.79724
3.79783
3.79822
3.7984
3.79837
3.79812
3.79766
3.79699
3.79611
3.795
3.79369
3.79216
3.79043
3.78849
3.78635
3.78402
3.7815
3.77881
3.77595
3.77294
3.76978
3.7665
3.76311
3.75962
3.75607
3.75245
3.74881
3.74515
3.74149
3.73787
3.7343
3.7308
3.72739
3.72409
3.72092
3.7179
3.71504
3.71236
3.70986
3.70755
3.70545
3.70355
3.70187
3.70039
3.69911
3.69803
3.69715
3.69645
3.69592
3.69555
3.69533
3.69523
3.69526
3.69538
3.69558
3.69586
3.69618
3.69655
3.69695
3.69736
3.69779
3.69821
3.69863
3.69905
3.69945
3.69985
3.70024
3.70063
3.70102
3.70143
3.70186
3.70231
3.70281
3.70336
3.70397
3.70466
3.70543
3.70629
3.70726
3.70833
3.70953
3.71085
3.7123
3.71389
3.71561
3.71747
3.71947
3.7216
3.72386
3.72625
3.72877
3.7314
3.73415
3.737
3.73995
3.74298
3.7461
3.74928
3.75253
3.75582
3.75915
3.76251
3.76587
3.76924
3.7726
3.77593
3.77923
3.78247
3.78565
3.78876
3.79177
3.79469
3.79749
3.80018
3.80273
3.80514
3.8074
3.80949
3.81142
3.81318
3.81475
3.81613
3.81731
3.8183
3.81907
3.81962
3.81995
3.82005
3.81991
3.81953
3.81889
3.818
3.81685
3.81543
3.81374
3.81178
3.80953
3.80701
3.80422
3.80115
3.79781
3.7942
3.79035
3.78625
3.78193
3.77739
3.77265
3.76774
3.76268
3.75749
3.75219
3.74682
3.7414
3.73596
3.73053
3.72514
3.71982
3.7146
3.70951
3.70458
3.69983
3.6953
3.691
3.68695
3.68319
3.67972
3.67656
3.67374
3.67126
3.66913
3.66736
3.66597
3.66496
3.66433
3.6641
3.66426
3.66481
3.66577
3.66712
3.66886
3.671
3.67353
3.67644
3.67973
3.68338
3.68739
3.69173
3.6964
3.70136
3.70661
3.71212
3.71785
3.72379
3.72989
3.73614
3.74249
3.74891
3.75536
3.76182
3.76824
3.7746
3.78085
3.78697
3.79292
3.79868
3.80423
3.80953
3.81457
3.81932
3.82378
3.82792
3.83175
3.83524
3.83839
3.84121
3.84369
3.84583
3.84764
3.84913
3.8503
3.85117
3.85175
3.85205
3.85208
3.85187
3.85143
3.85077
3.84991
3.84887
3.84766
3.84631
3.84483
3.84323
3.84152
3.83972
3.83785
3.8359
3.8339
3.83185
3.82976
3.82763
3.82547
3.82329
3.82108
3.81886
3.81662
3.81437
3.81211
3.80984
3.80757
3.8053
3.80304
3.80078
3.79854
3.79631
3.79411
3.79193
3.7898
3.7877
3.78565
3.78365
3.7817
3.77981
3.77799
3.77622
3.77451
3.77287
3.77128
3.76973
3.76823
3.76677
3.76532
3.76389
3.76246
3.76101
3.75954
3.75801
3.75642
3.75474
3.75297
3.75107
3.74904
3.74686
3.7445
3.74196
3.73922
3.73627
3.7331
3.7297
3.72605
3.72217
3.71804
3.71368
3.70907
3.70424
3.69918
3.69392
3.68846
3.68283
3.67705
3.67113
3.66511
3.659
3.65285
3.64667
3.64051
3.6344
3.62836
3.62245
3.61668
3.6111
3.60574
3.60063
3.59581
3.5913
3.58713
3.58332
3.57989
3.57684
3.5742
3.57195
3.57009
3.56862
3.56751
3.56674
3.5663
3.56613
3.56622
3.56653
3.56701
3.56763
3.56835
3.56913
3.56992
3.5707
3.57143
3.57207
3.5726
3.57299
3.57322
3.57326
3.57311
3.57276
3.57218
3.57138
3.57036
3.56912
3.56766
3.566
3.56415
3.56213
3.55994
3.55762
3.55519
3.55267
3.55009
3.54748
3.54488
3.5423
3.53979
3.53738
3.53509
3.53295
3.53101
3.52928
3.52778
3.52656
3.52562
3.52499
3.52468
3.5247
3.52507
3.5258
3.52688
3.52832
3.53011
3.53225
3.53472
3.53752
3.54063
3.54403
3.5477
3.55161
3.55575
3.56008
3.56458
3.56922
3.57397
3.57879
3.58367
3.58856
3.59344
3.59827
3.60304
3.6077
3.61224
3.61663
3.62085
3.62487
3.62869
3.63227
3.6356
3.63869
3.64151
3.64406
3.64634
3.64836
3.65011
3.6516
3.65285
3.65387
3.65467
3.65527
3.65569
3.65596
3.6561
3.65615
3.65611
3.65603
3.65593
3.65584
3.65579
3.6558
3.6559
3.65611
3.65645
3.65694
3.65761
3.65846
3.65952
3.66078
3.66226
3.66397
3.6659
3.66805
3.67043
3.67302
3.67582
3.67882
3.682
3.68534
3.68883
3.69244
3.69615
3.69994
3.70376
3.7076
3.71143
3.71522
3.71893
3.72254
3.72602
3.72934
3.73247
3.7354
3.73809
3.74054
3.74273
3.74464
3.74626
3.74759
3.74862
3.74936
3.74981
3.74998
3.74987
3.7495
3.74887
3.74802
3.74696
3.74571
3.7443
3.74274
3.74106
3.73929
3.73747
3.7356
3.73373
3.73187
3.73006
3.72832
3.72668
3.72515
3.72376
3.72254
3.72149
3.72063
3.71998
3.71954
3.71932
3.71932
3.71954
3.71999
3.72065
3.72151
3.72256
3.7238
3.72519
3.72673
3.72839
3.73014
3.73198
3.73386
3.73578
3.73769
3.73959
3.74144
3.74322
3.74491
3.74648
3.74793
3.74923
3.75037
3.75133
3.7521
3.75268
3.75306
3.75324
3.75321
3.75297
3.75253
3.7519
3.75108
3.75007
3.7489
3.74756
3.74607
3.74445
3.7427
3.74084
3.73888
3.73683
3.7347
3.73251
3.73025
3.72794
3.72559
3.7232
3.72077
3.71831
3.71583
3.71332
3.7108
3.70825
3.7057
3.70313
3.70056
3.69799
3.69543
3.69289
3.69038
3.6879
3.68548
3.68313
3.68086
3.67869
3.67665
3.67474
3.673
3.67145
3.6701
3.66898
3.66811
3.66752
3.66722
3.66724
3.66758
3.66828
3.66933
3.67076
3.67257
3.67478
3.67737
3.68036
3.68373
3.68749
3.69162
3.6961
3.70092
3.70607
3.7115
3.71721
3.72315
3.72931
3.73563
3.7421
3.74867
3.7553
3.76197
3.76862
3.77523
3.78176
3.78818
3.79444
3.80053
3.80641
3.81206
3.81745
3.82257
3.8274
3.83193
3.83615
3.84004
3.84362
3.84687
3.8498
3.85243
3.85474
3.85677
3.85852
3.86
3.86123
3.86223
3.863
3.86358
3.86396
3.86418
3.86424
3.86416
3.86395
3.86361
3.86317
3.86263
3.86199
3.86126
3.86044
3.85954
3.85856
3.85749
3.85634
3.8551
3.85377
3.85235
3.85082
3.84919
3.84746
3.8456
3.84363
3.84154
3.83931
3.83695
3.83445
3.83181
3.82902
3.82609
3.82301
3.81978
3.81641
3.81289
3.80923
3.80542
3.80149
3.79742
3.79322
3.78891
3.78449
3.77997
3.77536
3.77066
3.76589
3.76106
3.75618
3.75126
3.74632
3.74136
3.7364
3.73145
3.72652
3.72163
3.71679
3.71201
3.7073
3.70268
3.69815
3.69374
3.68945
3.6853
3.68129
3.67744
3.67376
3.67027
3.66698
3.66389
3.66102
3.65839
3.65599
3.65385
3.65197
3.65036
3.64903
3.64799
3.64723
3.64677
3.6466
3.64673
3.64714
3.64784
3.64883
3.65008
3.65159
3.65335
3.65535
3.65756
3.65998
3.66258
3.66535
3.66827
3.67133
3.6745
3.67777
3.68112
3.68454
3.68802
3.69154
3.69509
3.69867
3.70227
3.70587
3.70948
3.71309
3.7167
3.72029
3.72389
3.72746
3.73103
3.73458
3.73812
3.74163
3.74512
3.74859
3.75202
3.75542
3.75878
3.76209
3.76535
3.76854
3.77167
3.77472
3.77768
3.78055
3.78332
3.78597
3.7885
3.79091
3.79317
3.79529
3.79726
3.79907
3.80073
3.80223
3.80356
3.80474
3.80576
3.80664
3.80737
3.80797
3.80845
3.80881
3.80909
3.80928
3.8094
3.80947
3.80951
3.80952
3.80952
3.80952
3.80952
3.80955
3.80959
3.80966
3.80975
3.80985
3.80996
3.81006
3.81016
3.81022
3.81024
3.8102
3.81007
3.80985
3.80951
3.80903
3.8084
3.8076
3.80662
3.80544
3.80406
3.80246
3.80063
3.79859
3.79631
3.79381
3.79109
3.78816
3.78501
3.78167
3.77815
3.77445
3.7706
3.76662
3.76252
3.75832
3.75406
3.74975
3.74542
3.7411
3.73681
3.73259
3.72845
3.72443
3.72056
3.71686
3.71334
3.71004
3.70697
3.70414
3.70157
3.69925
3.6972
3.6954
3.69386
3.69257
3.6915
3.69066
3.69001
3.68955
3.68926
3.68911
3.6891
3.68919
3.68939
3.68967
3.69003
3.69045
3.69092
3.69144
3.692
3.6926
3.69324
3.69392
3.69463
3.69538
3.69616
3.69699
3.69786
3.69877
3.69973
3.70073
3.70178
3.70289
3.70405
3.70526
3.70653
3.70785
3.70922
3.71065
3.71214
3.71367
3.71525
3.71687
3.71853
3.72023
3.72195
3.72369
3.72544
3.7272
3.72894
3.73066
3.73235
3.734
3.73559
3.73711
3.73856
3.73991
3.74117
3.74231
3.74334
3.74424
3.74502
3.74567
3.74618
3.74657
3.74683
3.74696
3.74698
3.74689
3.7467
3.74642
3.74605
3.7456
3.74509
3.74451
3.74386
3.74316
3.74239
3.74157
3.74067
3.73969
3.73864
3.73749
3.73624
3.73487
3.73338
3.73176
3.72999
3.72807
3.726
3.72376
3.72135
3.71878
3.71604
3.71313
3.71006
3.70683
3.70345
3.69993
3.69628
3.6925
3.68862
3.68464
3.68058
3.67645
3.67227
3.66806
3.66383
3.65961
3.6554
3.65123
3.64711
3.64307
3.63912
3.63528
3.63156
3.62799
3.62457
3.62132
3.61826
3.6154
3.61274
3.6103
3.60808
3.60609
3.60434
3.60282
3.60153
3.60049
3.59968
3.5991
3.59876
3.59865
3.59878
3.59913
3.59971
3.60052
3.60156
3.60284
3.60435
3.60611
3.60813
3.6104
3.61294
3.61576
3.61886
3.62226
3.62594
3.62992
3.63419
3.63874
3.64356
3.64863
3.65393
3.65944
3.66513
3.67096
3.67689
3.68288
3.68891
3.69491
3.70086
3.70672
3.71245
3.71801
3.72337
3.72851
3.73339
3.738
3.74231
3.74631
3.74999
3.75334
3.75635
3.75901
3.76133
3.76329
3.76492
3.7662
3.76715
3.76777
3.76807
3.76806
3.76776
3.76716
3.76629
3.76516
3.76378
3.76216
3.76033
3.75829
3.75607
3.75367
3.75112
3.74842
3.74559
3.74265
3.7396
3.73647
3.73327
3.73
3.72668
3.72332
3.71993
3.71651
3.71309
3.70965
3.70622
3.7028
3.69939
3.696
3.69264
3.68932
3.68603
3.68279
3.6796
3.67647
3.6734
3.6704
3.66748
3.66465
3.66191
3.65927
3.65675
3.65434
3.65206
3.64991
3.6479
3.64604
3.64433
3.64279
3.64141
3.64019
3.63915
3.63828
3.63758
3.63706
3.63672
3.63654
3.63653
3.63669
3.63701
3.63748
3.63811
3.63889
3.63981
3.64087
3.64206
3.64338
3.64483
3.6464
3.64809
3.64991
3.65185
3.6539
3.65609
3.65841
3.66086
3.66345
3.6662
3.6691
3.67218
3.67543
3.67888
3.68254
3.68641
3.69051
3.69485
3.69943
3.70428
3.70939
3.71477
3.72042
3.72634
3.73253
3.73898
3.74568
3.75263
3.75979
3.76717
3.77474
3.78247
3.79033
3.79832
3.80638
3.81451
3.82266
3.8308
3.83891
3.84696
3.85491
3.86273
3.87039
3.87787
3.88513
3.89215
3.89889
3.90532
3.91143
3.91718
3.92255
3.9275
3.93202
3.93608
3.93965
3.94271
3.94524
3.94722
3.94863
3.94944
3.94964
3.94921
3.94815
3.94643
3.94405
3.94099
3.93726
3.93285
3.92776
3.922
3.91557
3.90848
3.90075
3.89239
3.88342
3.87388
3.86379
3.85319
3.84212
3.83061
3.81872
3.8065
3.794
3.78127
3.76838
3.75537
3.74232
3.72927
3.71628
3.7034
3.69069
3.67818
3.66592
3.65394
3.64228
3.63096
3.62001
3.60945
3.59929
3.58955
3.58024
3.57138
3.56299
3.55506
3.54761
3.54066
3.53422
3.5283
3.52291
3.51806
3.51376
3.51003
3.50686
3.50426
3.50224
3.50079
3.4999
3.49959
3.49982
3.50059
3.50189
3.50369
3.50597
3.5087
3.51186
3.51542
3.51936
3.52364
3.52823
3.5331
3.53824
3.5436
3.54918
3.55494
3.56088
3.56697
3.57321
3.57959
3.58611
3.59275
3.59953
3.60646
3.61352
3.62073
3.6281
3.63563
3.64332
3.65117
3.65918
3.66735
3.67565
3.68409
3.69264
3.70128
3.70999
3.71875
3.72752
3.73627
3.74499
3.75363
3.76218
3.77061
3.77888
3.78698
3.79487
3.80255
3.80998
3.81715
3.82403
3.83061
3.83687
3.84279
3.84835
3.85354
3.85834
3.86274
3.86672
3.87027
3.87337
3.87602
3.8782
3.87991
3.88113
3.88187
3.88212
3.88188
3.88116
3.87995
3.87826
3.87611
3.8735
3.87045
3.86698
3.86311
3.85885
3.85423
3.84929
3.84403
3.83851
3.83273
3.82675
3.82058
3.81427
3.80784
3.80133
3.79477
3.7882
3.78164
3.77512
3.76868
3.76233
3.75611
3.75003
3.74412
3.73839
3.73286
3.72754
3.72245
3.71758
3.71296
3.70857
3.70442
3.70051
3.69684
3.6934
3.69019
3.68719
3.68441
3.68183
3.67944
3.67723
3.6752
3.67333
3.67162
3.67006
3.66864
3.66737
3.66623
3.66523
3.66436
3.66364
3.66306
3.66263
3.66236
3.66225
3.66233
3.66258
3.66304
3.66369
3.66456
3.66564
3.66695
3.66847
3.67021
3.67217
3.67432
3.67665
3.67916
3.68182
3.68461
3.6875
3.69046
3.69348
3.69652
3.69956
3.70257
3.70553
3.70842
3.71121
3.71388
3.71643
3.71884
3.72109
3.72319
3.72514
3.72692
3.72855
3.73003
3.73136
3.73256
3.73364
3.73461
3.73549
3.73628
3.737
3.73767
3.7383
3.73891
3.7395
3.74009
3.7407
3.74133
3.74199
3.74269
3.74344
3.74424
3.7451
3.74602
3.74701
3.74806
3.74918
3.75036
3.7516
3.75289
3.75424
3.75563
3.75707
3.75853
3.76001
3.76151
3.76301
3.76451
3.76598
3.76743
3.76884
3.7702
3.7715
3.77273
3.77387
3.77492
3.77587
3.7767
3.77741
3.77799
3.77842
3.7787
3.77882
3.77878
3.77856
3.77816
3.77758
3.77682
3.77587
3.77472
3.77339
3.77186
3.77014
3.76822
3.76612
3.76383
3.76136
3.75871
3.75588
3.75288
3.74971
3.74639
3.74291
3.7393
3.73554
3.73167
3.72769
3.72361
3.71945
3.71522
3.71095
3.70664
3.70232
3.69799
3.69369
3.68943
3.68522
3.68108
3.67703
3.67307
3.66923
3.66549
3.66189
3.6584
3.65505
3.65183
3.64874
3.64577
3.64293
3.6402
3.63758
3.63506
3.63264
3.6303
3.62806
3.62589
3.6238
3.62177
3.61982
3.61794
3.61613
3.61439
3.61273
3.61116
3.60967
3.60828
3.60699
3.60582
3.60478
3.60387
3.60312
3.60253
3.60211
3.60187
3.60183
3.60199
3.60237
3.60296
3.60378
3.60481
3.60607
3.60755
3.60924
3.61113
3.61322
3.61548
3.61791
3.62048
3.62318
3.62599
3.62889
3.63186
3.63488
3.63793
3.64098
3.64403
3.64706
3.65005
3.65298
3.65584
3.65863
3.66133
3.66393
3.66643
3.66882
3.67109
3.67325
3.67528
3.67719
3.67898
3.68064
3.68218
3.68359
3.68489
3.68606
3.68712
3.68806
3.68889
3.68961
3.69022
3.69073
3.69113
3.69143
3.69163
3.69172
3.69171
3.69158
3.69134
3.69098
3.6905
3.68989
3.68915
3.68826
3.68722
3.68602
3.68467
3.68315
3.68145
3.67959
3.67755
3.67534
3.67297
3.67043
3.66773
3.6649
3.66194
3.65887
3.6557
3.65247
3.6492
3.6459
3.64262
3.63937
3.63619
3.63311
3.63016
3.62736
3.62473
3.62229
3.62007
3.61807
3.61631
3.61478
3.61348
3.61241
3.61155
3.6109
3.61043
3.61012
3.60996
3.60991
3.60995
3.61006
3.61021
3.61039
3.61058
3.61074
3.61088
3.61097
3.61101
3.61099
3.61091
3.61075
3.61054
3.61025
3.60991
3.60953
3.6091
3.60864
3.60818
3.60771
3.60726
3.60684
3.60647
3.60616
3.60594
3.60582
3.60581
3.60593
3.60618
3.60659
3.60715
3.60788
3.60879
3.60986
3.61111
3.61254
3.61414
3.61592
3.61786
3.61997
3.62223
3.62466
3.62724
3.62997
3.63285
3.63587
3.63905
3.64237
3.64584
3.64945
3.65321
3.65711
3.66116
3.66533
3.66964
3.67407
3.67862
3.68326
3.688
3.69281
3.69768
3.70259
3.70752
3.71247
3.7174
3.72229
3.72714
3.73192
3.73661
3.74119
3.74564
3.74995
3.7541
3.75807
3.76184
3.7654
3.76872
3.7718
3.77461
3.77715
3.77938
3.78131
3.78292
3.78419
3.78513
3.78571
3.78593
3.78579
3.7853
3.78444
3.78322
3.78166
3.77976
3.77754
3.775
3.77218
3.76908
3.76573
3.76216
3.75838
3.75442
3.75032
3.74608
3.74175
3.73733
3.73285
3.72833
3.7238
3.71926
3.71474
3.71024
3.70578
3.70138
3.69703
3.69276
3.68858
3.68448
3.68048
3.6766
3.67285
3.66922
3.66574
3.66242
3.65926
3.65629
3.6535
3.65091
3.64853
3.64637
3.64442
3.64271
3.64122
3.63997
3.63896
3.63817
3.63763
3.63731
3.63722
3.63736
3.63771
3.63829
3.63908
3.64008
3.6413
3.64272
3.64436
3.6462
3.64825
3.65052
3.653
3.65571
3.65864
3.66181
3.66521
3.66887
3.67278
3.67695
3.6814
3.68612
3.69114
3.69645
3.70206
3.70799
3.71422
3.72078
3.72765
3.73484
3.74234
3.75014
3.75823
3.76658
3.77519
3.78402
3.79303
3.80218
3.81145
3.82076
3.83008
3.83934
3.84849
3.85746
3.8662
3.87464
3.88273
3.89041
3.89762
3.90433
3.91047
3.91602
3.92094
3.9252
3.92877
3.93164
3.93381
3.93525
3.93598
3.93599
3.93529
3.9339
3.93185
3.92914
3.9258
3.92188
3.9174
3.91239
3.90691
3.90098
3.89467
3.88801
3.88105
3.87385
3.86645
3.85892
3.85129
3.84363
3.83599
3.82841
3.82095
3.81366
3.80657
3.79974
3.79321
3.78701
3.78117
3.77573
3.7707
3.76612
3.76199
3.75832
3.75513
3.75241
3.75016
3.74837
3.74702
3.74611
3.74559
3.74546
3.74568
3.74622
3.74704
3.74812
3.7494
3.75087
3.75247
3.75418
3.75595
3.75776
3.75958
3.76137
3.76311
3.76477
3.76634
3.76779
3.76911
3.77028
3.7713
3.77215
3.77284
3.77334
3.77367
3.77382
3.77379
3.77359
3.77321
3.77267
3.77198
3.77113
3.77016
3.76906
3.76786
3.76658
3.76522
3.76383
3.7624
3.76098
3.75959
3.75825
3.75698
3.75582
3.75479
3.75391
3.75321
3.75271
3.75242
3.75236
3.75255
3.75298
3.75368
3.75462
3.75582
3.75726
3.75893
3.76081
3.76289
3.76513
3.76751
3.77001
3.77258
3.7752
3.77783
3.78043
3.78297
3.78542
3.78773
3.78988
3.79183
3.79355
3.79502
3.79622
3.79712
3.7977
3.79795
3.79786
3.79741
3.79661
3.79545
3.79392
3.79204
3.78981
3.78724
3.78434
3.78112
3.77761
3.77381
3.76975
3.76546
3.76095
3.75625
3.75139
3.74639
3.74129
3.73612
3.73091
3.72569
3.7205
3.71536
3.71032
3.70541
3.70065
3.6961
3.69176
3.68769
3.6839
3.68042
3.67728
3.67449
3.67207
3.67003
3.66839
3.66714
3.66629
3.66584
3.66578
3.6661
3.66678
3.66782
3.66919
3.67088
3.67287
3.67512
3.67763
3.68036
3.68329
3.6864
3.68967
3.69307
3.69658
3.70018
3.70385
3.70757
3.71132
3.71508
3.71885
3.72259
3.72631
3.72998
3.73359
3.73713
3.74059
3.74395
3.7472
3.75033
3.75332
3.75617
3.75885
3.76136
3.76368
3.7658
3.7677
3.76938
3.77081
3.772
3.77292
3.77358
3.77396
3.77406
3.77387
3.77339
3.77263
3.77158
3.77024
3.76863
3.76674
3.76458
3.76218
3.75952
3.75664
3.75354
3.75024
3.74676
3.7431
3.7393
3.73537
3.73133
3.72719
3.72299
3.71873
3.71445
3.71015
3.70586
3.7016
3.69738
3.69322
3.68914
3.68516
3.68128
3.67753
3.6739
3.67041
3.66708
3.66389
3.66087
3.658
3.65531
3.65278
3.65042
3.64823
3.64621
3.64436
3.64268
3.64117
3.63983
3.63867
3.6377
3.6369
3.6363
3.63591
3.63572
3.63576
3.63604
3.63656
3.63735
3.63841
3.63976
3.6414
3.64336
3.64563
3.64822
3.65113
3.65436
3.6579
3.66174
3.66587
3.67026
3.6749
3.67975
3.68479
3.68999
3.6953
3.7007
3.70616
3.71162
3.71707
3.72245
3.72775
3.73293
3.73795
3.7428
3.74744
3.75185
3.75602
3.75991
3.76352
3.76683
3.76981
3.77246
3.77477
3.77671
3.77829
3.77949
3.7803
3.7807
3.78071
3.7803
3.77948
3.77824
3.77658
3.7745
3.77201
3.76911
3.76581
3.76211
3.75802
3.75357
3.74877
3.74362
3.73816
3.7324
3.72636
3.72008
3.71356
3.70685
3.69996
3.69293
3.68577
3.67853
3.67123
3.6639
3.65657
3.64926
3.64201
3.63485
3.62779
3.62087
3.61411
3.60754
3.60117
3.59504
3.58915
3.58353
3.5782
3.57317
3.56845
3.56406
3.55999
3.55627
3.5529
3.54987
3.5472
3.54488
3.5429
3.54127
3.53997
3.53901
3.53838
3.53806
3.53805
3.53833
3.53891
3.53977
3.5409
3.54229
3.54393
3.54583
3.54796
3.55033
3.55293
3.55576
3.5588
3.56207
3.56555
3.56925
3.57316
3.57727
3.5816
3.58613
3.59086
3.59579
3.60092
3.60624
3.61176
3.61746
3.62333
3.62939
3.63561
3.64199
3.64853
3.6552
3.662
3.66892
3.67595
3.68306
3.69025
3.69749
3.70477
3.71208
3.71939
3.72668
3.73393
3.74113
3.74825
3.75528
3.76219
3.76896
3.77559
3.78205
3.78831
3.79438
3.80023
3.80584
3.81121
3.81632
3.82116
3.82572
3.82999
3.83396
3.83763
3.84097
3.844
3.84671
3.84908
3.85113
3.85284
3.85422
3.85526
3.85597
3.85634
3.85639
3.85612
3.85553
3.85462
3.85341
3.8519
3.85011
3.84804
3.8457
3.84311
3.84028
3.83722
3.83394
3.83046
3.82679
3.82295
3.81895
3.8148
3.81052
3.80613
3.80163
3.79704
3.79237
3.78765
3.78287
3.77807
3.77323
3.76839
3.76356
3.75875
3.75396
3.74923
3.74455
3.73994
3.73543
3.73101
3.72671
3.72254
3.71851
3.71464
3.71093
3.7074
3.70406
3.70092
3.69799
3.69527
3.69278
3.69052
3.6885
3.68672
3.68517
3.68387
3.68281
3.68199
3.68141
3.68106
3.68093
3.68103
3.68134
3.68184
3.68254
3.68342
3.68446
3.68564
3.68696
3.6884
3.68993
3.69154
3.6932
3.69489
3.69659
3.69827
3.69992
3.7015
3.70299
3.70438
3.70562
3.70671
3.70761
3.70832
3.70881
3.70906
3.70906
3.70881
3.70829
3.7075
3.70644
3.70511
3.70352
3.70167
3.69959
3.69727
3.69476
3.69205
3.6892
3.68621
3.68312
3.67997
3.67678
3.6736
3.67045
3.66737
3.6644
3.66156
3.65889
3.65641
3.65415
3.65213
3.65037
3.64889
3.64767
3.64674
3.64609
3.64571
3.64559
3.64572
3.64608
3.64665
3.64741
3.64832
3.64937
3.65053
3.65179
3.65311
3.65448
3.65588
3.6573
3.65874
3.66018
3.66162
3.66307
3.66453
3.66602
3.66754
3.66911
3.67075
3.67248
3.67433
3.67631
3.67845
3.68077
3.6833
3.68606
3.68907
3.69235
3.69591
3.69979
3.70397
3.70848
3.71332
3.7185
3.72402
3.72987
3.73605
3.74255
3.74936
3.75646
3.76385
3.7715
3.77939
3.7875
3.7958
3.80427
3.81289
3.82162
3.83045
3.83934
3.84826
3.85719
3.8661
3.87496
3.88375
3.89245
3.90102
3.90944
3.91769
3.92574
3.93358
3.94118
3.94851
3.95556
3.96229
3.9687
3.97476
3.98044
3.98573
3.99059
3.99501
3.99897
4.00245
4.00542
4.00787
4.00978
4.01113
4.01191
4.01211
4.01172
4.01073
4.00913
4.00693
4.00412
4.00071
3.99671
3.99211
3.98694
3.98119
3.9749
3.96807
3.96072
3.95288
3.94456
3.9358
3.92662
3.91706
3.90714
3.89691
3.8864
3.87565
3.8647
3.8536
3.8424
3.83114
3.81987
3.80864
3.7975
3.7865
3.77568
3.7651
3.7548
3.74483
3.73521
3.72599
3.71721
3.70888
3.70103
3.69369
3.68686
3.68056
3.6748
3.66956
3.66485
3.66065
3.65696
3.65377
3.65104
3.64876
3.64691
3.64546
3.64439
3.64367
3.64327
3.64317
3.64334
3.64376
3.64441
3.64525
3.64628
3.64746
3.64879
3.65024
3.6518
3.65345
3.65519
3.657
3.65887
3.66079
3.66275
3.66474
3.66676
3.6688
3.67085
3.67291
3.67496
3.67701
3.67904
3.68105
3.68302
3.68496
3.68685
3.68869
3.69046
3.69215
3.69376
3.69527
3.69668
3.69796
3.69912
3.70014
3.70101
3.70171
3.70225
3.7026
3.70277
3.70274
3.70251
3.70207
3.70142
3.70055
3.69946
3.69815
3.69662
3.69488
3.69293
3.69077
3.68842
3.68587
3.68314
3.68024
3.67718
3.67397
3.67064
3.66719
3.66364
3.66001
3.65631
3.65257
3.64881
3.64504
3.64129
3.63757
3.63392
3.63036
3.6269
3.62357
3.62039
3.61738
3.61457
3.61197
3.60959
3.60747
3.6056
3.60399
3.60266
3.60161
3.60083
3.60034
3.60011
3.60014
3.60042
3.60093
3.60165
3.60257
3.60366
3.6049
3.60625
3.6077
3.60921
3.61076
3.61232
3.61386
3.61534
3.61675
3.61805
3.61922
3.62024
3.62108
3.62172
3.62214
3.62234
3.62228
3.62198
3.62141
3.62058
3.61948
3.61811
3.61649
3.61462
3.61251
3.61018
3.60766
3.60495
3.6021
3.59912
3.59605
3.59292
3.58977
3.58662
3.58353
3.58052
3.57763
3.5749
3.57237
3.57006
3.56801
3.56625
3.5648
3.56368
3.56292
3.56252
3.56249
3.56285
3.56358
3.56469
3.56616
3.56799
3.57016
3.57265
3.57544
3.57851
3.58183
3.58538
3.58913
3.59305
3.5971
3.60127
3.60553
3.60984
3.61418
3.61853
3.62285
3.62713
3.63135
3.63548
3.63951
3.64342
3.6472
3.65084
3.65434
3.65768
3.66086
3.66388
3.66675
3.66946
3.67202
3.67443
3.67671
3.67887
3.68092
3.68286
3.68472
3.68651
3.68824
3.68993
3.69159
3.69325
3.69491
3.6966
3.69832
3.7001
3.70196
3.70389
3.70592
3.70806
3.71031
3.71269
3.7152
3.71783
3.7206
3.72349
3.72651
3.72964
3.73287
3.73619
3.73958
3.74301
3.74647
3.74992
3.75335
3.75672
3.76
3.76317
3.76619
3.76904
3.77168
3.77409
3.77624
3.77812
3.77969
3.78094
3.78186
3.78243
3.78264
3.78249
3.78197
3.78108
3.77982
3.7782
3.77622
3.77389
3.77123
3.76825
3.76496
3.76138
3.75753
3.75344
3.74911
3.74457
3.73984
3.73495
3.72991
3.72475
3.71948
3.71414
3.70873
3.70329
3.69782
3.69235
3.6869
3.68149
3.67613
3.67084
3.66564
3.66055
3.65559
3.65077
3.64611
3.64163
3.63736
3.6333
3.62949
3.62594
3.62267
3.6197
3.61705
3.61474
3.61279
3.61122
3.61004
3.60927
3.60893
3.60902
3.60955
3.61054
3.61198
3.61388
3.61623
3.61903
3.62226
3.62591
3.62996
3.63439
3.63917
3.64427
3.64966
3.6553
3.66114
3.66714
3.67327
3.67947
3.68569
3.69188
3.69801
3.70401
3.70985
3.71547
3.72084
3.72591
3.73064
3.73499
3.73894
3.74244
3.74548
3.74803
3.75007
3.75158
3.75255
3.75298
3.75285
3.75216
3.75093
3.74915
3.74683
3.74399
3.74065
3.73682
3.73254
3.72782
3.7227
3.71721
3.71139
3.70527
3.69889
3.69229
3.68552
3.67861
3.67161
3.66456
3.65749
3.65045
3.64346
3.63656
3.62979
3.62317
3.61671
3.61045
3.6044
3.59857
3.59297
3.58762
3.58252
3.57766
3.57307
3.56874
3.56467
3.56086
3.55733
3.55406
3.55108
3.54837
3.54596
3.54385
3.54205
3.54057
3.53941
3.5386
3.53814
3.53804
3.53831
3.53897
3.54001
3.54145
3.54328
3.54551
3.54814
3.55115
3.55454
3.5583
3.56241
3.56686
3.57161
3.57665
3.58195
3.58748
3.5932
3.59908
3.60509
3.61119
3.61734
3.62351
3.62965
3.63574
3.64173
3.64759
3.65328
3.65877
3.66404
3.66904
3.67376
3.67817
3.68225
3.68598
3.68933
3.69231
3.69489
3.69707
3.69884
3.7002
3.70115
3.70169
3.70184
3.70158
3.70095
3.69994
3.69858
3.69688
3.69486
3.69254
3.68994
3.68709
3.68402
3.68074
3.67729
3.67369
3.66998
3.66618
3.66232
3.65843
3.65455
3.65069
3.6469
3.6432
3.63961
3.63616
3.63287
3.62978
3.62689
3.62423
3.62181
3.61964
3.61775
3.61613
3.6148
3.61375
3.61299
3.61251
3.61232
3.6124
3.61276
3.61337
3.61423
3.61532
3.61663
3.61816
3.61987
3.62176
3.62381
3.626
3.62833
3.63077
3.63331
3.63595
3.63866
3.64144
3.64428
3.64717
3.6501
3.65308
3.65609
3.65913
3.66221
3.66532
3.66846
3.67163
3.67483
3.67807
3.68134
3.68464
3.68798
3.69135
3.69475
3.69817
3.70162
3.70509
3.70856
3.71204
3.7155
3.71894
3.72235
3.72572
3.72902
3.73225
3.73538
3.73842
3.74133
3.7441
3.74673
3.7492
3.7515
3.75363
3.75556
3.75731
3.75886
3.76022
3.76139
3.76237
3.76318
3.76381
3.76428
3.7646
3.7648
3.76487
3.76484
3.76472
3.76453
3.76428
3.76398
3.76366
3.76331
3.76296
3.7626
3.76224
3.76189
3.76154
3.7612
3.76086
3.76052
3.76017
3.75982
3.75945
3.75906
3.75865
3.75821
3.75774
3.75724
3.75671
3.75615
3.75558
3.75499
3.7544
3.75382
3.75327
3.75276
3.75231
3.75193
3.75164
3.75146
3.75142
3.75151
3.75177
3.75219
3.7528
3.7536
3.75459
3.75578
3.75716
3.75873
3.76049
3.76243
3.76452
3.76678
3.76917
3.77168
3.7743
3.77701
3.7798
3.78265
3.78555
3.78849
3.79145
3.79442
3.79739
3.80036
3.80331
3.80624
3.80915
3.81201
3.81483
3.8176
3.82031
3.82296
3.82553
3.82802
3.83042
3.83273
3.83492
3.837
3.83896
3.84079
3.84248
3.84403
3.84543
3.84667
3.84777
3.8487
3.84947
3.85009
3.85054
3.85083
3.85096
3.85094
3.85076
3.85043
3.84994
3.84931
3.84852
3.84759
3.84652
3.8453
3.84393
3.84241
3.84075
3.83894
3.83698
3.83486
3.83259
3.83015
3.82755
3.82479
3.82185
3.81873
3.81543
3.81195
3.80828
3.80441
3.80035
3.7961
3.79165
3.78702
3.78219
3.77719
3.77201
3.76668
3.7612
3.75559
3.74988
3.74409
3.73825
3.73238
3.72653
3.72072
3.715
3.7094
3.70396
3.69872
3.69371
3.68898
3.68455
3.68046
3.67672
3.67337
3.67041
3.66786
3.66572
3.66399
3.66266
3.66174
3.66121
3.66105
3.66124
3.66177
3.66261
3.66375
3.66515
3.66681
3.66868
3.67077
3.67304
3.67547
3.67805
3.68076
3.68359
3.68651
3.68952
3.6926
3.69575
3.69895
3.7022
3.70548
3.70881
3.71216
3.71554
3.71895
3.72239
3.72585
3.72934
3.73286
3.73642
3.74001
3.74364
3.74731
3.75103
3.75479
3.7586
3.76247
3.76639
3.77036
3.77438
3.77845
3.78257
3.78674
3.79095
3.7952
3.79949
3.80382
3.80817
3.81255
3.81696
3.82138
3.82582
3.83028
3.83474
3.83921
3.84369
3.84817
3.85264
3.85711
3.86156
3.866
3.8704
3.87477
3.8791
3.88337
3.88757
3.89169
3.89572
3.89964
3.90343
3.90708
3.91056
3.91386
3.91695
3.91982
3.92244
3.92478
3.92682
3.92855
3.92992
3.93093
3.93154
3.93173
3.93147
3.93076
3.92956
3.92785
3.92562
3.92286
3.91955
3.91568
3.91125
3.90626
3.90069
3.89457
3.88789
3.88067
3.87292
3.86468
3.85595
3.84678
3.83719
3.82722
3.81691
3.8063
3.79544
3.78438
3.77316
3.76183
3.75044
3.73904
3.72769
3.71642
3.7053
3.69435
3.68363
3.67317
3.66302
3.65322
3.6438
3.63479
3.62622
3.61813
3.61055
3.6035
3.59701
3.59111
3.58583
3.58118
3.57719
3.57389
3.57129
3.56942
3.56829
3.56792
3.56832
3.56949
3.57145
3.57419
3.57771
3.58201
3.58706
3.59284
3.59934
3.60652
3.61435
3.62278
3.63177
3.64127
3.65122
3.66158
3.67227
3.68323
3.69441
3.70574
3.71715
3.72857
3.73996
3.75124
3.76235
3.77324
3.78386
3.79415
3.80408
3.81359
3.82266
3.83124
3.83931
3.84685
3.85383
3.86025
3.86609
3.87134
3.87601
3.88009
3.88358
3.8865
3.88885
3.89065
3.89191
3.89265
3.89289
3.89264
3.89193
3.89078
3.88921
3.88724
3.88491
3.88222
3.87922
3.87592
3.87234
3.86852
3.86447
3.86022
3.85579
3.85121
3.8465
3.84168
3.83678
3.83181
3.8268
3.82178
3.81675
3.81174
3.80678
3.80187
3.79704
3.79231
3.78768
3.78318
3.77882
3.77461
3.77055
3.76666
3.76294
3.75939
3.75602
3.75283
3.74981
3.74696
3.74428
3.74175
3.73936
3.73712
3.73499
3.73298
3.73106
3.72922
3.72745
3.72574
3.72406
3.72242
3.72079
3.71917
3.71756
3.71593
3.71429
3.71264
3.71097
3.70929
3.70761
3.70592
3.70423
3.70256
3.70092
3.69931
3.69775
3.69626
3.69485
3.69354
3.69233
3.69124
3.69029
3.68948
3.68883
3.68834
3.68802
3.68789
3.68793
3.68817
3.68859
3.6892
3.68999
3.69097
3.69213
3.69347
3.69498
3.69666
3.69851
3.70052
3.70268
3.705
3.70747
3.71008
3.71282
3.71571
3.71873
3.72187
3.72515
3.72854
3.73205
3.73567
3.73939
3.74321
3.74713
3.75113
3.7552
3.75934
3.76353
3.76776
3.77203
3.77631
3.78059
3.78486
3.7891
3.7933
3.79744
3.8015
3.80548
3.80934
3.81308
3.81667
3.82011
3.82338
3.82646
3.82933
3.83198
3.83439
3.83656
3.83845
3.84007
3.84138
3.84239
3.84307
3.8434
3.84339
3.84301
3.84225
3.8411
3.83955
3.8376
3.83523
3.83245
3.82925
3.82564
3.82162
3.81719
3.81238
3.80719
3.80164
3.79577
3.78961
3.78317
3.77651
3.76966
3.76267
3.75558
3.74844
3.7413
3.73421
3.72721
3.72034
3.71363
3.70713
3.70084
3.6948
3.689
3.68346
3.67816
3.67309
3.66823
3.66357
3.65908
3.65473
3.65049
3.64633
3.64224
3.63819
3.63417
3.63015
3.62613
3.62211
3.61809
3.61407
3.61007
3.60609
3.60217
3.59832
3.59456
3.59092
3.58743
3.58411
3.58098
3.57808
3.57541
3.57302
3.5709
3.56909
3.56759
3.56641
3.56556
3.56506
3.56489
3.56507
3.56559
3.56645
3.56765
3.56917
3.57102
3.57317
3.57563
3.57838
3.5814
3.58469
3.58822
3.59199
3.59597
3.60015
3.60451
3.60903
3.61369
3.61847
3.62335
3.62831
3.63333
3.6384
3.64348
3.64857
3.65364
3.65869
3.66369
3.66863
3.67351
3.6783
3.68301
3.68763
3.69215
3.69657
3.70089
3.7051
3.70922
3.71323
3.71714
3.72096
3.72468
3.72831
3.73186
3.73532
3.73869
3.74199
3.7452
3.74833
3.75137
3.75433
3.75719
3.75996
3.76264
3.76521
3.76767
3.77002
3.77225
3.77436
3.77634
3.77819
3.77991
3.78149
3.78293
3.78425
3.78543
3.78648
3.78742
3.78824
3.78894
3.78954
3.79005
3.79046
3.79079
3.79103
3.7912
3.79129
3.7913
3.79124
3.79111
3.7909
3.79061
3.79024
3.7898
3.78927
3.78866
3.78798
3.78721
3.78637
3.78546
3.78449
3.78345
3.78236
3.78123
3.78006
3.77887
3.77767
3.77646
3.77527
3.7741
3.77296
3.77188
3.77086
3.76991
3.76905
3.76829
3.76764
3.76711
3.76672
3.76646
3.76635
3.76639
3.76658
3.76693
3.76743
3.76807
3.76886
3.76979
3.77083
3.77199
3.77325
3.77459
3.776
3.77746
3.77894
3.78044
3.78192
3.78338
3.78479
3.78613
3.78738
3.78854
3.78958
3.79049
3.79126
3.79189
3.79236
3.79268
3.79283
3.79283
3.79266
3.79235
3.79188
3.79128
3.79054
3.78968
3.78872
3.78767
3.78653
3.78533
3.78407
3.78278
3.78147
3.78016
3.77885
3.77755
3.77629
3.77507
3.77391
3.7728
3.77175
3.77078
3.76989
3.76907
3.76834
3.76769
3.76712
3.76663
3.76622
3.76589
3.76562
3.76543
3.7653
3.76523
3.7652
3.76523
3.76528
3.76537
3.76547
3.76557
3.76567
3.76576
3.76581
3.76581
3.76576
3.76564
3.76543
3.76512
3.7647
3.76416
3.76348
3.76266
3.76169
3.76057
3.75929
3.75786
3.75628
3.75455
3.7527
3.75072
3.74863
3.74645
3.7442
3.7419
3.73958
3.73725
3.73495
3.73268
3.73049
3.72838
3.72639
3.72453
3.72283
3.72128
3.71992
3.71876
3.71779
3.71703
3.71648
3.71615
3.71603
3.71612
3.71642
3.71692
3.71761
3.71849
3.71955
3.72076
3.72213
3.72362
3.72523
3.72693
3.72872
3.73055
3.73243
3.73431
3.73618
3.73802
3.73979
3.74149
3.74307
3.74452
3.74582
3.74695
3.74788
3.74861
3.7491
3.74935
3.74935
3.74908
3.74853
3.74771
3.74659
3.7452
3.74351
3.74153
3.73928
3.73674
3.73394
3.73088
3.72757
3.72403
3.72027
3.71632
3.71218
3.70788
3.70345
3.69891
3.69427
3.68958
3.68485
3.68011
3.67539
3.67072
3.66612
3.66163
3.65726
3.65305
3.64902
3.6452
3.64159
3.63823
3.63514
3.63232
3.6298
3.62759
3.62569
3.62412
3.62288
3.62198
3.62141
3.62117
3.62127
3.62169
3.62243
3.62347
3.6248
3.62641
3.62829
3.6304
3.63273
3.63527
3.63798
3.64085
3.64385
3.64696
3.65015
3.65341
3.65672
3.66004
3.66338
3.66669
3.66998
3.67323
3.67642
3.67955
3.68261
3.68559
3.68849
3.6913
3.69402
3.69666
3.69922
3.70169
3.70409
3.70641
3.70865
3.71083
3.71294
3.71498
3.71697
3.71889
3.72075
3.72255
3.72428
3.72595
3.72755
3.72908
3.73053
3.73191
3.73319
3.73438
3.73547
3.73646
3.73733
3.73809
3.73873
3.73923
3.73961
3.73984
3.73993
3.73986
3.73965
3.73927
3.73873
3.73802
3.73714
3.73607
3.73481
3.73335
3.73169
3.72981
3.72771
3.72536
3.72277
3.71991
3.71677
3.71335
3.70963
3.70561
3.70128
3.69663
3.69167
3.68641
3.68085
3.67502
3.66892
3.6626
3.65608
3.64939
3.64259
3.63572
3.62882
3.62194
3.61513
3.60844
3.60192
3.5956
3.58953
3.58373
3.57822
3.57303
3.56817
3.56364
3.55945
3.55557
3.552
3.54873
3.54573
3.54298
3.54046
3.53815
3.53602
3.53405
3.53222
3.53051
3.5289
3.52738
3.52594
3.52456
3.52324
3.52197
3.52075
3.51958
3.51845
3.51737
3.51634
3.51536
3.51444
3.51358
3.5128
3.51209
3.51147
3.51094
3.51051
3.5102
3.51001
3.50994
3.51003
3.51026
3.51066
3.51123
3.51199
3.51295
3.51411
3.51548
3.51708
3.51891
3.52098
3.52329
3.52585
3.52866
3.53171
3.53502
3.53857
3.54236
3.54639
3.55064
3.55512
3.55981
3.5647
3.56978
3.57504
3.58047
3.58605
3.59178
3.59764
3.60363
3.60972
3.61592
3.6222
3.62855
3.63498
3.64146
3.64798
3.65453
3.66111
3.66769
3.67428
3.68085
3.68739
3.6939
3.70035
3.70674
3.71306
3.71928
3.72541
3.73141
3.73729
3.74303
3.74861
3.75403
3.75927
3.76433
3.76918
3.77383
3.77827
3.78248
3.78647
3.79022
3.79373
3.79701
3.80004
3.80282
3.80536
3.80766
3.80971
3.81153
3.81311
3.81445
3.81557
3.81647
3.81716
3.81764
3.81792
3.818
3.81791
3.81764
3.8172
3.81661
3.81589
3.81503
3.81405
3.81297
3.8118
3.81055
3.80923
3.80787
3.80648
3.80507
3.80366
3.80225
3.80088
3.79955
3.79827
3.79706
3.79593
3.79489
3.79396
3.79313
3.79242
3.79182
3.79135
3.79099
3.79076
3.79064
3.79064
3.79073
3.79091
3.79118
3.7915
3.79187
3.79228
3.79269
3.79309
3.79346
3.79379
3.79404
3.7942
3.79425
3.79417
3.79395
3.79357
3.79303
3.7923
3.79139
3.7903
3.78901
3.78755
3.7859
3.78409
3.78213
3.78003
3.7778
3.77546
3.77305
3.77056
3.76803
3.76548
3.76292
3.76038
3.75787
3.7554
3.753
3.75067
3.74843
3.74627
3.7442
3.74223
3.74036
3.73858
3.73689
3.73528
3.73375
3.73228
3.73088
3.72953
3.72823
3.72695
3.72571
3.72449
3.72328
3.72209
3.72091
3.71973
3.71857
3.71742
3.71628
3.71517
3.71408
3.71302
3.712
3.71102
3.7101
3.70923
3.70842
3.70767
3.70698
3.70635
3.70578
3.70525
3.70477
3.70432
3.70389
3.70346
3.70303
3.70257
3.70206
3.7015
3.70087
3.70014
3.69932
3.69837
3.69731
3.69611
3.69477
3.69329
3.69168
3.68993
3.68805
3.68605
3.68395
3.68176
3.67949
3.67717
3.67481
3.67243
3.67006
3.66771
3.66541
3.66318
3.66103
3.65898
3.65705
3.65526
3.65361
3.65211
3.65078
3.64963
3.64865
3.64786
3.64725
3.64683
3.6466
3.64655
3.64669
3.64702
3.64753
3.64823
3.6491
3.65015
3.65137
3.65276
3.65431
3.65602
3.65788
3.65989
3.66204
3.66431
3.6667
3.6692
3.6718
3.67447
3.67721
3.67999
3.68281
3.68563
3.68844
3.69123
3.69396
3.69661
3.69917
3.70161
3.70391
3.70605
3.70801
3.70978
3.71133
3.71265
3.71374
3.71457
3.71515
3.71546
3.71551
3.71528
3.71479
3.71404
3.71302
3.71176
3.71025
3.7085
3.70654
3.70436
3.70198
3.69942
3.69668
3.69379
3.69075
3.68759
3.68431
3.68093
3.67748
3.67396
3.6704
3.6668
3.6632
3.65961
3.65606
3.65255
3.64912
3.64578
3.64256
3.63947
3.63655
3.6338
3.63124
3.62891
3.6268
3.62495
3.62336
3.62205
3.62103
3.6203
3.61989
3.6198
3.62003
3.62059
3.62148
3.62271
3.62427
3.62617
3.6284
3.63096
3.63385
3.63705
3.64056
3.64437
3.64847
3.65284
3.65747
3.66235
3.66745
3.67276
3.67826
3.68392
3.68973
3.69565
3.70166
3.70775
3.71387
3.72002
3.72616
3.73227
3.73833
3.74431
3.75019
3.75596
3.76159
3.76707
3.77238
3.77751
3.78246
3.78721
3.79177
3.79612
3.80027
3.80422
3.80798
3.81155
3.81494
3.81816
3.82122
3.82412
3.82689
3.82953
3.83206
3.83448
3.83681
3.83906
3.84124
3.84334
3.8454
3.84739
3.84934
3.85125
3.85312
3.85495
3.85674
3.85849
3.86021
3.86188
3.86352
3.86511
3.86665
3.86815
3.86959
3.87098
3.87231
3.87357
3.87478
3.87591
3.87698
3.87798
3.87891
3.87977
3.88055
3.88125
3.88189
3.88245
3.88294
3.88337
3.88372
3.88401
3.88423
3.8844
3.8845
3.88454
3.88453
3.88446
3.88434
3.88416
3.88393
3.88363
3.88328
3.88286
3.88236
3.8818
3.88115
3.88041
3.87958
3.87864
3.87758
3.8764
3.87508
3.87362
3.87201
3.87023
3.86828
3.86615
3.86383
3.86131
3.8586
3.85569
3.85258
3.84927
3.84576
3.84206
3.83817
3.83411
3.82988
3.82551
3.821
3.81637
3.81165
3.80685
3.80199
3.7971
3.79221
3.78732
3.78247
3.77767
3.77296
3.76834
3.76383
3.75945
3.75522
3.75114
3.74723
3.74349
3.73993
3.73655
3.73336
3.73036
3.72754
3.72492
3.7225
3.72026
3.71823
3.7164
3.71478
3.71338
3.71221
3.71129
3.71063
3.71026
3.71019
3.71047
3.7111
3.71213
3.71358
3.71549
3.71787
3.72078
3.72422
3.72822
3.73281
3.73798
3.74376
3.75014
3.75711
3.76466
3.77278
3.78143
3.79058
3.80018
3.8102
3.82059
3.83129
3.84224
3.85339
3.86467
3.87604
3.88743
3.89879
3.91006
3.92119
3.93214
3.94285
3.9533
3.96343
3.97321
3.98262
3.99162
4.0002
4.00832
4.01598
4.02316
4.02984
4.03601
4.04167
4.04681
4.05143
4.05551
4.05906
4.06207
4.06455
4.06649
4.0679
4.06878
4.06912
4.06893
4.06822
4.06699
4.06524
4.06297
4.06021
4.05695
4.0532
4.04897
4.04427
4.03913
4.03354
4.02753
4.02111
4.01431
4.00714
3.99962
3.99178
3.98365
3.97525
3.9666
3.95775
3.94872
3.93955
3.93027
3.92091
3.91152
3.90214
3.89279
3.88353
3.87439
3.86541
3.85663
3.84809
3.83982
3.83186
3.82424
3.81699
3.81014
3.80371
3.79772
3.79219
3.78711
3.78251
3.77837
3.7747
3.77147
3.76869
3.76632
3.76434
3.76274
3.76147
3.76051
3.75983
3.75938
3.75914
3.75907
3.75913
3.75929
3.75953
3.7598
3.76009
3.76036
3.76059
3.76076
3.76085
3.76084
3.76073
3.76049
3.76012
3.75961
3.75896
3.75816
3.75721
3.75612
3.75488
3.75351
3.752
3.75037
3.74863
3.74679
3.74485
3.74284
3.74077
3.73865
3.7365
3.73434
3.73218
3.73003
3.72792
3.72586
3.72387
3.72195
3.72013
3.71842
3.71683
3.71538
3.71407
3.71292
3.71193
3.71112
3.7105
3.71006
3.70982
3.70978
3.70995
3.71032
3.7109
3.71169
3.71269
3.7139
3.71531
3.71693
3.71874
3.72074
3.72292
3.72527
3.72778
3.73045
3.73326
3.73619
3.73923
3.74237
3.74558
3.74886
3.75219
3.75555
3.75892
3.7623
3.76566
3.76899
3.77228
3.77552
3.77869
3.78179
3.78481
3.78775
3.79059
3.79334
3.79599
3.79854
3.80098
3.80332
3.80555
3.80766
3.80966
3.81155
3.81331
3.81495
3.81646
3.81784
3.81907
3.82015
3.82108
3.82185
3.82245
3.82288
3.82313
3.82319
3.82306
3.82274
3.82223
3.82151
3.82061
3.81951
3.81822
3.81674
3.81509
3.81326
3.81127
3.80913
3.80686
3.80445
3.80193
3.79931
3.79661
3.79383
3.791
3.78813
3.78523
3.78231
3.77939
3.77648
3.77359
3.77072
3.76788
3.76508
3.76231
3.75957
3.75687
3.7542
3.75155
3.74892
3.74631
3.74369
3.74108
3.73845
3.7358
3.73313
3.73044
3.72772
3.72498
3.72222
3.71944
3.71667
3.71391
3.71119
3.70853
3.70595
3.70348
3.70116
3.69901
3.69708
3.69538
3.69395
3.69282
3.69201
3.69154
3.69143
3.69169
3.69232
3.69333
3.6947
3.69643
3.6985
3.70089
3.70357
3.70652
3.70971
3.71309
3.71664
3.72031
3.72407
3.72788
3.7317
3.7355
3.73924
3.74288
3.7464
3.74976
3.75295
3.75593
3.75869
3.76121
3.76348
3.76548
3.76721
3.76866
3.76982
3.7707
3.7713
3.77161
3.77165
3.7714
3.77089
3.77011
3.76908
3.7678
3.76629
3.76454
3.76258
3.76041
3.75804
3.75549
3.75275
3.74985
3.74678
3.74356
3.7402
3.73671
3.73309
3.72935
3.72549
3.72153
3.71747
3.71332
3.70909
3.70478
3.70041
3.69598
3.6915
3.68699
3.68245
3.67791
3.67337
3.66885
3.66436
3.65993
3.65556
3.65127
3.64709
3.64301
3.63906
3.63524
3.63158
3.62809
3.62476
3.62161
3.61866
3.61589
3.61333
3.61096
3.60881
3.60686
3.60512
3.6036
3.60229
3.60121
3.60034
3.59971
3.5993
3.59914
3.59922
3.59955
3.60014
3.601
3.60214
3.60357
3.60531
3.60736
3.60973
3.61244
3.61549
3.61891
3.62269
3.62684
3.63137
3.63629
3.64159
3.64727
3.65332
3.65975
3.66652
3.67364
3.68109
3.68884
3.69687
3.70515
3.71367
3.72238
3.73127
3.74031
3.74946
3.7587
3.768
3.77733
3.78668
3.79601
3.8053
3.81454
3.82369
3.83275
3.8417
3.85052
3.85919
3.86771
3.87605
3.88421
3.89217
3.89992
3.90745
3.91476
3.92182
3.92864
3.93521
3.94152
3.94755
3.95331
3.9588
3.96399
3.9689
3.97351
3.97783
3.98184
3.98555
3.98896
3.99206
3.99485
3.99733
3.99949
4.00135
4.00288
4.0041
4.00499
4.00557
4.00582
4.00575
4.00535
4.00463
4.00357
4.00218
4.00047
3.99841
3.99603
3.99331
3.99025
3.98686
3.98313
3.97907
3.97468
3.96995
3.96489
3.9595
3.95378
3.94774
3.94137
3.93469
3.92769
3.92039
3.91278
3.90488
3.8967
3.88825
3.87954
3.87059
3.86143
3.85207
3.84254
3.83287
3.8231
3.81325
3.80338
3.79352
3.78373
3.77405
3.76453
3.75524
3.74623
3.73755
3.72927
3.72144
3.71412
3.70736
3.70121
3.69572
3.69092
3.68685
3.68354
3.68101
3.67926
3.67831
3.67816
3.67878
3.68016
3.68228
3.6851
3.68859
3.6927
3.69739
3.70261
3.70831
3.71443
3.72092
3.72773
3.73479
3.74206
3.74948
3.75701
3.76459
3.77218
3.77974
3.78723
3.7946
3.80183
3.80889
3.81574
3.82235
3.82871
3.83478
3.84056
3.84602
3.85114
3.85591
3.86032
3.86434
3.86798
3.87121
3.87403
3.87644
3.87842
3.87997
3.88109
3.88178
3.88202
3.88184
3.88123
3.88019
3.87873
3.87686
3.8746
3.87195
3.86894
3.86556
3.86186
3.85783
3.85352
3.84892
3.84408
3.83901
3.83374
3.82829
3.82269
3.81697
3.81114
3.80524
3.79928
3.79329
3.7873
3.78132
3.77538
3.76949
3.76368
3.75794
3.75231
3.74679
3.74139
3.73611
3.73097
3.72597
3.7211
3.71637
3.71178
3.70732
3.70299
3.69877
3.69467
3.69068
3.68678
3.68297
3.67925
3.67559
3.672
3.66848
3.66501
3.66159
3.65822
3.65491
3.65166
3.64847
3.64536
3.64233
3.6394
3.63658
3.6339
3.63137
3.62902
3.62687
3.62494
3.62327
3.62187
3.62077
3.62
3.61957
3.61951
3.61982
3.62054
3.62166
3.6232
3.62515
3.62752
3.6303
3.63349
3.63708
3.64104
3.64537
3.65004
3.65503
3.66032
3.66587
3.67167
3.67768
3.68388
3.69023
3.69671
3.70328
3.70992
3.7166
3.7233
3.72998
3.73661
3.74318
3.74964
3.75599
3.76218
3.76819
3.774
3.77958
3.7849
3.78994
3.79466
3.79905
3.80307
3.80671
3.80994
3.81274
3.81508
3.81696
3.81836
3.81927
3.81967
3.81955
3.81892
3.81777
3.81609
3.8139
3.8112
3.808
3.80431
3.80015
3.79553
3.79049
3.78503
3.7792
3.77303
3.76654
3.75978
3.75278
3.74559
3.73826
3.73082
3.72333
3.71584
3.70839
3.70104
3.69383
3.68682
3.68005
3.67356
3.6674
3.6616
3.65619
3.65122
3.6467
3.64266
3.63912
3.63607
3.63354
3.63153
3.63002
3.62903
3.62852
3.6285
3.62893
3.6298
3.63108
3.63275
3.63478
3.63713
3.63977
3.64267
3.64579
3.6491
3.65256
3.65614
3.65979
3.6635
3.66721
3.6709
3.67454
3.67809
3.68152
3.68481
3.68792
3.69084
3.69353
3.69598
3.69816
3.70005
3.70165
3.70293
3.70389
3.70452
3.7048
3.70475
3.70436
3.70364
3.70259
3.70122
3.69956
3.69761
3.6954
3.69295
3.6903
3.68747
3.6845
3.68142
3.67826
3.67508
3.6719
3.66876
3.6657
3.66277
3.66
3.65741
3.65505
3.65295
3.65112
3.6496
3.64841
3.64755
3.64704
3.6469
3.64711
3.64769
3.64863
3.64993
3.65156
3.65352
3.65579
3.65836
3.66119
3.66426
3.66755
3.67102
3.67465
3.67841
3.68227
3.6862
3.69018
3.69417
3.69814
3.70209
3.70598
3.7098
3.71353
3.71716
3.72069
3.72409
3.72736
3.73051
3.73353
3.73641
3.73917
3.7418
3.7443
3.74669
3.74895
3.7511
3.75314
3.75507
3.75689
3.75861
3.76023
3.76175
3.76318
3.7645
3.76573
3.76687
3.76791
3.76885
3.7697
3.77046
3.77113
3.77171
3.7722
3.7726
3.77293
3.77318
3.77336
3.77347
3.77352
3.77352
3.77347
3.77338
3.77327
3.77313
3.77298
3.77282
3.77267
3.77252
3.7724
3.77229
3.77222
3.77218
3.77218
3.77222
3.7723
3.77243
3.7726
3.77282
3.77308
3.77339
3.77373
3.77412
3.77455
3.77501
3.77551
3.77604
3.77662
3.77722
3.77786
3.77854
3.77925
3.78001
3.7808
3.78163
3.7825
3.78341
3.78436
3.78536
3.78638
3.78744
3.78853
3.78965
3.79078
3.79192
3.79306
3.79419
3.7953
3.79637
3.79741
3.79838
3.79927
3.80008
3.80079
3.80137
3.80183
3.80213
3.80226
3.80222
3.80199
3.80155
3.8009
3.80001
3.7989
3.79754
3.79592
3.79406
3.79194
3.78957
3.78694
3.78406
3.78094
3.77758
3.774
3.7702
3.7662
3.76202
3.75768
3.7532
3.74859
3.74389
3.73912
3.7343
3.72946
3.72464
3.71986
3.71515
3.71054
3.70607
3.70177
3.69766
3.69378
3.69016
3.68681
3.68378
3.68107
3.67871
3.67671
3.6751
3.67386
3.67301
3.67254
3.67244
3.67271
3.67332
3.67424
3.67546
3.67694
3.67865
3.68054
3.68259
3.68476
3.687
3.68928
3.69157
3.69383
3.69604
3.69816
3.70018
3.70208
3.70382
3.70542
3.70684
3.70807
3.70912
3.70998
3.71064
3.7111
3.71135
3.7114
3.71125
3.71089
3.71033
3.70956
3.7086
3.70743
3.70607
3.70451
3.70276
3.70081
3.69868
3.69637
3.69387
3.69121
3.68838
3.68538
3.68225
3.67897
3.67557
3.67205
3.66844
3.66476
3.66101
3.65723
3.65344
3.64965
3.6459
3.64221
3.63862
3.63514
3.63182
3.62867
3.62572
3.62302
3.62057
3.61842
3.61658
3.61508
3.61394
3.61317
3.61279
3.61281
3.61324
3.61408
3.61534
3.61701
3.61909
3.62155
3.6244
3.6276
3.63115
3.635
3.63914
3.64353
3.64813
3.65292
3.65784
3.66287
3.66795
3.67305
3.67813
3.68313
3.68802
3.69276
3.6973
3.70161
3.70565
3.70938
3.71278
3.71581
3.71845
3.72067
3.72246
3.7238
3.72468
3.72509
3.72503
3.7245
3.7235
3.72205
3.72014
3.71782
3.71508
3.71196
3.70849
3.7047
3.70062
3.6963
3.69177
3.68709
3.68229
3.67744
3.67258
3.66776
3.66305
3.6585
3.65417
3.65011
3.64639
3.64305
3.64015
3.63774
3.63587
3.63456
3.63385
3.63376
3.63431
3.63549
3.63731
3.63974
3.64276
3.64635
3.65045
3.65501
3.65999
3.66533
3.67097
3.67685
3.68291
3.68908
3.69532
3.70156
3.70776
3.71387
3.71984
3.72564
3.73124
3.73659
3.74168
3.74647
3.75096
3.75511
3.75893
3.76239
3.76549
3.76822
3.77057
3.77256
3.77417
3.77542
3.7763
3.77682
3.77699
3.77681
3.77631
3.77549
3.77436
3.77294
3.77124
3.76929
3.76708
3.76465
3.762
3.75916
3.75613
3.75294
3.74959
3.7461
3.74247
3.73873
3.73488
3.73092
3.72686
3.7227
3.71846
3.71412
3.7097
3.7052
3.70061
3.69595
3.69121
3.6864
3.68153
3.6766
3.67163
3.66663
3.66161
3.6566
3.65161
3.64666
3.64179
3.63701
3.63236
3.62787
3.62355
3.61945
3.61558
3.61197
3.60864
3.60561
3.60289
3.60051
3.59846
3.59675
3.59538
3.59434
3.59362
3.59322
3.59312
3.59329
3.59373
3.5944
3.59528
3.59636
3.59759
3.59896
3.60045
3.60202
3.60367
3.60536
3.60708
3.60881
3.61054
3.61226
3.61395
3.61562
3.61724
3.61883
3.62038
3.62189
3.62336
3.6248
3.62622
3.62761
3.629
3.63037
3.63175
3.63315
3.63456
3.63599
3.63746
3.63896
3.64052
3.64212
3.64377
3.64548
3.64724
3.64906
3.65094
3.65288
3.65487
3.65691
3.65899
3.66112
3.66328
3.66547
3.66768
3.6699
3.67212
3.67433
3.67653
3.67869
3.68082
3.68289
3.68489
3.68682
3.68865
3.69038
3.692
3.69348
3.69481
3.696
3.69701
3.69785
3.6985
3.69895
3.6992
3.69924
3.69907
3.69868
3.69806
3.69722
3.69616
3.69488
3.69339
3.69168
3.68976
3.68765
3.68535
3.68287
3.68022
3.67742
3.67449
3.67144
3.66829
3.66506
3.66178
3.65848
3.65517
3.65189
3.64867
3.64553
3.6425
3.63962
3.6369
3.63438
3.63208
3.63001
3.62819
3.62665
3.62538
3.62439
3.62369
3.62326
3.62311
3.62321
3.62357
3.62415
3.62493
3.6259
3.62702
3.62827
3.62963
3.63105
3.63252
3.63401
3.63548
3.63691
3.63827
3.63954
3.64069
3.6417
3.64255
3.64322
3.6437
3.64396
3.644
3.64381
3.64338
3.6427
3.64177
3.64058
3.63914
3.63745
3.6355
3.63332
3.6309
3.62826
3.6254
3.62235
3.6191
3.61569
3.61213
3.60845
3.60465
3.60078
3.59686
3.59292
3.58899
3.58511
3.58132
3.57764
3.57412
3.57081
3.56774
3.56495
3.56248
3.56037
3.55866
3.55737
3.55653
3.55617
3.5563
3.55694
3.55809
3.55975
3.56192
3.56458
3.56772
3.57131
3.57533
3.57975
3.58454
3.58966
3.59509
3.60078
3.6067
3.61283
3.61912
3.62555
3.63209
3.63872
3.6454
3.65212
3.65886
3.6656
3.67231
3.67899
3.68562
3.69217
3.69865
3.70504
3.71132
3.71748
3.72352
3.72942
3.73517
3.74076
3.7462
3.75146
3.75655
3.76145
3.76617
3.7707
3.77504
3.77919
3.78315
3.78691
3.79048
3.79386
3.79706
3.80007
3.8029
3.80554
3.80801
3.8103
3.81242
3.81437
3.81613
3.81773
3.81915
3.82039
3.82146
3.82234
3.82305
3.82356
3.82389
3.82404
3.82399
3.82376
3.82334
3.82275
3.82197
3.82102
3.8199
3.81863
3.81721
3.81566
3.81397
3.81217
3.81027
3.80828
3.80621
3.80407
3.80188
3.79964
3.79736
3.79505
3.79272
3.79038
3.78802
3.78567
3.78332
3.78097
3.77863
3.7763
3.77399
3.7717
3.76943
3.76718
3.76497
3.76278
3.76062
3.75849
3.75639
3.75433
3.75231
3.75031
3.74835
3.74641
3.7445
3.7426
3.74072
3.73885
3.73697
3.73509
3.73319
3.73126
3.72931
3.72732
3.72529
3.72321
3.72109
3.71891
3.71668
3.7144
3.71207
3.7097
3.70728
3.70484
3.70237
3.69988
3.69739
3.6949
3.69243
3.68998
3.68758
3.68523
3.68294
3.68074
3.67863
3.67663
3.67476
3.67302
3.67143
3.67
3.66875
3.66768
3.6668
3.66613
3.66567
3.66542
3.66538
3.66555
3.66592
3.6665
3.66725
3.66817
3.66925
3.67045
3.67176
3.67315
3.6746
3.67607
3.67753
3.67897
3.68034
3.68163
3.6828
3.68384
3.68473
3.68544
3.68596
3.68628
3.68639
3.68628
3.68595
3.6854
3.68463
3.68365
3.68246
3.68108
3.67952
3.67778
3.6759
3.67389
3.67177
3.66955
3.66727
3.66495
3.66261
3.66026
3.65795
3.65567
3.65347
3.65135
3.64933
3.64743
3.64565
3.64402
3.64253
3.64119
3.64001
3.63898
3.63811
3.63739
3.63682
3.63639
3.63609
3.63592
3.63588
3.63594
3.63612
3.63639
3.63675
3.6372
3.63773
3.63833
3.639
3.63974
3.64053
3.64139
3.6423
3.64326
3.64428
3.64535
3.64648
3.64767
3.64892
3.65023
3.6516
3.65305
3.65457
3.65617
3.65785
3.65962
3.66146
3.66339
3.6654
3.66749
3.66965
3.67188
3.67417
3.6765
3.67887
3.68126
3.68365
3.68604
3.68841
3.69073
3.69299
3.69518
3.69727
3.69925
3.70109
3.70278
3.7043
3.70563
3.70676
3.70767
3.70834
3.70875
3.7089
3.70876
3.70834
3.7076
3.70656
3.70519
3.70349
3.70145
3.69908
3.69636
3.69331
3.68992
3.6862
3.68215
3.67778
3.6731
3.66811
3.66284
3.65729
3.65147
3.64541
3.63912
3.63261
3.62591
3.61903
3.61199
3.60481
3.59752
3.59014
3.58269
3.5752
3.5677
3.5602
3.55274
3.54535
3.53806
3.5309
3.52389
3.51708
3.51049
3.50415
3.4981
3.49236
3.48697
3.48195
3.47733
3.47313
3.46938
3.4661
3.46329
3.46098
3.45917
3.45786
3.45706
3.45676
3.45695
3.45763
3.45878
3.46039
3.46242
3.46487
3.46771
3.4709
3.47444
3.47828
3.48241
3.48679
3.49141
3.49625
3.50127
3.50647
3.51182
3.51731
3.52292
3.52865
3.53449
3.54042
3.54645
3.55256
3.55876
3.56503
3.57139
3.57782
3.58432
3.5909
3.59756
3.60428
3.61106
3.61791
3.62481
3.63175
3.63874
3.64576
3.65279
3.65983
3.66686
3.67387
3.68083
3.68774
3.69457
3.70129
3.70791
3.71438
3.7207
3.72684
3.73279
3.73853
3.74404
3.7493
3.75431
3.75905
3.76352
3.7677
3.77159
3.77519
3.77849
3.7815
3.78423
3.78667
3.78884
3.79075
3.7924
3.79382
3.79501
3.796
3.79679
3.79742
3.79788
3.79821
3.79842
3.79853
3.79855
3.7985
3.79839
3.79825
3.79807
3.79788
3.79768
3.79748
3.79728
3.7971
3.79692
3.79677
3.79663
3.7965
3.79638
3.79627
3.79616
3.79605
3.79592
3.79578
3.79561
3.7954
3.79515
3.79485
3.79449
3.79407
3.79359
3.79303
3.7924
3.7917
3.79094
3.79011
3.78923
3.7883
3.78735
3.78637
3.78539
3.78443
3.7835
3.78263
3.78183
3.78112
3.78053
3.78007
3.77975
3.77959
3.77959
3.77977
3.78012
3.78064
3.78134
3.78219
3.78319
3.78432
3.78557
3.78691
3.78832
3.78977
3.79126
3.79274
3.7942
3.79561
3.79696
3.79822
3.79939
3.80043
3.80135
3.80213
3.80277
3.80325
3.80358
3.80375
3.80378
3.80365
3.80337
3.80295
3.8024
3.80171
3.80091
3.79999
3.79896
3.79783
3.79661
3.7953
3.79391
3.79244
3.79091
3.7893
3.78764
3.78591
3.78413
3.78229
3.78041
3.77848
3.7765
3.77448
3.77243
3.77034
3.76822
3.76608
3.76392
3.76175
3.75956
3.75738
3.7552
3.75303
3.75088
3.74876
3.74666
3.74459
3.74257
3.74059
3.73867
3.73679
3.73497
3.7332
3.73149
3.72984
3.72825
3.72672
3.72524
3.72383
3.72247
3.72117
3.71993
3.71875
3.71764
3.71659
3.71562
3.71473
3.71393
3.71322
3.71263
3.71216
3.71182
3.71163
3.7116
3.71175
3.7121
3.71265
3.71343
3.71443
3.71569
3.71719
3.71896
3.72099
3.72329
3.72585
3.72867
3.73175
3.73507
3.73861
3.74237
3.74632
3.75044
3.7547
3.75908
3.76356
3.7681
3.77267
3.77724
3.78179
3.78628
3.79068
3.79497
3.79911
3.80307
3.80684
3.81039
3.81369
3.81673
3.81949
3.82194
3.82409
3.82591
3.8274
3.82855
3.82936
3.82982
3.82994
3.82972
3.82917
3.82828
3.82708
3.82558
3.82379
3.82172
3.8194
3.81685
3.81408
3.81113
3.808
3.80474
3.80135
3.79787
3.79433
3.79074
3.78714
3.78353
3.77996
3.77643
3.77298
3.7696
3.76634
3.76318
3.76016
3.75727
3.75453
3.75195
3.74952
3.74725
3.74513
3.74318
3.74138
3.73973
3.73822
3.73685
3.7356
3.73448
3.73346
3.73255
3.73173
3.73099
3.73033
3.72973
3.72919
3.72871
3.72828
3.72789
3.72755
3.72724
3.72697
3.72674
3.72654
3.72638
3.72626
3.72617
3.72611
3.72609
3.72611
3.72617
3.72627
3.72641
3.72659
3.72681
3.72708
3.72739
3.72776
3.72818
3.72866
3.72921
3.72983
3.73052
3.73129
3.73215
3.7331
3.73416
3.73531
3.73657
3.73795
3.73944
3.74104
3.74275
3.74459
3.74653
3.74858
3.75074
3.75301
3.75536
3.75781
3.76034
3.76294
3.7656
3.76833
3.77109
3.7739
3.77673
3.77958
3.78243
3.78527
3.7881
3.79091
3.79368
3.7964
3.79907
3.80169
3.80424
3.80672
3.80914
3.81148
3.81376
3.81597
3.81812
3.82022
3.82227
3.8243
3.8263
3.8283
3.8303
3.83233
3.8344
3.83653
3.83872
3.84101
3.8434
3.8459
3.84853
3.85129
3.85419
3.85724
3.86042
3.86374
3.86719
3.87075
3.87442
3.87817
3.88197
3.88581
3.88965
3.89347
3.89722
3.90088
3.90441
3.90778
3.91095
3.91388
3.91655
3.91892
3.92096
3.92264
3.92394
3.92483
3.9253
3.92532
3.92487
3.92396
3.92255
3.92066
3.91827
3.91538
3.912
3.90812
3.90377
3.89894
3.89364
3.88791
3.88174
3.87518
3.86823
3.86092
3.8533
3.84538
3.83719
3.82878
3.82019
3.81144
3.80258
3.79365
3.7847
3.77575
3.76685
3.75805
3.74938
3.74089
3.7326
3.72456
3.7168
3.70934
3.70223
3.69549
3.68915
3.68322
3.67773
3.67269
3.66812
3.66404
3.66044
3.65735
3.65475
3.65266
3.65108
3.65
3.64942
3.64933
3.64973
3.65059
3.65192
3.6537
3.65591
3.65854
3.66156
3.66496
3.66871
3.67279
3.67718
3.68184
3.68674
3.69187
3.69718
3.70265
3.70823
3.7139
3.71963
3.72537
3.7311
3.73677
3.74237
3.74785
3.75318
3.75834
3.7633
3.76803
3.77251
3.77673
3.78066
3.7843
3.78763
3.79066
3.79338
3.7958
3.79794
3.79979
3.80139
3.80275
3.80389
3.80485
3.80564
3.80631
3.80687
3.80736
3.80779
3.8082
3.8086
3.809
3.80942
3.80987
3.81034
3.81085
3.81137
3.8119
3.81244
3.81297
3.81348
3.81395
3.81437
3.81472
3.815
3.81519
3.81527
3.81525
3.81512
3.81487
3.8145
3.81401
3.81341
3.81268
3.81185
3.8109
3.80986
3.80871
3.80748
3.80616
3.80477
3.80331
3.8018
3.80023
3.79863
3.797
3.79535
3.7937
3.79206
3.79043
3.78883
3.78727
3.78576
3.7843
3.78291
3.78159
3.78034
3.77916
3.77806
3.77702
3.77604
3.77512
3.77425
3.77341
3.7726
3.77181
3.77102
3.77024
3.76944
3.76862
3.76777
3.76689
3.76598
3.76502
3.76402
3.76298
3.76189
3.76076
3.75958
3.75837
3.75711
3.75583
3.75452
3.75318
3.75183
3.75048
3.74913
3.7478
3.7465
3.74523
3.74401
3.74286
3.74179
3.74081
3.73993
3.73916
3.73852
3.738
3.73763
3.73739
3.73729
3.73733
3.73752
3.73783
3.73826
3.73881
3.73946
3.74021
3.74102
3.7419
3.74282
3.74378
3.74475
3.74572
3.74669
3.74763
3.74855
3.74943
3.75027
3.75107
3.75182
3.75252
3.75318
3.7538
3.75438
3.75493
3.75544
3.75593
3.7564
3.75684
3.75727
3.75767
3.75804
3.75839
3.75869
3.75894
3.75914
3.75925
3.75928
3.7592
3.75899
3.75865
3.75815
3.75747
3.7566
3.75552
3.75422
3.75269
3.75091
3.74888
3.74659
3.74405
3.74124
3.73816
3.73483
3.73125
3.72743
3.72338
3.71912
3.71466
3.71001
3.70521
3.70027
3.69522
3.69008
3.68489
3.67966
3.67443
3.66922
3.66407
3.659
3.65405
3.64923
3.64457
3.64011
3.63586
3.63184
3.62807
3.62458
3.62136
3.61845
3.61584
3.61354
3.61156
3.6099
3.60857
3.60756
3.60687
3.6065
3.60646
3.60672
3.60729
3.60817
3.60934
3.61081
3.61255
3.61458
3.61688
3.61943
3.62224
3.62528
3.62856
3.63205
3.63573
3.6396
3.64364
3.64782
3.65213
3.65654
3.66103
3.66558
3.67017
3.67477
3.67937
3.68393
3.68845
3.6929
3.69726
3.70152
3.70567
3.7097
3.71359
3.71734
3.72094
3.72439
3.72769
3.73083
3.73382
3.73665
3.73933
3.74185
3.74422
3.74644
3.74852
3.75045
3.75223
3.75388
3.75539
3.75677
3.75802
3.75915
3.76016
3.76106
3.76185
3.76255
3.76316
3.76369
3.76415
3.76454
3.76488
3.76517
3.76541
3.76563
3.76582
3.76599
3.76615
3.7663
3.76644
3.76657
3.76671
3.76684
3.76697
3.7671
3.76722
3.76734
3.76746
3.76757
3.76767
3.76776
3.76785
3.76793
3.76801
3.76809
3.76818
3.76829
3.76841
3.76857
3.76876
3.76901
3.76931
3.76968
3.77012
3.77066
3.77129
3.77203
3.77288
3.77384
3.77491
3.7761
3.7774
3.7788
3.7803
3.78189
3.78354
3.78525
3.787
3.78877
3.79054
3.79229
3.79399
3.79563
3.79718
3.79862
3.79994
3.8011
3.8021
3.80291
3.80353
3.80394
3.80412
3.80408
3.80379
3.80325
3.80247
3.80143
3.80013
3.79858
3.79678
3.79473
3.79243
3.78989
3.78711
3.78412
3.7809
3.77748
3.77386
3.77006
3.76609
3.76195
3.75767
3.75326
3.74872
3.74408
3.73934
3.73452
3.72963
3.72469
3.71969
3.71465
3.70958
3.70449
3.69938
3.69425
3.6891
3.68394
3.67877
3.67358
3.66836
3.66312
3.65785
3.65254
3.64719
3.6418
3.63635
3.63085
3.6253
3.61971
3.61406
3.60838
3.60267
3.59695
3.59123
3.58552
3.57986
3.57424
3.56871
3.56326
3.55793
3.55272
3.54766
3.54274
3.53799
3.5334
3.52898
3.52473
3.52065
3.51675
3.51301
3.50944
3.50603
3.50279
3.49971
3.49679
3.49402
3.49142
3.48898
3.48669
3.48455
3.48257
3.48073
3.47903
3.47746
3.47603
3.47471
3.4735
3.47239
3.47137
3.47044
3.46959
3.4688
3.46807
3.46741
3.4668
3.46625
3.46575
3.46532
3.46495
3.46466
3.46445
3.46434
3.46433
3.46445
3.46469
3.46509
3.46565
3.46638
3.46731
3.46844
3.46978
3.47135
3.47314
3.47518
3.47745
3.47997
3.48273
3.48572
3.48895
3.49239
3.49605
3.4999
3.50393
3.50813
3.51248
3.51695
3.52154
3.52621
3.53094
3.53572
3.54052
3.54532
3.55009
3.55483
3.55951
3.5641
3.5686
3.57299
3.57725
3.58137
3.58534
3.58914
3.59277
3.59622
3.59949
3.60256
3.60544
3.60813
3.61062
3.61291
3.615
3.61691
3.61862
3.62015
3.62151
3.62269
3.62372
3.6246
3.62534
3.62595
3.62645
3.62685
3.62717
3.62743
3.62763
3.6278
3.62796
3.62813
3.62831
3.62853
3.62881
3.62915
3.62959
3.63012
3.63077
3.63154
3.63246
3.63351
3.63472
3.63609
3.63763
3.63933
3.6412
3.64325
3.64546
3.64785
3.6504
3.65312
3.656
3.65904
3.66223
3.66556
3.66902
3.67262
3.67634
3.68017
3.6841
3.68812
3.69222
3.69639
3.70062
3.7049
3.70921
3.71354
3.71788
3.72221
3.72652
3.7308
3.73504
3.73923
3.74335
3.74739
3.75134
3.75519
3.75894
3.76257
3.76608
3.76945
3.77269
3.77579
3.77874
3.78153
3.78417
3.78665
3.78896
3.79111
3.7931
3.79492
3.79657
3.79805
3.79938
3.80054
3.80154
3.80239
3.80308
3.80362
3.80402
3.80428
3.80441
3.80441
3.80428
3.80404
3.8037
3.80325
3.80271
3.80208
3.80138
3.80061
3.79979
3.79891
3.79801
3.79708
3.79613
3.79518
3.79424
3.79332
3.79243
3.79157
3.79076
3.79
3.7893
3.78866
3.78808
3.78755
3.78709
3.78667
3.78629
3.78595
3.78562
3.78531
3.78498
3.78463
3.78424
3.78379
3.78327
3.78265
3.78194
3.7811
3.78014
3.77903
3.77778
3.77638
3.77483
3.77312
3.77127
3.76928
3.76716
3.76492
3.76258
3.76015
3.75766
3.75511
3.75253
3.74995
3.74737
3.74483
3.74234
3.73991
3.73757
3.73533
3.73319
3.73118
3.72929
3.72753
3.72591
3.72443
3.72309
3.72188
3.7208
3.71984
3.71901
3.7183
3.71769
3.71717
3.71675
3.7164
3.71612
3.7159
3.71573
3.71559
3.71547
3.71535
3.71524
3.7151
3.71494
3.71473
3.71446
3.71412
3.71371
3.7132
3.71259
3.71187
3.71103
3.71007
3.70899
3.70779
3.70645
3.70499
3.70341
3.70171
3.6999
3.69799
3.69598
3.69387
3.69169
3.68944
3.68712
3.68475
3.68235
3.6799
3.67744
3.67497
3.6725
3.67005
3.66763
3.66525
3.66293
3.66069
3.65854
3.6565
3.65458
3.65281
3.65119
3.64974
3.64846
3.64736
3.64645
3.64572
3.64517
3.64479
3.64456
3.64448
3.64452
3.64466
3.64489
3.64518
3.64551
3.64586
3.64621
3.64654
3.64683
3.64707
3.64725
3.64735
3.64737
3.6473
3.64714
3.64688
3.64653
3.64607
3.64553
3.64489
3.64417
3.64337
3.64249
3.64155
3.64055
3.63951
3.63842
3.63731
3.63618
3.63505
3.63392
3.63281
3.63173
3.63069
3.62971
3.62879
3.62796
3.62722
3.62658
3.62606
3.62566
3.62541
3.62529
3.62534
3.62554
3.62592
3.62647
3.62721
3.62814
3.62926
3.63058
3.63209
3.63381
3.63573
3.63785
3.64017
3.64268
3.6454
3.6483
3.65138
3.65464
3.65807
3.66167
3.66541
3.66929
3.67331
3.67744
3.68169
3.68602
3.69045
3.69494
3.6995
3.7041
3.70874
3.71341
3.7181
3.7228
3.7275
3.73218
3.73685
3.7415
3.74611
3.75068
3.75521
3.75969
3.76411
3.76848
3.77278
3.77702
3.78119
3.7853
3.78933
3.79331
3.79721
3.80106
3.80485
3.80859
3.81227
3.81591
3.81951
3.82307
3.8266
3.83009
3.83356
3.83699
3.84039
3.84376
3.84708
3.85036
3.85359
3.85675
3.85985
3.86285
3.86576
3.86855
3.87122
3.87375
3.87612
3.87833
3.88035
3.88217
3.88378
3.88516
3.88631
3.88721
3.88786
3.88824
3.88834
3.88817
3.88772
3.88698
3.88595
3.88464
3.88304
3.88116
3.87901
3.87659
3.87392
3.87101
3.86786
3.8645
3.86094
3.85719
3.85328
3.84922
3.84503
3.84073
3.83634
3.83188
3.82735
3.82279
3.81821
3.81361
3.80902
3.80445
3.79991
3.7954
3.79093
3.78652
3.78216
3.77787
3.77363
3.76946
3.76535
3.7613
3.75731
3.75337
3.74949
3.74565
3.74186
3.7381
3.73439
3.73071
3.72708
3.72347
3.71992
3.7164
3.71294
3.70954
3.70621
3.70296
3.69981
3.69678
3.69386
3.6911
3.68849
3.68605
3.68381
3.68178
3.67996
3.67837
3.67701
3.67591
3.67505
3.67443
3.67406
3.67393
3.67403
3.67435
3.67487
3.67557
3.67644
3.67746
3.6786
3.67983
3.68114
3.68249
3.68386
3.68523
3.68657
3.68786
3.68908
3.6902
3.69122
3.6921
3.69285
3.69345
3.69389
3.69416
3.69426
3.69419
3.69395
3.69353
3.69295
3.69221
3.69131
3.69027
3.68908
3.68776
3.68632
3.68476
3.6831
3.68135
3.67952
3.67761
3.67564
3.67363
3.67157
3.66948
3.66738
3.66526
3.66315
3.66106
3.659
3.65697
3.655
3.65309
3.65126
3.64953
3.64791
3.6464
3.64504
3.64383
3.64279
3.64194
3.64129
3.64087
3.64068
3.64074
3.64107
3.64168
3.64258
3.64379
3.64532
3.64716
3.64934
3.65185
3.65469
3.65786
3.66135
3.66516
3.66926
3.67365
3.67831
3.68321
3.68833
3.69365
3.69914
3.70476
3.7105
3.71631
3.72217
3.72805
3.73392
3.73974
3.74549
3.75115
3.75668
3.76207
3.76729
3.77231
3.77713
3.78172
3.78607
3.79017
3.79399
3.79754
3.8008
3.80376
3.80642
3.80877
3.8108
3.81251
3.8139
3.81495
3.81568
3.81608
3.81614
3.81586
3.81524
3.81429
3.813
3.81137
3.8094
3.8071
3.80447
3.8015
3.79821
3.7946
3.79068
3.78646
3.78194
3.77715
3.77209
3.76677
3.76123
3.75547
3.74952
3.74339
3.73712
3.73072
3.72422
3.71764
3.711
3.70433
3.69765
3.69097
3.68431
3.6777
3.67114
3.66464
3.65823
3.65189
3.64566
3.63952
3.63348
3.62755
3.62174
3.61604
3.61046
3.60499
3.59965
3.59444
3.58935
3.58439
3.57955
3.57486
3.57029
3.56586
3.56157
3.55743
3.55342
3.54956
3.54585
3.54229
3.53887
3.53562
3.53251
3.52957
3.52679
3.52417
3.52172
3.51944
3.51734
3.51542
3.51369
3.51214
3.51079
3.50963
3.50868
3.50794
3.5074
3.50708
3.50697
3.50707
3.50739
3.50791
3.50864
3.50958
3.51071
3.51204
3.51355
3.51525
3.51712
3.51916
3.52138
3.52375
3.52629
3.52898
3.53183
3.53484
3.538
3.54132
3.5448
3.54843
3.55223
3.55618
3.5603
3.56457
3.56901
3.57361
3.57836
3.58327
3.58833
3.59354
3.59888
3.60435
3.60994
3.61563
3.62142
3.6273
3.63324
3.63922
3.64524
3.65127
3.65729
3.66328
3.66922
3.67508
3.68085
3.68649
3.69199
3.69733
3.70247
3.70741
3.71211
3.71656
3.72073
3.72462
3.7282
3.73146
3.73439
3.73697
3.73919
3.74106
3.74255
3.74368
3.74443
3.74481
3.74483
3.7445
3.74382
3.74281
3.74149
3.73988
3.738
3.73588
3.73355
3.73104
3.72839
3.72563
3.7228
3.71994
3.71708
3.71427
3.71153
3.7089
3.7064
3.70406
3.70189
3.69992
3.69815
3.6966
3.69525
3.69411
3.69318
3.69244
3.69187
3.69148
3.69123
3.69111
3.69111
3.6912
3.69137
3.69159
3.69187
3.69217
3.69249
3.6928
3.69311
3.69341
3.69367
3.6939
3.69409
3.69424
3.69434
3.69438
3.69438
3.69432
3.6942
3.69403
3.6938
3.69351
3.69317
3.69276
3.6923
3.69178
3.69119
3.69055
3.68984
3.68907
3.68824
3.68734
3.68638
3.68536
3.68427
3.68313
3.68192
3.68065
3.67933
3.67795
3.67653
3.67506
3.67356
3.67203
3.67048
3.66892
3.66736
3.66581
3.66428
3.6628
3.66137
3.66
3.65871
3.65752
3.65644
3.65547
3.65464
3.65395
3.6534
3.65301
3.65278
3.65271
3.6528
3.65305
3.65346
3.65402
3.65473
3.65558
3.65657
3.65768
3.65893
3.66029
3.66177
3.66337
3.66507
3.66688
3.66879
3.67081
3.67292
3.67514
3.67745
3.67985
3.68234
3.68491
3.68755
3.69026
3.69303
3.69583
3.69866
3.70151
3.70435
3.70717
3.70994
3.71265
3.71528
3.71781
3.72021
3.72248
3.72458
3.72651
3.72825
3.72978
3.7311
3.7322
3.73306
3.7337
3.7341
3.73427
3.73421
3.73394
3.73346
3.73279
3.73194
3.73093
3.72978
3.72852
3.72717
3.72575
3.7243
3.72284
3.72141
3.72003
3.71873
3.71754
3.71649
3.7156
3.71491
3.71442
3.71418
3.71418
3.71444
3.71498
3.7158
3.7169
3.71827
3.71992
3.72182
3.72397
3.72634
3.72891
3.73164
3.73452
3.73749
3.74054
3.7436
3.74665
3.74964
3.75253
3.75526
3.75781
3.76012
3.76215
3.76387
3.76523
3.7662
3.76675
3.76685
3.76647
3.76559
3.76421
3.7623
3.75986
3.7569
3.75342
3.74944
3.74497
3.74003
3.73467
3.72892
3.72282
3.71643
3.70981
3.703
3.69609
3.68914
3.68222
3.67542
3.6688
3.66244
3.65642
3.65079
3.64564
3.64101
3.63696
3.63354
3.63076
3.62867
3.62727
3.62658
3.62657
3.62726
3.6286
3.63059
3.63318
3.63634
3.64002
3.6442
3.64882
3.65384
3.65922
3.66491
3.67087
3.67706
3.68344
3.68996
3.6966
3.70332
3.71008
3.71686
3.72362
3.73035
3.73702
3.74361
3.7501
3.75647
3.76273
3.76885
3.77482
3.78065
3.78633
3.79186
3.79724
3.80246
3.80754
3.81247
3.81725
3.82189
3.8264
3.83076
3.83499
3.83908
3.84303
3.84685
3.85053
3.85407
3.85746
3.8607
3.86379
3.86671
3.86946
3.87204
3.87443
3.87663
3.87863
3.88043
3.88201
3.88337
3.88451
3.88542
3.8861
3.88655
3.88677
3.88675
3.88651
3.88604
3.88535
3.88444
3.88332
3.882
3.88049
3.87879
3.87692
3.87488
3.87267
3.87032
3.86781
3.86518
3.86241
3.85951
