5.40019
5.39812
5.3952
5.39144
5.38683
5.38135
5.37501
5.3678
5.3597
5.35072
5.34083
5.33002
5.3183
5.30563
5.29201
5.27742
5.26185
5.24529
5.22771
5.2091
5.18944
5.16871
5.1469
5.12398
5.09994
5.07476
5.04842
5.02089
4.99217
4.96223
4.93106
4.89864
4.86495
4.82998
4.79373
4.75617
4.7173
4.67712
4.63563
4.59282
4.54871
4.50329
4.4566
4.40864
4.35945
4.30905
4.25748
4.20479
4.15104
4.09627
4.04056
3.98397
3.9266
3.86853
3.80985
3.75067
3.69109
3.63124
3.57122
3.51115
3.45118
3.39141
3.33198
3.27302
3.21466
3.15703
3.10025
3.04444
2.98973
2.93624
2.88406
2.83331
2.78408
2.73647
2.69057
2.64645
2.60417
2.56381
2.52542
2.48903
2.45469
2.42241
2.39223
2.36414
2.33815
2.31424
2.29241
2.27263
2.25487
2.23909
2.22525
2.2133
2.20318
2.19485
2.18824
2.18328
2.1799
2.17804
2.17763
2.17859
2.18085
2.18434
2.18898
2.19469
2.20141
2.20906
2.21757
2.22688
2.23691
2.2476
2.25888
2.27069
2.28297
2.29566
2.30871
2.32207
2.33567
2.34948
2.36345
2.37753
2.39168
2.40586
2.42004
2.43417
2.44823
2.46219
2.47601
2.48967
2.50314
2.51639
2.52941
2.54217
2.55465
2.56683
2.57869
2.59022
2.60139
2.61219
2.62261
2.63264
2.64225
2.65144
2.66019
2.6685
2.67635
2.68374
2.69067
2.69711
2.70308
2.70857
2.71357
2.71809
2.72213
2.7257
2.72879
2.73141
2.73358
2.7353
2.73658
2.73744
2.73789
2.73795
2.73762
2.73693
2.7359
2.73455
2.73289
2.73095
2.72875
2.72631
2.72365
2.72079
2.71776
2.71458
2.71127
2.70785
2.70435
2.70078
2.69717
2.69353
2.68989
2.68627
2.68267
2.67912
2.67564
2.67223
2.66891
2.66569
2.66258
2.6596
2.65674
2.65402
2.65144
2.649
2.64671
2.64457
2.64257
2.64072
2.63901
2.63744
2.63601
2.6347
2.63352
2.63245
2.63148
2.63062
2.62984
2.62915
2.62853
2.62797
2.62746
2.627
2.62657
2.62617
2.62579
2.62542
2.62505
2.62469
2.62433
2.62396
2.62358
2.62319
2.62278
2.62236
2.62193
2.6215
2.62105
2.6206
2.62016
2.61971
2.61928
2.61887
2.61848
2.61812
2.61779
2.6175
2.61727
2.61708
2.61696
2.6169
2.61691
2.617
2.61716
2.61741
2.61774
2.61815
2.61865
2.61924
2.61992
2.62069
2.62154
2.62248
2.6235
2.62461
2.62579
2.62705
2.62839
2.62979
2.63127
2.63281
2.63441
2.63607
2.63779
2.63957
2.64139
2.64327
2.64519
2.64716
2.64916
2.65121
2.6533
2.65543
2.65759
2.65979
2.66201
2.66427
2.66656
2.66887
2.6712
2.67356
2.67593
2.67832
2.68072
2.68312
2.68553
2.68793
2.69032
2.6927
2.69506
2.69738
2.69968
2.70192
2.70412
2.70626
2.70833
2.71031
2.71222
2.71402
2.71572
2.71731
2.71877
2.7201
2.72129
2.72232
2.7232
2.72391
2.72445
2.72481
2.72499
2.72497
2.72476
2.72435
2.72373
2.72291
2.72188
2.72064
2.71919
2.71753
2.71566
2.71358
2.7113
2.70881
2.70612
2.70324
2.70017
2.69692
2.6935
2.6899
2.68614
2.68224
2.67819
2.67401
2.66972
2.66532
2.66082
2.65624
2.6516
2.64691
2.64217
2.63742
2.63266
2.62791
2.62318
2.6185
2.61387
2.60932
2.60486
2.6005
2.59625
2.59215
2.58818
2.58438
2.58074
2.57728
2.57402
2.57095
2.56808
2.56543
2.563
2.56078
2.55879
2.55702
2.55548
2.55416
2.55306
2.55218
2.55152
2.55107
2.55083
2.55078
2.55094
2.55128
2.55181
2.5525
2.55337
2.55439
2.55557
2.55689
2.55835
2.55993
2.56164
2.56347
2.5654
2.56744
2.56957
2.57179
2.5741
2.5765
2.57897
2.58152
2.58414
2.58682
2.58958
2.59241
2.59529
2.59825
2.60126
2.60434
2.60748
2.61069
2.61396
2.61729
2.62068
2.62414
2.62765
2.63124
2.63488
2.63858
2.64235
2.64617
2.65005
2.65398
2.65797
2.662
2.66608
2.6702
2.67436
2.67855
2.68276
2.68699
2.69124
2.69549
2.69974
2.70399
2.70822
2.71243
2.7166
2.72074
2.72483
2.72887
2.73284
2.73675
2.74057
2.74431
2.74795
2.7515
2.75494
2.75827
2.76148
2.76457
2.76753
2.77036
2.77306
2.77562
2.77803
2.7803
2.78242
2.7844
2.78623
2.7879
2.78943
2.7908
2.79203
2.7931
2.79402
2.79479
2.79541
2.79589
2.79622
2.79641
2.79646
2.79637
2.79615
2.7958
2.79532
2.79471
2.79399
2.79315
2.79219
2.79113
2.78997
2.78871
2.78736
2.78592
2.7844
2.7828
2.78113
2.7794
2.7776
2.77575
2.77386
2.77192
2.76994
2.76793
2.7659
2.76385
2.7618
2.75973
2.75767
2.75562
2.75358
2.75156
2.74957
2.74762
2.7457
2.74383
2.74201
2.74025
2.73854
2.7369
2.73533
2.73384
2.73242
2.73107
2.72981
2.72863
2.72753
2.72651
2.72558
2.72472
2.72395
2.72325
2.72263
2.72209
2.72162
2.72121
2.72087
2.7206
2.72039
2.72024
2.72014
2.7201
2.72012
2.72018
2.7203
2.72046
2.72068
2.72094
2.72126
2.72162
2.72203
2.72248
2.72299
2.72354
2.72414
2.72478
2.72547
2.72621
2.72699
2.72782
2.72868
2.72959
2.73053
2.73151
2.73252
2.73356
2.73464
2.73574
2.73686
2.738
2.73916
2.74033
2.74151
2.74271
2.74391
2.74511
2.74632
2.74753
2.74874
2.74995
2.75115
2.75236
2.75356
2.75476
2.75596
2.75716
2.75836
2.75957
2.76079
2.76201
2.76325
2.7645
2.76578
2.76708
2.7684
2.76975
2.77114
2.77256
2.77402
2.77553
2.77709
2.77869
2.78035
2.78207
2.78385
2.78569
2.7876
2.78958
2.79162
2.79374
2.79593
2.7982
2.80055
2.80297
2.80547
2.80806
2.81072
2.81345
2.81627
2.81916
2.82213
2.82516
2.82827
2.83144
2.83467
2.83796
2.84129
2.84467
2.84808
2.85153
2.85499
2.85846
2.86194
2.8654
2.86884
2.87225
2.87562
2.87893
2.88217
2.88533
2.8884
2.89136
2.89419
2.8969
2.89947
2.90187
2.90412
2.90619
2.90808
2.90978
2.91128
2.91259
2.91368
2.91457
2.91524
2.91571
2.91595
2.91599
2.91582
2.91544
2.91485
2.91407
2.91308
2.9119
2.91054
2.90899
2.90725
2.90535
2.90328
2.90104
2.89865
2.8961
2.89342
2.89059
2.88763
2.88455
2.88135
2.87805
2.87464
2.87115
2.86759
2.86395
2.86026
2.85652
2.85275
2.84896
2.84517
2.84137
2.83759
2.83384
2.83012
2.82646
2.82285
2.81931
2.81585
2.81247
2.80918
2.80598
2.80289
2.79991
2.79703
2.79427
2.79162
2.78908
2.78666
2.78435
2.78216
2.78008
2.77812
2.77627
2.77452
2.77288
2.77135
2.76993
2.76861
2.76738
2.76626
2.76524
2.76432
2.7635
2.76278
2.76216
2.76164
2.76122
2.7609
2.7607
2.7606
2.76062
2.76075
2.761
2.76138
2.76188
2.76251
2.76327
2.76417
2.76522
2.7664
2.76773
2.7692
2.77082
2.77258
2.7745
2.77655
2.77875
2.78109
2.78357
2.78617
2.78891
2.79176
2.79473
2.7978
2.80097
2.80424
2.80758
2.811
2.81447
2.818
2.82156
2.82515
2.82876
2.83237
2.83598
2.83956
2.84311
2.84662
2.85007
2.85345
2.85674
2.85994
2.86304
2.86601
2.86885
2.87155
2.8741
2.87648
2.87868
2.8807
2.88253
2.88414
2.88555
2.88673
2.88768
2.88839
2.88886
2.88908
2.88905
2.88875
2.88819
2.88737
2.88628
2.88492
2.88329
2.88139
2.87923
2.87681
2.87413
2.87119
2.86801
2.8646
2.86095
2.85709
2.85303
2.84877
2.84433
2.83974
2.835
2.83013
2.82516
2.82009
2.81496
2.80979
2.80458
2.79938
2.79419
2.78904
2.78394
2.77893
2.77401
2.76922
2.76455
2.76004
2.75569
2.75151
2.74753
2.74374
2.74016
2.73679
2.73364
2.7307
2.72799
2.72551
2.72324
2.72119
2.71936
2.71774
2.71633
2.71512
2.71411
2.71329
2.71265
2.71219
2.7119
2.71177
2.71179
2.71197
2.71228
2.71272
2.71329
2.71397
2.71476
2.71565
2.71663
2.71768
2.71881
2.71999
2.72123
2.72251
2.72382
2.72515
2.72649
2.72783
2.72917
2.73048
2.73177
2.73302
2.73423
2.7354
2.7365
2.73755
2.73853
2.73944
2.74028
2.74105
2.74174
2.74237
2.74293
2.74343
2.74386
2.74424
2.74457
2.74485
2.7451
2.74532
2.74551
2.74568
2.74585
2.74601
2.74617
2.74634
2.74653
2.74673
2.74695
2.7472
2.74748
2.74778
2.74812
2.7485
2.74891
2.74936
2.74984
2.75037
2.75094
2.75154
2.75219
2.75289
2.75363
2.75442
2.75526
2.75616
2.75711
2.75812
2.7592
2.76034
2.76155
2.76284
2.7642
2.76564
2.76717
2.76877
2.77047
2.77224
2.7741
2.77605
2.77807
2.78016
2.78233
2.78455
2.78683
2.78916
2.79152
2.7939
2.79629
2.79868
2.80105
2.80339
2.80569
2.80793
2.81009
2.81217
2.81415
2.81601
2.81775
2.81936
2.82082
2.82213
2.82329
2.82428
2.82511
2.82576
2.82625
2.82658
2.82674
2.82673
2.82657
2.82626
2.82581
2.82522
2.8245
2.82366
2.8227
2.82165
2.8205
2.81927
2.81797
2.8166
2.81517
2.81369
2.81218
2.81063
2.80905
2.80746
2.80585
2.80423
2.80262
2.80101
2.79941
2.79783
2.79627
2.79473
2.79323
2.79177
2.79035
2.78897
2.78766
2.7864
2.78521
2.78409
2.78305
2.78208
2.78121
2.78042
2.77974
2.77915
2.77866
2.77828
2.77801
2.77784
2.77779
2.77784
2.77801
2.77829
2.77867
2.77916
2.77975
2.78045
2.78124
2.78213
2.78311
2.78418
2.78533
2.78656
2.78787
2.78925
2.79071
2.79223
2.79383
2.79549
2.79721
2.799
2.80085
2.80276
2.80474
2.80677
2.80888
2.81104
2.81327
2.81557
2.81793
2.82036
2.82286
2.82543
2.82806
2.83076
2.83353
2.83636
2.83926
2.84222
2.84524
2.84831
2.85143
2.8546
2.85781
2.86106
2.86434
2.86764
2.87096
2.8743
2.87763
2.88097
2.88429
2.8876
2.89088
2.89414
2.89735
2.90053
2.90365
2.90672
2.90972
2.91267
2.91553
2.91833
2.92104
2.92367
2.92621
2.92866
2.93102
2.93328
2.93544
2.9375
2.93945
2.9413
2.94304
2.94466
2.94617
2.94756
2.94883
2.94999
2.95101
2.95191
2.95267
2.95331
2.9538
2.95416
2.95437
2.95443
2.95435
2.95411
2.95371
2.95315
2.95242
2.95153
2.95046
2.94922
2.9478
2.94619
2.94441
2.94244
2.94028
2.93794
2.93541
2.93269
2.92978
2.92668
2.92341
2.91995
2.91631
2.9125
2.90853
2.90439
2.9001
2.89566
2.89108
2.88638
2.88156
2.87663
2.8716
2.86649
2.86131
2.85607
2.85079
2.84547
2.84014
2.8348
2.82947
2.82417
2.81892
2.81371
2.80857
2.80352
2.79855
2.7937
2.78896
2.78435
2.77989
2.77557
2.77141
2.76742
2.7636
2.75996
2.7565
2.75323
2.75016
2.74727
2.74457
2.74207
2.73976
2.73763
2.73569
2.73393
2.73234
2.73092
2.72966
2.72856
2.7276
2.72678
2.72609
2.72552
2.72507
2.72472
2.72447
2.72431
2.72423
2.72422
2.72429
2.72442
2.72461
2.72485
2.72513
2.72547
2.72584
2.72625
2.7267
2.72718
2.72769
2.72822
2.72878
2.72937
2.72998
2.7306
2.73125
2.73191
2.73258
2.73326
2.73396
2.73465
2.73536
2.73606
2.73676
2.73746
2.73815
2.73883
2.7395
2.74016
2.74081
2.74144
2.74206
2.74267
2.74326
2.74384
2.74441
2.74497
2.74552
2.74608
2.74663
2.74718
2.74774
2.7483
2.74887
2.74945
2.75004
2.75064
2.75124
2.75184
2.75245
2.75305
2.75364
2.75421
2.75476
2.75528
2.75577
2.75622
2.75662
2.75696
2.75725
2.75748
2.75764
2.75774
2.75777
2.75774
2.75765
2.75749
2.75728
2.75702
2.75672
2.75638
2.75602
2.75563
2.75524
2.75485
2.75448
2.75412
2.75381
2.75353
2.75331
2.75316
2.75309
2.7531
2.75321
2.75343
2.75375
2.7542
2.75477
2.75548
2.75632
2.75729
2.75841
2.75967
2.76107
2.76261
2.76428
2.76609
2.76803
2.77009
2.77226
2.77454
2.77692
2.7794
2.78195
2.78457
2.78726
2.78999
2.79277
2.79558
2.7984
2.80123
2.80407
2.80689
2.80969
2.81246
2.8152
2.81789
2.82053
2.82311
2.82563
2.82808
2.83047
2.83277
2.835
2.83716
2.83923
2.84123
2.84315
2.845
2.84678
2.84849
2.85014
2.85173
2.85327
2.85477
2.85624
2.85767
2.85909
2.86049
2.86189
2.8633
2.86471
2.86615
2.8676
2.86909
2.87061
2.87217
2.87377
2.87541
2.8771
2.87883
2.8806
2.88241
2.88425
2.88612
2.88802
2.88994
2.89188
2.89383
2.89578
2.89773
2.89968
2.9016
2.90351
2.9054
2.90725
2.90906
2.91083
2.91256
2.91423
2.91585
2.91741
2.9189
2.92032
2.92166
2.92293
2.92411
2.92521
2.92621
2.92712
2.92793
2.92864
2.92924
2.92973
2.9301
2.93036
2.93049
2.93051
2.93039
2.93015
2.92977
2.92926
2.92862
2.92783
2.92691
2.92584
2.92463
2.92328
2.92179
2.92015
2.91836
2.91643
2.91435
2.91213
2.90977
2.90726
2.90462
2.90183
2.89891
2.89586
2.89268
2.88938
2.88596
2.88242
2.87879
2.87505
2.87122
2.86732
2.86334
2.8593
2.85521
2.85109
2.84693
2.84276
2.83859
2.83443
2.8303
2.8262
2.82214
2.81815
2.81424
2.81041
2.80667
2.80305
2.79954
2.79616
2.79292
2.78982
2.78688
2.78409
2.78147
2.77902
2.77673
2.77462
2.77269
2.77093
2.76934
2.76793
2.76668
2.76561
2.76469
2.76394
2.76334
2.76289
2.76258
2.7624
2.76236
2.76243
2.76262
2.76291
2.76331
2.76379
2.76436
2.76501
2.76573
2.76651
2.76734
2.76822
2.76914
2.7701
2.77109
2.7721
2.77312
2.77415
2.77519
2.77622
2.77725
2.77827
2.77927
2.78025
2.7812
2.78212
2.783
2.78384
2.78464
2.7854
2.7861
2.78675
2.78734
2.78788
2.78836
2.78878
2.78913
2.78943
2.78966
2.78983
2.78994
2.79
2.78999
2.78993
2.78982
2.78966
2.78945
2.7892
2.78891
2.78859
2.78824
2.78786
2.78746
2.78705
2.78662
2.78619
2.78576
2.78532
2.78489
2.78448
2.78407
2.78368
2.78332
2.78297
2.78266
2.78237
2.78212
2.7819
2.78173
2.78159
2.7815
2.78145
2.78145
2.7815
2.78161
2.78177
2.78198
2.78225
2.78258
2.78297
2.78342
2.78392
2.78448
2.78509
2.78575
2.78645
2.78719
2.78797
2.78877
2.7896
2.79043
2.79128
2.79212
2.79295
2.79377
2.79456
2.79531
2.79603
2.79671
2.79734
2.79791
2.79842
2.79888
2.79927
2.79961
2.79987
2.80008
2.80023
2.80032
2.80036
2.80035
2.8003
2.80021
2.80009
2.79995
2.79979
2.79961
2.79944
2.79926
2.7991
2.79896
2.79885
2.79876
2.79872
2.79872
2.79876
2.79886
2.79902
2.79923
2.7995
2.79983
2.80022
2.80067
2.80117
2.80173
2.80233
2.80298
2.80367
2.8044
2.80515
2.80593
2.80672
2.80752
2.80832
2.80912
2.80991
2.81069
2.81146
2.8122
2.81292
2.81361
2.81428
2.81492
2.81554
2.81613
2.8167
2.81725
2.81779
2.81831
2.81883
2.81935
2.81987
2.8204
2.82094
2.82149
2.82205
2.82264
2.82324
2.82386
2.82451
2.82517
2.82584
2.82653
2.82723
2.82794
2.82864
2.82934
2.83004
2.83071
2.83137
2.83201
2.83261
2.83318
2.83372
2.83421
2.83465
2.83505
2.83539
2.83568
2.83592
2.8361
2.83622
2.83629
2.83631
2.83628
2.8362
2.83607
2.8359
2.83569
2.83544
2.83517
2.83487
2.83455
2.83422
2.83387
2.83353
2.83318
2.83285
2.83252
2.83221
2.83193
2.83167
2.83144
2.83124
2.83108
2.83096
2.83088
2.83084
2.83085
2.83089
2.83099
2.83112
2.8313
2.83151
2.83176
2.83204
2.83236
2.83269
2.83305
2.83343
2.83381
2.8342
2.83458
2.83496
2.83531
2.83565
2.83595
2.83622
2.83644
2.8366
2.83671
2.83675
2.83671
2.83659
2.83639
2.83609
2.8357
2.83521
2.83462
2.83393
2.83314
2.83225
2.83127
2.8302
2.82904
2.82781
2.82652
2.82518
2.82379
2.82238
2.82096
2.81955
2.81816
2.81681
2.81551
2.81429
2.81316
2.81214
2.81123
2.81046
2.80982
2.80933
2.80899
2.80882
2.80879
2.80893
2.80921
2.80963
2.81019
2.81088
2.81167
2.81256
2.81353
2.81457
2.81566
2.81679
2.81793
2.81907
2.8202
2.8213
2.82236
2.82336
2.8243
2.82516
2.82593
2.82661
2.82719
2.82766
2.82802
2.82828
2.82842
2.82844
2.82836
2.82816
2.82785
2.82744
2.82694
2.82633
2.82564
2.82486
2.82401
2.82309
2.8221
2.82107
2.81998
2.81885
2.8177
2.81652
2.81532
2.81412
2.81291
2.81171
2.81053
2.80937
2.80823
2.80713
2.80608
2.80507
2.80412
2.80324
2.80242
2.80168
2.80101
2.80043
2.79995
2.79955
2.79926
2.79907
2.79899
2.79902
2.79917
2.79943
2.79981
2.80031
2.80092
2.80166
2.80252
2.8035
2.80459
2.8058
2.80712
2.80855
2.81008
2.81171
2.81342
2.81523
2.81711
2.81907
2.82108
2.82316
2.82527
2.82743
2.82962
2.83182
2.83403
2.83625
2.83845
2.84063
2.84279
2.84491
2.84698
2.84899
2.85094
2.85281
2.85461
2.85631
2.85791
2.85941
2.8608
2.86207
2.86322
2.86423
2.8651
2.86583
2.86641
2.86683
2.86708
2.86717
2.86709
2.86682
2.86636
2.86572
2.86487
2.86383
2.86257
2.8611
2.85941
2.8575
2.85536
2.85298
2.85038
2.84754
2.84446
2.84114
2.83758
2.83378
2.82975
2.82548
2.82098
2.81626
2.81132
2.80617
2.80081
2.79527
2.78954
2.78364
2.7776
2.77141
2.7651
2.75869
2.75219
2.74563
2.73902
2.73239
2.72577
2.71916
2.71261
2.70613
2.69974
2.69348
2.68736
2.68142
2.67567
2.67013
2.66484
2.6598
2.65504
2.65057
2.64642
2.64259
2.6391
2.63595
2.63316
2.63073
2.62867
2.62697
2.62563
2.62466
2.62405
2.6238
2.62389
2.62432
2.62508
2.62617
2.62756
2.62925
2.63122
2.63347
2.63598
2.63874
2.64173
2.64495
2.64838
2.652
2.65582
2.65981
2.66397
2.66828
2.67274
2.67733
2.68204
2.68688
2.69181
2.69685
2.70197
2.70717
2.71245
2.71778
2.72316
2.72859
2.73406
2.73954
2.74504
2.75055
2.75605
2.76153
2.76698
2.77239
2.77774
2.78304
2.78825
2.79337
2.79839
2.80329
2.80806
2.81268
2.81716
2.82146
2.82558
2.82951
2.83323
2.83674
2.84003
2.84309
2.84591
2.84848
2.85081
2.85288
2.85469
2.85625
2.85755
2.85858
2.85936
2.85989
2.86017
2.8602
2.85999
2.85955
2.85888
2.85799
2.85689
2.85559
2.85409
2.85241
2.85055
2.84853
2.84634
2.84401
2.84153
2.83892
2.83618
2.83332
2.83034
2.82727
2.82409
2.82082
2.81746
2.81402
2.81051
2.80693
2.80329
2.7996
2.79586
2.79208
2.78827
2.78444
2.78059
2.77675
2.77291
2.76909
2.7653
2.76156
2.75787
2.75425
2.75071
2.74728
2.74395
2.74075
2.73769
2.73478
2.73204
2.72948
2.72712
2.72496
2.72302
2.7213
2.71983
2.71859
2.71762
2.7169
2.71644
2.71626
2.71634
2.71669
2.71731
2.71821
2.71936
2.72078
2.72246
2.72438
2.72655
2.72895
2.73157
2.73441
2.73745
2.74068
2.7441
2.74768
2.75141
2.75529
2.75929
2.76341
2.76762
2.77193
2.7763
2.78074
2.78522
2.78973
2.79426
2.79879
2.80332
2.80783
2.81231
2.81674
2.82112
2.82544
2.82968
2.83384
2.8379
2.84187
2.84573
2.84947
2.8531
2.8566
2.85997
2.86321
2.86632
2.86929
2.87212
2.87481
2.87737
2.87978
2.88206
2.88421
2.88623
2.88812
2.88988
2.89153
2.89306
2.89448
2.8958
2.89702
2.89814
2.89918
2.90014
2.90103
2.90184
2.9026
2.9033
2.90395
2.90456
2.90513
2.90568
2.90619
2.90669
2.90718
2.90765
2.90813
2.9086
2.90909
2.90959
2.9101
2.91064
2.9112
2.91179
2.91242
2.91308
2.91378
2.91453
2.91533
2.91617
2.91707
2.91801
2.91901
2.92006
2.92117
2.92233
2.92353
2.92479
2.92609
2.92743
2.9288
2.93021
2.93165
2.9331
2.93457
2.93605
2.93753
2.939
2.94046
2.94189
2.9433
2.94467
2.946
2.94729
2.94852
2.94969
2.95081
2.95186
2.95284
2.95376
2.9546
2.95538
2.95609
2.95674
2.95732
2.95784
2.95831
2.95873
2.95909
2.95942
2.95971
2.95996
2.96019
2.9604
2.96059
2.96077
2.96094
2.9611
2.96125
2.96141
2.96156
2.96171
2.96186
2.962
2.96213
2.96224
2.96235
2.96242
2.96247
2.96249
2.96246
2.96238
2.96225
2.96206
2.9618
2.96146
2.96105
2.96054
2.95995
2.95926
2.95847
2.95758
2.95658
2.95548
2.95426
2.95295
2.95152
2.94999
2.94835
2.94661
2.94477
2.94283
2.9408
2.93868
2.93648
2.9342
2.93184
2.92941
2.92691
2.92436
2.92175
2.91909
2.91639
2.91366
2.91089
2.9081
2.90529
2.90246
2.89962
2.89678
2.89394
2.8911
2.88826
2.88544
2.88262
2.87983
2.87704
2.87428
2.87153
2.86879
2.86608
2.86337
2.86069
2.85801
2.85535
2.85269
2.85004
2.8474
2.84476
2.84212
2.83948
2.83683
2.83419
2.83155
2.82891
2.82627
2.82363
2.821
2.81839
2.8158
2.81323
2.81069
2.8082
2.80575
2.80336
2.80104
2.7988
2.79665
2.79461
2.79267
2.79086
2.78919
2.78766
2.78629
2.78509
2.78406
2.78322
2.78257
2.78211
2.78186
2.78181
2.78197
2.78233
2.78291
2.78368
2.78466
2.78583
2.78719
2.78873
2.79045
2.79232
2.79435
2.79651
2.7988
2.80121
2.80371
2.8063
2.80897
2.81169
2.81446
2.81726
2.82009
2.82292
2.82576
2.82858
2.83139
2.83416
2.83691
2.83961
2.84227
2.84488
2.84744
2.84993
2.85237
2.85475
2.85706
2.8593
2.86146
2.86355
2.86555
2.86746
2.86927
2.87098
2.87256
2.87402
2.87535
2.87652
2.87753
2.87837
2.87902
2.87948
2.87973
2.87977
2.87959
2.87917
2.87852
2.87763
2.8765
2.87512
2.87351
2.87165
2.86957
2.86726
2.86473
2.86199
2.85907
2.85596
2.85268
2.84926
2.84569
2.84202
2.83824
2.83438
2.83046
2.8265
2.82251
2.81851
2.81452
2.81056
2.80663
2.80276
2.79895
2.79522
2.79158
2.78804
2.7846
2.78128
2.77807
2.77498
2.77202
2.76918
2.76647
2.76389
2.76143
2.75909
2.75688
2.75479
2.75281
2.75095
2.7492
2.74755
2.74601
2.74456
2.74321
2.74195
2.74077
2.73968
2.73867
2.73773
2.73688
2.73609
2.73537
2.73473
2.73415
2.73364
2.7332
2.73282
2.73251
2.73228
2.73211
2.73202
2.73199
2.73205
2.73218
2.73239
2.73269
2.73307
2.73354
2.73409
2.73474
2.73549
2.73633
2.73727
2.7383
2.73944
2.74068
2.74202
2.74347
2.74501
2.74666
2.7484
2.75024
2.75218
2.75421
2.75632
2.75852
2.76079
2.76314
2.76556
2.76804
2.77058
2.77316
2.77579
2.77846
2.78116
2.78388
2.78662
2.78937
2.79213
2.7949
2.79766
2.80041
2.80315
2.80588
2.80859
2.81128
2.81394
2.81659
2.81922
2.82182
2.82439
2.82694
2.82947
2.83198
2.83446
2.83693
2.83937
2.84178
2.84418
2.84655
2.8489
2.85123
2.85352
2.85579
2.85803
2.86023
2.86239
2.86451
2.86659
2.86861
2.87058
2.87248
2.87432
2.87609
2.87778
2.87939
2.88091
2.88235
2.8837
2.88495
2.88611
2.88716
2.88812
2.88898
2.88974
2.8904
2.89097
2.89144
2.89182
2.89212
2.89233
2.89246
2.89251
2.8925
2.89242
2.89229
2.8921
2.89186
2.89158
2.89127
2.89091
2.89053
2.89013
2.8897
2.88926
2.8888
2.88832
2.88784
2.88735
2.88684
2.88633
2.88582
2.8853
2.88478
2.88425
2.88373
2.8832
2.88268
2.88216
2.88165
2.88114
2.88065
2.88017
2.87972
2.87928
2.87887
2.87849
2.87814
2.87783
2.87755
2.87732
2.87712
2.87698
2.87687
2.87681
2.8768
2.87682
2.87689
2.87699
2.87713
2.8773
2.87749
2.87771
2.87795
2.8782
2.87845
2.87871
2.87896
2.87921
2.87944
2.87966
2.87985
2.88002
2.88016
2.88026
2.88033
2.88035
2.88033
2.88027
2.88016
2.88001
2.87981
2.87956
2.87926
2.87891
2.87852
2.87808
2.8776
2.87707
2.87651
2.8759
2.87526
2.87458
2.87388
2.87314
2.87237
2.87159
2.87077
2.86994
2.8691
2.86823
2.86736
2.86647
2.86557
2.86467
2.86376
2.86285
2.86194
2.86103
2.86012
2.85922
2.85832
2.85743
2.85656
2.8557
2.85486
2.85404
2.85325
2.85248
2.85175
2.85106
2.8504
2.84979
2.84922
2.84871
2.84825
2.84786
2.84752
2.84726
2.84706
2.84693
2.84688
2.84691
2.84701
2.84718
2.84744
2.84777
2.84817
2.84865
2.8492
2.84981
2.8505
2.85124
2.85203
2.85288
2.85377
2.8547
2.85567
2.85666
2.85768
2.8587
2.85974
2.86077
2.8618
2.86282
2.86382
2.86479
2.86573
2.86663
2.86749
2.86829
2.86905
2.86974
2.87038
2.87095
2.87145
2.87187
2.87223
2.87251
2.87272
2.87286
2.87292
2.87291
2.87283
2.87268
2.87247
2.87221
2.87188
2.87151
2.87109
2.87063
2.87014
2.86962
2.86907
2.86851
2.86794
2.86736
2.86678
2.86621
2.86564
2.86509
2.86455
2.86403
2.86353
2.86305
2.86258
2.86214
2.86171
2.86129
2.86089
2.86049
2.8601
2.8597
2.85929
2.85887
2.85842
2.85795
2.85744
2.85689
2.85628
2.85563
2.85491
2.85412
2.85326
2.85232
2.8513
2.85019
2.849
2.84771
2.84633
2.84485
2.84328
2.84162
2.83986
2.83802
2.83608
2.83406
2.83196
2.82978
2.82753
2.82521
2.82282
2.82037
2.81786
2.81531
2.81271
2.81007
2.8074
2.80471
2.80199
2.79925
2.79651
2.79376
2.79102
2.7883
2.78559
2.78292
2.78028
2.7777
2.77517
2.77271
2.77034
2.76806
2.76588
2.76382
2.7619
2.76011
2.75848
2.75702
2.75573
2.75463
2.75372
2.75302
2.75253
2.75226
2.7522
2.75236
2.75274
2.75334
2.75415
2.75516
2.75636
2.75775
2.75931
2.76103
2.76289
2.76487
2.76696
2.76913
2.77137
2.77366
2.77597
2.77828
2.78058
2.78283
2.78503
2.78715
2.78918
2.79109
2.79288
2.79452
2.796
2.79732
2.79846
2.79941
2.80017
2.80073
2.80109
2.80124
2.80118
2.80092
2.80046
2.79979
2.79892
2.79786
2.79661
2.79517
2.79356
2.79178
2.78984
2.78774
2.78549
2.78311
2.78059
2.77796
2.77521
2.77236
2.76941
2.76639
2.76329
2.76014
2.75693
2.75369
2.75043
2.74716
2.74389
2.74063
2.73741
2.73423
2.73111
2.72806
2.7251
2.72223
2.71948
2.71685
2.71436
2.71201
2.70983
2.70781
2.70597
2.70432
2.70286
2.7016
2.70055
2.69972
2.6991
2.6987
2.69852
2.69856
2.69883
2.69932
2.70003
2.70097
2.70212
2.70349
2.70507
2.70685
2.70884
2.71103
2.7134
2.71596
2.7187
2.7216
2.72467
2.72789
2.73126
2.73476
2.73839
2.74213
2.74598
2.74992
2.75395
2.75804
2.76219
2.76639
2.77062
2.77488
2.77914
2.78339
2.78762
2.79183
2.79598
2.80008
2.80411
2.80806
2.81191
2.81566
2.81929
2.82279
2.82616
2.82938
2.83244
2.83535
2.83809
2.84065
2.84303
2.84522
2.84723
2.84905
2.85067
2.8521
2.85333
2.85436
2.8552
2.85585
2.8563
2.85657
2.85665
2.85654
2.85626
2.85581
2.85519
2.85441
2.85347
2.85239
2.85117
2.84982
2.84835
2.84677
2.84508
2.84331
2.84145
2.83952
2.83752
2.83548
2.8334
2.8313
2.82917
2.82704
2.82492
2.8228
2.82071
2.81865
2.81663
2.81465
2.81273
2.81087
2.80907
2.80734
2.80568
2.8041
2.8026
2.80118
2.79985
2.7986
2.79743
2.79635
2.79536
2.79445
2.79362
2.79288
2.79222
2.79163
2.79112
2.79068
2.7903
2.78998
2.78972
2.7895
2.78933
2.78919
2.78908
2.78899
2.7889
2.78882
2.78873
2.78862
2.78848
2.78831
2.78809
2.78782
2.78749
2.78709
2.78662
2.78606
2.78542
2.78468
2.78385
2.78293
2.7819
2.78079
2.77957
2.77827
2.77689
2.77543
2.7739
2.77231
2.77068
2.76902
2.76734
2.76566
2.76399
2.76235
2.76077
2.75926
2.75783
2.75651
2.75532
2.75426
2.75337
2.75265
2.75212
2.7518
2.75169
2.75181
2.75215
2.75274
2.75358
2.75466
2.75599
2.75757
2.7594
2.76147
2.76378
2.76632
2.76908
2.77205
2.77523
2.77861
2.78217
2.78589
2.78977
2.7938
2.79796
2.80224
2.80662
2.81109
2.81564
2.82026
2.82493
2.82964
2.83439
2.83915
2.84391
2.84868
2.85343
2.85816
2.86285
2.86751
2.87211
2.87664
2.88111
2.8855
2.8898
2.894
2.8981
2.90208
2.90594
2.90966
2.91325
2.91669
2.91997
2.92309
2.92603
2.9288
2.93138
2.93377
2.93597
2.93797
2.93976
2.94134
2.94271
2.94387
2.94482
2.94556
2.94609
2.94641
2.94652
2.94643
2.94614
2.94565
2.94498
2.94412
2.94308
2.94188
2.94051
2.93899
2.93731
2.9355
2.93356
2.93149
2.92931
2.92703
2.92465
2.92218
2.91963
2.91702
2.91434
2.91161
2.90884
2.90603
2.90319
2.90034
2.89747
2.8946
2.89172
2.88886
2.886
2.88317
2.88035
2.87756
2.8748
2.87207
2.86938
2.86672
2.8641
2.86151
2.85896
2.85645
2.85397
2.85153
2.84912
2.84673
2.84438
2.84205
2.83975
2.83747
2.8352
2.83295
2.83071
2.82848
2.82625
2.82403
2.8218
2.81958
2.81735
2.81512
2.81288
2.81063
2.80838
2.80612
2.80385
2.80158
2.7993
2.79703
2.79476
2.7925
2.79025
2.78803
2.78583
2.78367
2.78156
2.77949
2.77749
2.77556
2.77371
2.77195
2.77028
2.76872
2.76727
2.76594
2.76474
2.76367
2.76273
2.76194
2.76128
2.76077
2.76041
2.76018
2.7601
2.76015
2.76035
2.76067
2.76112
2.7617
2.76238
2.76318
2.76409
2.76509
2.76618
2.76735
2.7686
2.76991
2.77129
2.77271
2.77418
2.77569
2.77723
2.77878
2.78036
2.78194
2.78352
2.7851
2.78666
2.78821
2.78974
2.79124
2.79271
2.79414
2.79554
2.7969
2.79821
2.79949
2.80073
2.80192
2.80307
2.80418
2.80526
2.80631
2.80732
2.80831
2.80928
2.81023
2.81117
2.8121
2.81303
2.81397
2.81492
2.81589
2.81687
2.81789
2.81893
2.82001
2.82114
2.8223
2.82352
2.82479
2.82612
2.8275
2.82894
2.83044
2.832
2.83362
2.83531
2.83704
2.83884
2.84069
2.84258
2.84452
2.84649
2.84849
2.85051
2.85254
2.85457
2.8566
2.8586
2.86057
2.8625
2.86438
2.86619
2.86791
2.86955
2.87108
2.87249
2.87378
2.87494
2.87595
2.8768
2.8775
2.87803
2.87838
2.87857
2.87857
2.87838
2.87802
2.87747
2.87675
2.87584
2.87475
2.8735
2.87207
2.87049
2.86875
2.86687
2.86486
2.86272
2.86047
2.85812
2.85569
2.85319
2.85064
2.84806
2.84546
2.84288
2.84032
2.83781
2.83537
2.83303
2.83081
2.82873
2.82681
2.82506
2.82352
2.8222
2.82111
2.82027
2.81969
2.81937
2.81933
2.81956
2.82007
2.82085
2.8219
2.82321
2.82477
2.82656
2.82858
2.83081
2.83323
2.83582
2.83856
2.84144
2.84442
2.8475
2.85065
2.85385
2.85709
2.86034
2.86359
2.86682
2.87001
2.87316
2.87626
2.87928
2.88222
2.88508
2.88784
2.8905
2.89306
2.8955
2.89784
2.90007
2.90218
2.90418
2.90607
2.90786
2.90954
2.91111
2.91259
2.91397
2.91526
2.91645
2.91757
2.91859
2.91954
2.92041
2.9212
2.92191
2.92256
2.92313
2.92362
2.92405
2.9244
2.92468
2.92488
2.92501
2.92506
2.92503
2.92493
2.92474
2.92448
2.92413
2.9237
2.92319
2.92259
2.92191
2.92114
2.9203
2.91937
2.91836
2.91727
2.91611
2.91487
2.91356
2.91218
2.91074
2.90923
2.90766
2.90604
2.90437
2.90264
2.90087
2.89906
2.89721
2.89532
2.8934
2.89145
2.88948
2.88748
2.88545
2.8834
2.88134
2.87925
2.87715
2.87503
2.87289
2.87074
2.86857
2.86638
2.86418
2.86195
2.85971
2.85744
2.85515
2.85284
2.85049
2.84812
2.84571
2.84328
2.8408
2.83829
2.83573
2.83313
2.83049
2.8278
2.82506
2.82227
2.81944
2.81656
2.81363
2.81065
2.80764
2.80459
2.80151
2.7984
2.79527
2.79212
2.78898
2.78584
2.78272
2.77963
2.77658
2.77359
2.77068
2.76785
2.76513
2.76253
2.76006
2.75775
2.75561
2.75365
2.75189
2.75035
2.74904
2.74797
2.74715
2.74658
2.74629
2.74626
2.74651
2.74703
2.74783
2.7489
2.75024
2.75184
2.7537
2.7558
2.75814
2.7607
2.76347
2.76644
2.76959
2.77291
2.77638
2.77998
2.7837
2.78752
2.79143
2.7954
2.79943
2.80348
2.80755
2.81163
2.81569
2.81972
2.82371
2.82764
2.8315
2.83528
2.83896
2.84254
2.84601
2.84936
2.85258
2.85566
2.8586
2.86139
2.86403
2.86652
2.86885
2.87102
2.87303
2.87488
2.87657
2.8781
2.87948
2.8807
2.88176
2.88268
2.88345
2.88408
2.88458
2.88494
2.88517
2.88527
2.88526
2.88513
2.8849
2.88456
2.88413
2.88361
2.883
2.88232
2.88156
2.88073
2.87985
2.87891
2.87792
2.87689
2.87582
2.87472
2.8736
2.87245
2.87129
2.87011
2.86893
2.86774
2.86655
2.86537
2.86419
2.86302
2.86187
2.86073
2.85961
2.85852
2.85744
2.8564
2.85537
2.85438
2.85342
2.8525
2.85161
2.85076
2.84995
2.84917
2.84845
2.84776
2.84712
2.84653
2.84599
2.84549
2.84504
2.84464
2.84429
2.84398
2.84372
2.8435
2.84332
2.84317
2.84307
2.84299
2.84294
2.84291
2.8429
2.8429
2.84292
2.84293
2.84295
2.84296
2.84296
2.84295
2.84292
2.84286
2.84278
2.84267
2.84253
2.84236
2.84214
2.84189
2.84159
2.84125
2.84087
2.84045
2.83997
2.83945
2.83889
2.83828
2.83763
2.83693
2.83618
2.8354
2.83457
2.8337
2.8328
2.83186
2.83088
2.82988
2.82884
2.82778
2.82669
2.82558
2.82445
2.82331
2.82216
2.821
2.81984
2.81868
2.81753
2.81639
2.81526
2.81416
2.81309
2.81205
2.81105
2.8101
2.8092
2.80836
2.80759
2.8069
2.80628
2.80576
2.80532
2.80499
2.80476
2.80464
2.80464
2.80476
2.80499
2.80535
2.80584
2.80645
2.80719
2.80806
2.80905
2.81016
2.8114
2.81276
2.81423
2.81581
2.8175
2.81929
2.82118
2.82317
2.82524
2.82741
2.82965
2.83197
2.83436
2.83682
2.83934
2.84192
2.84456
2.84725
2.84998
2.85274
2.85554
2.85837
2.86122
2.86407
2.86694
2.86979
2.87263
2.87544
2.87822
2.88095
2.88362
2.88621
2.88872
2.89112
2.89341
2.89558
2.8976
2.89946
2.90116
2.90268
2.90401
2.90513
2.90604
2.90673
2.90719
2.90741
2.9074
2.90714
2.90664
2.9059
2.90491
2.90368
2.90222
2.90052
2.8986
2.89647
2.89414
2.89161
2.8889
2.88602
2.88299
2.87982
2.87653
2.87314
2.86966
2.86611
2.86251
2.85889
2.85525
2.85162
2.84802
2.84446
2.84098
2.83758
2.83429
2.83112
2.8281
2.82524
2.82256
2.82007
2.8178
2.81574
2.81393
2.81235
2.81104
2.80998
2.8092
2.80869
2.80846
2.8085
2.80881
2.8094
2.81025
2.81135
2.81271
2.8143
2.81611
2.81814
2.82036
2.82275
2.82531
2.82802
2.83084
2.83378
2.8368
2.8399
2.84304
2.84622
2.84941
2.85261
2.85578
2.85892
2.86202
2.86505
2.86801
2.87088
2.87366
2.87633
2.87889
2.88132
2.88363
2.88579
2.88781
2.88969
2.89142
2.89299
2.89441
2.89566
2.89676
2.8977
2.89847
2.89909
2.89954
2.89984
2.89998
2.89996
2.89979
2.89947
2.899
2.89838
2.89762
2.89672
2.89568
2.89451
2.89321
2.89179
2.89024
2.88857
2.88679
2.8849
2.8829
2.88079
2.87859
2.87629
2.8739
2.87142
2.86886
2.86623
2.86352
2.86076
2.85793
2.85506
2.85214
2.84919
2.84622
2.84323
2.84024
2.83725
2.83428
2.83133
2.82842
2.82556
2.82276
2.82003
2.81737
2.81481
2.81234
2.80997
2.80772
2.80559
2.80359
2.80171
2.79996
2.79835
2.79688
2.79553
2.79433
2.79325
2.79229
2.79146
2.79074
2.79012
2.78961
2.78918
2.78882
2.78853
2.7883
2.7881
2.78793
2.78777
2.78762
2.78745
2.78726
2.78703
2.78676
2.78642
2.78601
2.78553
2.78496
2.7843
2.78355
2.78269
2.78174
2.78069
2.77953
2.77829
2.77695
2.77552
2.77402
2.77245
2.77082
2.76913
2.76741
2.76566
2.7639
2.76213
2.76037
2.75863
2.75693
2.75527
2.75366
2.75211
2.75064
2.74925
2.74795
2.74675
2.74565
2.74465
2.74377
2.74299
2.74233
2.74179
2.74136
2.74105
2.74085
2.74077
2.7408
2.74094
2.74119
2.74154
2.742
2.74257
2.74323
2.74399
2.74484
2.74579
2.74682
2.74795
2.74915
2.75045
2.75182
2.75327
2.75479
2.75639
2.75807
2.75981
2.76162
2.76349
2.76543
2.76742
2.76948
2.77159
2.77376
2.77597
2.77824
2.78055
2.78291
2.78531
2.78774
2.79022
2.79272
2.79525
2.7978
2.80038
2.80297
2.80557
2.80817
2.81078
2.81337
2.81595
2.81851
2.82104
2.82353
2.82597
2.82836
2.83068
2.83293
2.83509
2.83716
2.83913
2.84098
2.84271
2.8443
2.84575
2.84705
2.84818
2.84915
2.84993
2.85053
2.85094
2.85114
2.85114
2.85093
2.85051
2.84986
2.849
2.84791
2.8466
2.84506
2.8433
2.84131
2.8391
2.83667
2.83403
2.83117
2.8281
2.82483
2.82136
2.8177
2.81386
2.80983
2.80564
2.80129
2.79678
2.79213
2.78735
2.78244
2.77742
2.77229
2.76707
2.76176
2.75638
2.75094
2.74545
2.73992
2.73437
2.72879
2.72322
2.71765
2.71211
2.7066
2.70114
2.69575
2.69043
2.6852
2.68008
2.67509
2.67023
2.66553
2.66101
2.65667
2.65255
2.64865
2.64499
2.64159
2.63846
2.63562
2.63308
2.63087
2.62897
2.62741
2.6262
2.62534
2.62482
2.62466
2.62485
2.62539
2.62627
2.62748
2.62902
2.63087
2.63302
2.63545
2.63815
2.6411
2.64428
2.64766
2.65124
2.65498
2.65888
2.6629
2.66703
2.67124
2.67553
2.67986
2.68422
2.68859
2.69296
2.69731
2.70163
2.70589
2.7101
2.71423
2.71827
2.72223
2.72608
2.72983
2.73346
2.73696
2.74034
2.74359
2.7467
2.74968
2.75251
2.75521
2.75775
2.76016
2.76242
2.76453
2.7665
2.76833
2.77001
2.77156
2.77297
2.77425
2.7754
2.77643
2.77734
2.77813
2.77881
2.77939
2.77987
2.78026
2.78056
2.78079
2.78093
2.78101
2.78103
2.78099
2.78091
2.78077
2.7806
2.78039
2.78016
2.7799
2.77962
2.77933
2.77903
2.77873
2.77842
2.77813
2.77785
2.77758
2.77734
2.77712
2.77693
2.77677
2.77666
2.77658
2.77655
2.77657
2.77664
2.77677
2.77695
2.77718
2.77748
2.77784
2.77826
2.77874
2.77927
2.77987
2.78053
2.78125
2.78203
2.78286
2.78375
2.78469
2.78567
2.78671
2.7878
2.78892
2.79009
2.7913
2.79253
2.7938
2.7951
2.79642
2.79776
2.79911
2.80048
2.80185
2.80322
2.80459
2.80594
2.80729
2.80861
2.80991
2.81118
2.81241
2.8136
2.81474
2.81583
2.81687
2.81784
2.81874
2.81957
2.82033
2.82101
2.82161
2.82212
2.82254
2.82288
2.82312
2.82327
2.82333
2.8233
2.82317
2.82296
2.82265
2.82226
2.82179
2.82124
2.82061
2.81991
2.81916
2.81834
2.81747
2.81657
2.81562
2.81466
2.81367
2.81268
2.8117
2.81072
2.80977
2.80885
2.80796
2.80713
2.80635
2.80564
2.805
2.80444
2.80396
2.80357
2.80327
2.80306
2.80294
2.80292
2.80298
2.80314
2.80337
2.80369
2.80407
2.80452
2.80503
2.80559
2.80619
2.80682
2.80747
2.80813
2.80879
2.80943
2.81006
2.81065
2.81121
2.81171
2.81215
2.81253
2.81283
2.81304
2.81316
2.81319
2.81311
2.81293
2.81264
2.81223
2.81171
2.81108
2.81033
2.80947
2.8085
2.80742
2.80623
2.80494
2.80356
2.80208
2.80053
2.7989
2.7972
2.79544
2.79364
2.79179
2.78992
2.78803
2.78612
2.78422
2.78233
2.78047
2.77863
2.77684
2.7751
2.77342
2.77181
2.77029
2.76884
2.76749
2.76624
2.76509
2.76406
2.76313
2.76233
2.76164
2.76107
2.76062
2.7603
2.76009
2.75999
2.76001
2.76014
2.76038
2.76071
2.76114
2.76165
2.76225
2.76292
2.76366
2.76445
2.76529
2.76618
2.7671
2.76804
2.769
2.76997
2.77095
2.77191
2.77287
2.7738
2.77471
2.77559
2.77643
2.77722
2.77796
2.77866
2.77929
2.77987
2.78038
2.78083
2.78121
2.78152
2.78176
2.78194
2.78205
2.78209
2.78207
2.78199
2.78185
2.78165
2.7814
2.7811
2.78076
2.78038
2.77997
2.77953
2.77907
2.77859
2.7781
2.7776
2.77711
2.77662
2.77615
2.77569
2.77527
2.77487
2.7745
2.77418
2.7739
2.77368
2.77351
2.77339
2.77334
2.77335
2.77343
2.77358
2.7738
2.77409
2.77445
2.77489
2.77539
2.77597
2.77663
2.77735
2.77814
2.779
2.77992
2.78091
2.78195
2.78306
2.78422
2.78544
2.78672
2.78804
2.78942
2.79084
2.79231
2.79382
2.79538
2.79698
2.79862
2.8003
2.80201
2.80376
2.80555
2.80737
2.80922
2.81109
2.813
2.81492
2.81687
2.81884
2.82083
2.82283
2.82483
2.82685
2.82887
2.83089
2.8329
2.83491
2.83691
2.83889
2.84085
2.84279
2.8447
2.84658
2.84842
2.85022
2.85197
2.85367
2.85531
2.85689
2.8584
2.85984
2.86121
2.86249
2.86369
2.8648
2.86582
2.86674
2.86756
2.86828
2.8689
2.86942
2.86984
2.87015
2.87036
2.87047
2.87049
2.87041
2.87025
2.87
2.86968
2.8693
2.86885
2.86835
2.86781
2.86723
2.86663
2.86602
2.8654
2.8648
2.86421
2.86365
2.86313
2.86267
2.86227
2.86194
2.8617
2.86155
2.86151
2.86157
2.86175
2.86206
2.8625
2.86307
2.86377
2.86462
2.8656
2.86671
2.86796
2.86934
2.87083
2.87244
2.87416
2.87596
2.87784
2.8798
2.8818
2.88384
2.88591
2.88798
2.89003
2.89206
2.89404
2.89596
2.8978
2.89954
2.90117
2.90268
2.90404
2.90524
2.90627
2.90712
2.90778
2.90823
2.90848
2.9085
2.90829
2.90785
2.90718
2.90626
2.9051
2.90369
2.90203
2.90013
2.89798
2.89559
2.89296
2.89009
2.88699
2.88366
2.88012
2.87635
2.87239
2.86822
2.86386
2.85933
2.85462
2.84975
2.84472
2.83956
2.83427
2.82887
2.82335
2.81775
2.81206
2.80631
2.8005
2.79465
2.78877
2.78287
2.77697
2.77109
2.76523
2.7594
2.75363
2.74792
2.74229
2.73675
2.7313
2.72597
2.72075
2.71567
2.71073
2.70594
2.7013
2.69683
2.69252
2.68839
2.68444
2.68066
2.67707
2.67367
2.67044
2.66741
2.66455
2.66188
2.65939
2.65708
2.65494
2.65298
2.65119
2.64957
2.64811
2.64682
2.64568
2.64471
2.64389
2.64322
2.64272
2.64236
2.64216
2.64211
2.64222
2.64247
2.64289
2.64345
2.64417
2.64505
2.64608
2.64726
2.64859
2.65007
2.65169
2.65346
2.65537
2.6574
2.65956
2.66184
2.66422
2.66671
2.66928
2.67193
2.67464
2.67741
2.68022
2.68305
2.6859
2.68875
2.69159
2.6944
2.69717
2.6999
2.70256
2.70514
2.70765
2.71006
2.71237
2.71457
2.71665
2.7186
2.72043
2.72211
2.72366
2.72506
2.72632
2.72742
2.72837
2.72916
2.7298
2.73029
2.73062
2.73079
2.73082
2.73069
2.73041
2.72998
2.72941
2.7287
2.72786
2.72688
2.72578
2.72456
2.72322
2.72177
2.72022
2.71857
2.71683
2.71501
2.71311
2.71114
2.70911
2.70702
2.70488
2.7027
2.70049
2.69826
2.696
2.69373
2.69146
2.6892
2.68694
2.68469
2.68247
2.68028
2.67813
2.67601
2.67394
2.67192
2.66996
2.66806
2.66623
2.66447
2.66279
2.66119
2.65968
2.65826
2.65695
2.65574
2.65464
2.65367
2.65282
2.65211
2.65154
2.65113
2.65088
2.6508
2.65091
2.6512
2.65169
2.65239
2.65331
2.65445
2.65581
2.65741
2.65925
2.66132
2.66364
2.66619
2.66898
2.67201
2.67526
2.67873
2.68241
2.68628
2.69035
2.69459
2.69899
2.70352
2.70819
2.71296
2.71782
2.72275
2.72773
2.73275
2.73778
2.74281
2.74781
2.75278
2.7577
2.76254
2.7673
2.77196
2.77652
2.78096
2.78526
2.78944
2.79346
2.79734
2.80107
2.80464
2.80805
2.8113
2.81439
2.81731
2.82008
2.82269
2.82514
2.82744
2.82958
2.83158
2.83343
2.83513
2.83669
2.8381
2.83938
2.84053
2.84154
2.84242
2.84317
2.84379
2.84429
2.84466
2.84491
2.84505
2.84507
2.84498
2.84477
2.84446
2.84404
2.84353
2.84291
2.8422
2.8414
2.84051
2.83953
2.83847
2.83732
2.8361
2.8348
2.83343
2.83199
2.83047
2.82889
2.82724
2.82552
2.82374
2.8219
2.81999
2.81802
2.81599
2.81391
2.81177
2.80958
2.80734
2.80504
2.80271
2.80033
2.79791
2.79545
2.79296
2.79045
2.78791
2.78535
2.78277
2.78018
2.77759
2.77499
2.7724
2.76981
2.76723
2.76467
2.76212
2.75959
2.75709
2.75462
2.75217
2.74976
2.74737
2.74503
2.74271
2.74044
2.7382
2.736
2.73384
2.73171
2.72963
2.72758
2.72557
2.7236
2.72167
2.71977
2.71792
2.7161
2.71433
2.7126
2.71091
2.70927
2.70768
2.70614
2.70465
2.70322
2.70186
2.70055
2.69932
2.69816
2.69708
2.69608
2.69517
2.69435
2.69362
2.693
2.69249
2.69208
2.69179
2.69162
2.69157
2.69165
2.69186
2.6922
2.69267
2.69328
2.69402
2.69491
2.69593
2.69709
2.69838
2.69981
2.70138
2.70308
2.7049
2.70685
2.70891
2.7111
2.71339
2.71578
2.71827
2.72084
2.7235
2.72623
2.72902
2.73187
2.73476
2.73769
2.74064
2.7436
2.74657
2.74953
2.75247
2.75537
2.75824
2.76105
2.7638
2.76648
2.76907
2.77156
2.77396
2.77623
2.77839
2.78042
2.78231
2.78406
2.78566
2.7871
2.78839
2.78951
2.79047
2.79127
2.79189
2.79234
2.79262
2.79274
2.79268
2.79246
2.79208
2.79153
2.79082
2.78996
2.78894
2.78778
2.78648
2.78503
2.78345
2.78174
2.7799
2.77795
2.77588
2.7737
2.77141
2.76902
2.76654
2.76396
2.7613
2.75855
2.75572
2.75282
2.74985
2.74681
2.74371
2.74055
2.73734
2.73407
2.73077
2.72741
2.72403
2.72061
2.71717
2.71371
2.71023
2.70676
2.70328
2.69981
2.69635
2.69292
2.68952
2.68617
2.68286
2.6796
2.67641
2.67329
2.67024
2.66728
2.6644
2.66161
2.65892
2.65632
2.65381
2.6514
2.64908
2.64685
2.64471
2.64265
2.64068
2.63877
2.63694
2.63517
2.63347
2.63182
2.63023
2.62869
2.6272
2.62576
2.62436
2.62302
2.62173
2.6205
2.61933
2.61822
2.61719
2.61625
2.61539
2.61463
2.61398
2.61345
2.61305
2.61279
2.61268
2.61273
2.61295
2.61335
2.61393
2.61471
2.61569
2.61688
2.61828
2.61989
2.62172
2.62376
2.62601
2.62847
2.63114
2.63401
2.63708
2.64033
2.64376
2.64736
2.65112
2.65503
2.65907
2.66324
2.66752
2.6719
2.67637
2.68091
2.68551
2.69016
2.69485
2.69956
2.70429
2.70901
2.71373
2.71842
2.72309
2.72771
2.73228
2.7368
2.74125
2.74562
2.74991
2.75411
2.75821
2.76221
2.76609
2.76987
2.77352
2.77705
2.78045
2.78371
2.78685
2.78984
2.79271
2.79543
2.79802
2.80048
2.8028
2.80501
2.80708
2.80905
2.8109
2.81265
2.8143
2.81587
2.81735
2.81875
2.82008
2.82135
2.82255
2.8237
2.82478
2.82581
2.82678
2.82768
2.82852
2.82928
2.82997
2.83058
2.8311
2.83153
2.83186
2.83209
2.83222
2.83223
2.83214
2.83194
2.83163
2.83122
2.8307
2.83009
2.82939
2.82861
2.82774
2.82681
2.82582
2.82477
2.82368
2.82255
2.82139
2.8202
2.81899
2.81777
2.81653
2.81529
2.81404
2.81279
2.81153
2.81027
2.809
2.80772
2.80643
2.80512
2.80379
2.80244
2.80106
2.79964
2.79818
2.79669
2.79514
2.79355
2.7919
2.79019
2.78843
2.7866
2.78471
2.78277
2.78076
2.77869
2.77656
2.77438
2.77215
2.76987
2.76754
2.76517
2.76276
2.76032
2.75786
2.75536
2.75285
2.75032
2.74777
2.74522
2.74266
2.74009
2.73752
2.73495
2.73239
2.72982
2.72726
2.72471
2.72217
2.71964
2.71712
2.71461
2.71212
2.70964
2.70718
2.70474
2.70233
2.69993
2.69756
2.69521
2.69289
2.69061
2.68835
2.68612
2.68393
2.68177
2.67965
2.67755
2.6755
2.67348
2.67149
2.66954
2.66761
2.66572
2.66386
2.66202
2.66021
2.65842
2.65665
2.6549
2.65316
2.65144
2.64973
2.64802
2.64632
2.64462
2.64293
2.64123
2.63954
2.63784
2.63614
2.63443
2.63272
2.63101
2.62929
2.62758
2.62586
2.62415
2.62244
2.62073
2.61903
2.61735
2.61567
2.61401
2.61237
2.61075
2.60915
2.60758
2.60604
2.60453
2.60306
2.60162
2.60023
2.59887
2.59757
2.59632
2.59512
2.59399
2.59291
2.59191
2.59099
2.59015
2.5894
2.58875
2.5882
2.58778
2.58747
2.5873
2.58727
2.5874
2.58769
2.58816
2.5888
2.58964
2.59067
2.59191
2.59336
2.59502
2.5969
2.599
2.60131
2.60383
2.60657
2.60951
2.61264
2.61596
2.61945
2.62311
2.62692
2.63086
2.63493
2.63911
2.64337
2.64771
2.65211
2.65655
2.66102
2.6655
2.66998
2.67443
2.67886
2.68324
2.68756
2.69181
2.69597
2.70004
2.70401
2.70786
2.7116
2.7152
2.71866
2.72197
2.72513
2.72812
2.73095
2.73361
2.73608
2.73837
2.74047
2.74237
2.74407
2.74557
2.74686
2.74793
2.7488
2.74945
2.74988
2.75009
2.75008
2.74986
2.74942
2.74877
2.74791
2.74685
2.74559
2.74414
2.74251
2.7407
2.73873
2.7366
2.73433
2.73194
2.72943
2.72682
2.72412
2.72135
2.71853
2.71567
2.71278
2.70988
2.707
2.70413
2.7013
2.69853
2.69581
2.69318
2.69063
2.68818
2.68584
2.68361
2.68152
2.67955
2.67772
2.67603
2.67449
2.6731
2.67185
2.67077
2.66983
2.66904
2.66841
2.66794
2.66761
2.66743
2.6674
2.66751
2.66777
2.66817
2.66871
2.66939
2.6702
2.67114
2.67222
2.67342
2.67476
2.67621
2.6778
2.6795
2.68132
2.68327
2.68533
2.6875
2.68979
2.69218
2.69468
2.69729
2.69999
2.70279
2.70568
2.70866
2.71171
2.71484
2.71803
2.72128
2.72458
2.72793
2.73131
2.73471
2.73812
2.74154
2.74495
2.74835
2.75171
2.75504
2.75832
2.76154
2.76468
2.76774
2.77071
2.77358
2.77633
2.77896
2.78146
2.78382
2.78602
2.78807
2.78994
2.79165
2.79317
2.7945
2.79564
2.79658
2.79731
2.79783
2.79814
2.79822
2.79809
2.79773
2.79715
2.79635
2.79532
2.79407
2.7926
2.79092
2.78902
2.78693
2.78464
2.78216
2.77952
2.77671
2.77375
2.77066
2.76745
2.76414
2.76076
2.75731
2.75383
2.75032
2.74681
2.74333
2.73988
2.7365
2.73319
2.72999
2.72689
2.72392
2.7211
2.71843
2.71591
2.71357
2.7114
2.70941
2.70759
2.70595
2.70449
2.70319
2.70206
2.70108
2.70025
2.69956
2.699
2.69856
2.69822
2.69798
2.69783
2.69775
2.69773
2.69777
2.69786
2.69798
2.69813
2.6983
2.69848
2.69867
2.69887
2.69906
2.69924
2.69941
2.69957
2.69971
2.69983
2.69993
2.70001
2.70007
2.7001
2.7001
2.70008
2.70004
2.69996
2.69987
2.69975
2.6996
2.69943
2.69925
2.69904
2.69881
2.69856
2.69831
2.69803
2.69775
2.69746
2.69715
2.69685
2.69654
2.69622
2.69591
2.69559
2.69528
2.69497
2.69465
2.69434
2.69403
2.69372
2.69341
2.6931
2.69279
2.69248
2.69217
2.69185
2.69153
2.69121
2.69089
2.69057
2.69025
2.68994
2.68963
2.68934
2.68905
2.68879
2.68855
2.68835
2.68818
2.68805
2.68798
2.68797
2.68802
2.68816
2.68839
2.68871
2.68914
2.68968
2.69035
2.69116
2.69211
2.69321
2.69447
2.69589
2.69749
2.69926
2.70121
2.70333
2.70564
2.70813
2.71079
2.71363
2.71662
2.71978
2.72308
2.72652
2.73008
2.73375
2.73752
2.74136
2.74526
2.74919
2.75315
2.75711
2.76105
2.76495
2.76879
2.77255
2.77623
2.77979
2.78323
2.78653
2.78968
2.79267
2.79549
2.79814
2.8006
2.80289
2.80499
2.8069
2.80864
2.81019
2.81157
2.81278
2.81383
2.81473
2.81548
2.81609
2.81658
2.81695
2.81721
2.81737
2.81745
2.81745
2.81739
2.81727
2.8171
2.8169
2.81666
2.81641
2.81615
2.81588
2.81562
2.81537
2.81513
2.81491
2.81473
2.81457
2.81444
2.81435
2.8143
2.81429
2.81431
2.81437
2.81447
2.8146
2.81476
2.81494
2.81515
2.81537
2.8156
2.81583
2.81606
2.81627
2.81647
2.81664
2.81678
2.81687
2.81692
2.8169
2.81683
2.81668
2.81646
2.81615
2.81576
2.81528
2.81471
2.81404
2.81327
2.8124
2.81144
2.81039
2.80924
2.80801
2.8067
2.8053
2.80384
2.80232
2.80075
2.79914
2.79749
2.79582
2.79413
2.79245
2.79078
2.78913
2.78751
2.78594
2.78442
2.78297
2.78159
2.7803
2.7791
2.778
2.77701
2.77614
2.77539
2.77477
2.77429
2.77394
2.77374
2.77369
2.7738
2.77406
2.77448
2.77506
2.77581
2.77672
2.7778
2.77905
2.78047
2.78206
2.78382
2.78573
2.7878
2.79003
2.79241
2.79492
2.79756
2.80032
2.80319
2.80616
2.8092
2.81231
2.81548
2.81867
2.82188
2.82509
2.82828
2.83143
2.83452
2.83754
2.84047
2.8433
2.846
2.84857
2.85098
2.85323
2.85531
2.8572
2.8589
2.86041
2.86171
2.8628
2.86369
2.86436
2.86483
2.8651
2.86517
2.86505
2.86473
2.86424
2.86358
2.86276
2.86179
2.86068
2.85944
2.85808
2.85661
2.85504
2.85338
2.85164
2.84982
2.84794
2.846
2.84401
2.84197
2.83988
2.83776
2.8356
2.83341
2.83119
2.82894
2.82666
2.82436
2.82205
2.81971
2.81737
2.81501
2.81265
2.81029
2.80793
2.80557
2.80323
2.8009
2.79859
2.79631
2.79406
2.79185
2.78968
2.78755
2.78548
2.78345
2.78149
2.77959
2.77775
2.77598
2.77427
2.77264
2.77108
2.76959
2.76818
2.76685
2.76558
2.76439
2.76328
2.76223
2.76126
2.76036
2.75952
2.75875
2.75804
2.75739
2.7568
2.75627
2.75579
2.75536
2.75497
2.75463
2.75433
2.75407
2.75385
2.75365
2.75348
2.75334
2.75322
2.75312
2.75303
2.75294
2.75287
2.75279
2.75272
2.75263
2.75254
2.75243
2.7523
2.75216
2.75198
2.75178
2.75154
2.75127
2.75097
2.75063
2.75024
2.74982
2.74936
2.74885
2.7483
2.74771
2.74708
2.74642
2.74571
2.74497
2.74419
2.74338
2.74254
2.74167
2.74077
2.73985
2.7389
2.73793
2.73694
2.73593
2.7349
2.73386
2.7328
2.73173
2.73065
2.72956
2.72846
2.72735
2.72624
2.72513
2.72401
2.7229
2.72178
2.72067
2.71957
2.71847
2.71737
2.71629
2.71521
2.71414
2.71308
2.71202
2.71097
2.70993
2.70889
2.70785
2.7068
2.70576
2.7047
2.70364
2.70256
2.70147
2.70035
2.69922
2.69806
2.69687
2.69565
2.69441
2.69313
2.69183
2.69049
2.68913
2.68773
2.68632
2.68488
2.68343
2.68196
2.68048
2.679
2.67752
2.67604
2.67458
2.67313
2.67171
2.67032
2.66896
2.66764
2.66637
2.66514
2.66398
2.66287
2.66182
2.66085
2.65994
2.65911
2.65835
2.65767
2.65707
2.65656
2.65613
2.65578
2.65552
2.65534
2.65525
2.65525
2.65533
2.6555
2.65574
2.65608
2.65649
2.65698
2.65754
2.65818
2.65889
2.65966
2.66049
2.66138
2.66231
2.66329
2.6643
2.66534
2.66641
2.66748
2.66857
2.66965
2.67072
2.67177
2.67279
2.67378
2.67473
2.67563
2.67647
2.67725
2.67797
2.67861
2.67917
2.67965
2.68005
2.68036
2.68058
2.68071
2.68075
2.68069
2.68055
2.68031
2.67999
2.67958
2.67908
2.67849
2.67783
2.67708
2.67627
2.67537
2.67441
2.67338
2.67229
2.67115
2.66994
2.66868
2.66738
2.66603
2.66463
2.6632
2.66173
2.66023
2.6587
2.65715
2.65557
2.65397
2.65235
2.65072
2.64907
2.64742
2.64577
2.64411
2.64246
2.64081
2.63918
2.63756
2.63597
2.6344
2.63286
2.63136
2.62991
2.62851
2.62716
2.62588
2.62467
2.62353
2.62248
2.62152
2.62065
2.61987
2.61921
2.61865
2.6182
2.61787
2.61766
2.61757
2.6176
2.61776
2.61803
2.61843
2.61895
2.61959
2.62034
2.62121
2.62219
2.62328
2.62447
2.62575
2.62713
2.6286
2.63016
2.6318
2.63351
2.63529
2.63714
2.63904
2.64101
2.64303
2.6451
2.64721
2.64937
2.65156
2.65378
2.65604
2.65833
2.66064
2.66298
2.66533
2.66771
2.6701
2.67251
2.67493
2.67737
2.67981
2.68227
2.68474
2.68721
2.68969
2.69217
2.69466
2.69716
2.69965
2.70215
2.70465
2.70714
2.70963
2.71212
2.7146
2.71706
2.71951
2.72194
2.72435
2.72673
2.72908
2.73139
2.73366
2.73588
2.73804
2.74014
2.74217
2.74412
2.74598
2.74775
2.74943
2.75099
2.75245
2.75378
2.75499
2.75607
2.75701
2.75781
2.75846
2.75897
2.75933
2.75954
2.75961
2.75952
2.75929
2.75892
2.75841
2.75776
2.75699
2.7561
2.7551
2.75399
2.75278
2.75149
2.75012
2.74869
2.74719
2.74565
2.74407
2.74247
2.74084
2.73921
2.73758
2.73595
2.73434
2.73276
2.7312
2.72967
2.72819
2.72675
2.72535
2.72401
2.72272
2.72149
2.72032
2.7192
2.71815
2.71716
2.71624
2.71538
2.71459
2.71386
2.7132
2.71261
2.71209
2.71163
2.71125
2.71094
2.71069
2.71052
2.71041
2.71038
2.71041
2.7105
2.71066
2.71088
2.71116
2.7115
2.71189
2.71234
2.71282
2.71336
2.71393
2.71453
2.71517
2.71583
2.71651
2.71721
2.71792
2.71864
2.71937
2.7201
2.72083
2.72156
2.72229
2.72301
2.72373
2.72444
2.72514
2.72584
2.72654
2.72724
2.72794
2.72864
2.72934
2.73005
2.73077
2.73149
2.73221
2.73294
2.73367
2.7344
2.73511
2.73582
2.7365
2.73716
2.73778
2.73836
2.73888
2.73934
2.73972
2.74001
2.74021
2.7403
2.74028
2.74013
2.73984
2.73941
2.73883
2.73809
2.73719
2.73612
2.73488
2.73346
2.73187
2.73009
2.72813
2.726
2.72369
2.7212
2.71855
2.71573
2.71276
2.70964
2.70638
2.70298
2.69947
2.69585
2.69214
2.68834
2.68448
2.68057
2.67662
2.67265
2.66867
2.6647
2.66076
2.65685
2.65299
2.6492
2.64549
2.64186
2.63833
2.63491
2.6316
2.62842
2.62535
2.62243
2.61963
2.61698
2.61446
2.61209
2.60986
2.60777
2.60583
2.60403
2.60238
2.60088
2.59952
2.5983
2.59724
2.59631
2.59554
2.59491
2.59443
2.5941
2.59391
2.59386
2.59396
2.5942
2.59457
2.59508
2.59572
2.59648
2.59736
2.59836
2.59946
2.60066
2.60196
2.60334
2.6048
2.60632
2.60791
2.60954
2.61122
2.61293
2.61466
2.6164
2.61815
2.61989
2.62163
2.62334
2.62502
2.62666
2.62826
2.62981
2.6313
2.63272
2.63407
2.63534
2.63652
2.63762
2.63861
2.6395
2.64029
2.64095
2.6415
2.64193
2.64222
2.64238
2.6424
2.64228
2.64202
2.6416
2.64103
2.6403
2.63942
2.63838
2.63717
2.63581
2.6343
2.63263
2.6308
2.62884
2.62673
2.62448
2.62212
2.61963
2.61705
2.61437
2.61162
2.6088
2.60593
2.60304
2.60013
2.59723
2.59436
2.59153
2.58878
2.58611
2.58355
2.58112
2.57884
2.57673
2.5748
2.57309
2.5716
2.57035
2.56935
2.56862
2.56816
2.56798
2.5681
2.56851
2.56921
2.5702
2.57147
2.57303
2.57486
2.57694
2.57927
2.58182
2.58459
2.58754
2.59065
2.59392
2.5973
2.60079
2.60434
2.60796
2.6116
2.61525
2.61889
2.6225
2.62606
2.62956
2.63297
2.6363
2.63951
2.64262
2.6456
2.64844
2.65115
2.65372
2.65615
2.65843
2.66057
2.66255
2.6644
2.6661
2.66766
2.66908
2.67038
2.67155
2.6726
2.67353
2.67436
2.67509
2.67572
2.67627
2.67675
2.67715
2.67749
2.67778
2.67802
2.67822
2.67839
2.67854
2.67868
2.6788
2.67893
2.67906
2.6792
2.67937
2.67956
2.67977
2.68003
2.68033
2.68068
2.68107
2.68153
2.68204
2.68262
2.68327
2.68399
2.68478
2.68565
2.6866
2.68763
2.68874
2.68994
2.69122
2.69259
2.69404
2.69558
2.6972
2.69891
2.7007
2.70258
2.70453
2.70656
2.70866
2.71082
2.71306
2.71535
2.7177
2.7201
2.72254
2.72502
2.72753
2.73006
2.7326
2.73515
2.73769
2.74022
2.74272
2.7452
2.74763
2.75001
2.75232
2.75457
2.75673
2.7588
2.76078
2.76264
2.76439
2.76602
2.76751
2.76887
2.77009
2.77115
2.77207
2.77282
2.77342
2.77386
2.77414
2.77425
2.77421
2.774
2.77364
2.77312
2.77245
2.77163
2.77068
2.76958
2.76836
2.76702
2.76556
2.76399
2.76232
2.76057
2.75873
2.75683
2.75487
2.75285
2.7508
2.74872
2.74663
2.74452
2.74243
2.74035
2.73829
2.73627
2.7343
2.73238
2.73052
2.72873
2.72702
2.7254
2.72386
2.72241
2.72106
2.7198
2.71864
2.71758
2.71661
2.71573
2.71494
2.71423
2.7136
2.71304
2.71254
2.71208
2.71168
2.7113
2.71095
2.7106
2.71026
2.7099
2.70952
2.7091
2.70864
2.70812
2.70754
2.70688
2.70614
2.70531
2.70438
2.70335
2.70222
2.70097
2.69961
2.69814
2.69656
2.69486
2.69306
2.69114
2.68912
2.68701
2.6848
2.6825
2.68012
2.67767
2.67516
2.67259
2.66997
2.66731
2.66462
2.66191
2.65918
2.65646
2.65373
2.65102
2.64834
2.64568
2.64306
2.64049
2.63797
2.6355
2.6331
2.63077
2.62851
2.62634
2.62424
2.62223
2.62031
2.61849
2.61677
2.61514
2.61362
2.6122
2.6109
2.60971
2.60863
2.60767
2.60683
2.60611
2.60553
2.60507
2.60474
2.60455
2.6045
2.60458
2.60481
2.60518
2.60569
2.60635
2.60714
2.60808
2.60916
2.61037
2.61172
2.61319
2.61479
2.61649
2.61831
2.62022
2.62221
2.62429
2.62642
2.62861
2.63084
2.6331
2.63537
2.63764
2.63989
2.64212
2.64432
2.64646
2.64854
2.65055
2.65248
2.65432
2.65606
2.65769
2.65922
2.66063
2.66192
2.66309
2.66413
2.66504
2.66583
2.66648
2.66701
2.66741
2.66767
2.66781
2.66782
2.6677
2.66746
2.6671
2.66662
2.66602
2.66531
2.66449
2.66357
2.66255
2.66144
2.66024
2.65897
2.65763
2.65623
2.65479
2.65331
2.6518
2.65028
2.64875
2.64723
2.64573
2.64426
2.64284
2.64146
2.64015
2.63892
2.63777
2.63671
2.63575
2.63489
2.63415
2.63352
2.63301
2.63262
2.63236
2.63222
2.6322
2.6323
2.63253
2.63286
2.63331
2.63386
2.63451
2.63525
2.63607
2.63697
2.63793
2.63895
2.64002
2.64112
2.64224
2.64338
2.64452
2.64565
2.64676
2.64784
2.64887
2.64986
2.65078
2.65162
2.65239
2.65306
2.65364
2.6541
2.65445
2.65468
2.65479
2.65476
2.6546
2.6543
2.65386
2.65327
2.65254
2.65167
2.65066
2.6495
2.64821
2.64677
2.64521
2.64351
2.6417
2.63976
2.63772
2.63557
2.63333
2.631
2.6286
2.62614
2.62362
2.62107
2.6185
2.61592
2.61335
2.6108
2.6083
2.60586
2.6035
2.60124
2.5991
2.59709
2.59523
2.59354
2.59202
2.5907
2.58958
2.58866
2.58796
2.58746
2.58717
2.58709
2.58721
2.58751
2.58799
2.58863
2.58942
2.59033
2.59136
2.59247
2.59367
2.59492
2.5962
2.59752
2.59883
2.60014
2.60142
2.60267
2.60387
2.605
2.60607
2.60706
2.60795
2.60875
2.60945
2.61004
2.61051
2.61086
2.61108
2.61118
2.61114
2.61097
2.61067
2.61022
2.60965
2.60893
2.60809
2.60712
2.60603
2.60483
2.60352
2.60212
2.60065
2.5991
2.59752
2.59591
2.59429
2.59269
2.59114
2.58965
2.58826
2.58699
2.58587
2.58491
2.58415
2.58359
2.58326
2.58317
2.58332
2.58373
2.58438
2.58529
2.58645
2.58784
2.58945
2.59127
2.59327
2.59546
2.5978
2.60027
2.60286
2.60555
2.60833
2.61116
2.61404
2.61695
2.61988
2.62281
2.62573
2.62863
2.6315
2.63432
2.63709
2.6398
2.64244
2.64501
2.64749
2.64989
2.65221
2.65442
2.65654
2.65857
2.66049
2.66231
2.66402
2.66564
2.66715
2.66856
2.66988
2.6711
2.67222
2.67326
2.6742
2.67506
2.67583
2.67652
2.67714
2.67768
2.67815
2.67855
2.67888
2.67916
2.67937
2.67952
2.67962
2.67966
2.67966
2.6796
2.6795
2.67935
2.67916
2.67892
2.67864
2.67833
2.67797
2.67757
2.67713
2.67666
2.67615
2.6756
2.67501
2.67438
2.67371
2.673
2.67225
2.67146
2.67063
2.66975
2.66884
2.66787
2.66687
2.66582
2.66473
2.66359
2.66241
2.66118
2.65991
2.65861
2.65726
2.65588
2.65446
2.65301
2.65153
2.65002
2.64849
2.64695
2.64539
2.64382
2.64225
2.64067
2.6391
2.63755
2.636
2.63448
2.63299
2.63153
2.6301
2.62872
2.62739
2.62611
2.62489
2.62373
2.62264
2.62162
2.62068
2.61982
2.61904
2.61836
2.61776
2.61726
2.61686
2.61655
2.61635
2.61625
2.61626
2.61636
2.61658
2.6169
2.61733
2.61786
2.6185
2.61924
2.62008
2.62103
2.62208
2.62322
2.62446
2.62579
2.62722
2.62873
2.63034
2.63202
2.63379
2.63563
2.63755
2.63955
2.64161
2.64374
2.64593
2.64818
2.65049
2.65284
2.65525
2.65769
2.66017
2.66268
2.66521
2.66776
2.67032
2.67288
2.67543
2.67797
2.68049
2.68297
2.68542
2.68782
2.69016
2.69244
2.69464
2.69677
2.69881
2.70076
2.7026
2.70434
2.70597
2.70749
2.70889
2.71017
2.71133
2.71236
2.71326
2.71403
2.71468
2.7152
2.71559
2.71585
2.71598
2.71599
2.71587
2.71563
2.71526
2.71478
2.71418
2.71346
2.71264
2.7117
2.71065
2.7095
2.70824
2.70689
2.70545
2.70391
2.70229
2.70059
2.69881
2.69695
2.69503
2.69305
2.69101
2.68893
2.68679
2.68462
2.68242
2.6802
2.67795
2.67569
2.67343
2.67117
2.66892
2.66668
2.66447
2.66228
2.66013
2.65801
2.65594
2.65393
2.65197
2.65007
2.64824
2.64648
2.6448
2.6432
2.64169
2.64026
2.63893
2.63769
2.63656
2.63553
2.6346
2.63378
2.63308
2.63248
2.63201
2.63164
2.6314
2.63128
2.63127
2.63139
2.63163
2.63199
2.63247
2.63307
2.6338
2.63464
2.63561
2.63669
2.6379
2.63923
2.64067
2.64224
2.64392
2.64572
2.64763
2.64966
2.65181
2.65406
2.65643
2.65891
2.6615
2.6642
2.66699
2.66989
2.67288
2.67597
2.67914
2.68239
2.68571
2.68911
2.69256
2.69607
2.69961
2.7032
2.70681
2.71043
2.71407
2.7177
2.72131
2.7249
2.72846
2.73197
2.73542
2.73881
2.74212
2.74534
2.74847
2.75149
2.75439
2.75717
2.75981
2.7623
2.76464
2.76682
2.76882
2.77065
2.77229
2.77374
2.77499
2.77603
2.77686
2.77748
2.77789
2.77807
2.77803
2.77777
2.7773
2.7766
2.77568
2.77455
2.7732
2.77166
2.76991
2.76796
2.76583
2.76352
2.76104
2.75839
2.75559
2.75265
2.74957
2.74637
2.74306
2.73964
2.73613
2.73254
2.72888
2.72516
2.72139
2.71758
2.71374
2.70988
2.70601
2.70214
2.69827
2.69442
2.69059
2.68678
2.68302
2.67929
2.67561
2.67198
2.6684
2.66489
2.66143
2.65805
2.65474
2.6515
2.64834
2.64527
2.64228
2.63939
2.63659
2.6339
2.63131
2.62884
2.62649
2.62426
2.62216
2.6202
2.61838
2.61671
2.6152
2.61384
2.61264
2.6116
2.61073
2.61002
2.60947
2.60909
2.60887
2.6088
2.60887
2.60909
2.60943
2.6099
2.61048
2.61115
2.61192
2.61275
2.61365
2.61459
2.61556
2.61654
2.61753
2.61851
2.61946
2.62038
2.62125
2.62205
2.62278
2.62343
2.62399
2.62445
2.62481
2.62505
2.62517
2.62517
2.62505
2.62481
2.62443
2.62393
2.62331
2.62256
2.62169
2.6207
2.61959
2.61838
2.61706
2.61564
2.61413
2.61254
2.61087
2.60913
2.60732
2.60547
2.60357
2.60164
2.59968
2.5977
2.59572
2.59374
2.59177
2.58982
2.58791
2.58604
2.58422
2.58247
2.58078
2.57918
2.57766
2.57624
2.57493
2.57373
2.57264
2.57169
2.57086
2.57017
2.56963
2.56922
2.56896
2.56884
2.56888
2.56905
2.56937
2.56983
2.57042
2.57115
2.57199
2.57295
2.57402
2.57518
2.57644
2.57776
2.57916
2.5806
2.58209
2.5836
2.58513
2.58667
2.58819
2.5897
2.59117
2.5926
2.59398
2.59529
2.59654
2.59771
2.59879
2.59978
2.60068
2.60147
2.60216
2.60274
2.60321
2.60357
2.60381
2.60394
2.60395
2.60385
2.60364
2.60332
2.60289
2.60236
2.60172
2.60099
2.60016
2.59925
2.59826
2.5972
2.59607
2.59489
2.59367
2.59241
2.59113
2.58984
2.58855
2.58729
2.58605
2.58485
2.58371
2.58265
2.58167
2.58079
2.58002
2.57938
2.57887
2.57851
2.5783
2.57826
2.57839
2.57869
2.57917
2.57984
2.58069
2.58172
2.58294
2.58433
2.5859
2.58764
2.58954
2.59159
2.59379
2.59613
2.59859
2.60117
2.60385
2.60663
2.60948
2.61239
2.61536
2.61837
2.6214
2.62444
2.62748
2.6305
2.63349
2.63643
2.63932
2.64214
2.64487
2.64752
2.65006
2.65248
2.65479
2.65696
2.659
2.66089
2.66264
2.66424
2.66569
2.66699
2.66814
2.66914
2.66999
2.67071
2.67129
2.67174
2.67207
2.67229
2.67241
2.67243
2.67237
2.67223
2.67202
2.67177
2.67146
2.67113
2.67076
2.67038
2.66999
2.66961
2.66922
2.66886
2.66851
2.66818
2.66789
2.66763
2.6674
2.66721
2.66707
2.66696
2.6669
2.66687
2.66689
2.66695
2.66704
2.66716
2.66732
2.66751
2.66772
2.66795
2.66819
2.66845
2.66871
2.66897
2.66922
2.66946
2.66968
2.66988
2.67004
2.67017
2.67025
2.67029
2.67028
2.67021
2.67007
2.66987
2.6696
2.66926
2.66884
2.66836
2.66779
2.66716
2.66644
2.66566
2.66481
2.6639
2.66292
2.66189
2.66081
2.65968
2.65851
2.65731
2.65608
2.65483
2.65358
2.65231
2.65105
2.64979
2.64855
2.64732
2.64612
2.64495
2.64381
2.6427
2.64163
2.6406
2.6396
2.63865
2.63773
2.63685
2.636
2.63519
2.6344
2.63364
2.6329
2.63218
2.63147
2.63076
2.63006
2.62935
2.62864
2.62791
2.62717
2.62641
2.62562
2.6248
2.62395
2.62307
2.62215
2.62119
2.62018
2.61914
2.61805
2.61692
2.61574
2.61452
2.61326
2.61195
2.61061
2.60923
2.60781
2.60635
2.60487
2.60336
2.60184
2.60029
2.59873
2.59717
2.59561
2.59406
2.59252
2.591
2.58951
2.58806
2.58665
2.58529
2.584
2.58278
2.58163
2.58057
2.5796
2.57873
2.57796
2.57731
2.57677
2.57635
2.57605
2.57587
2.57582
2.5759
2.5761
2.57642
2.57686
2.57742
2.57809
2.57886
2.57975
2.58073
2.5818
2.58296
2.5842
2.58553
2.58692
2.58839
2.58992
2.59152
2.59317
2.59489
2.59666
2.59849
2.60038
2.60232
2.60432
2.60638
2.6085
2.61068
2.61292
2.61522
2.61759
2.62001
2.6225
2.62505
2.62767
2.63034
2.63307
2.63586
2.6387
2.64159
2.64452
2.6475
2.65051
2.65355
2.65661
2.6597
2.66279
2.6659
2.669
2.6721
2.67518
2.67824
2.68128
2.68428
2.68724
2.69015
2.69301
2.69581
2.69854
2.7012
2.70377
2.70626
2.70866
2.71097
2.71317
2.71526
2.71725
2.71912
2.72087
2.7225
2.72401
2.7254
2.72666
2.72779
2.7288
2.72969
2.73046
2.7311
2.73164
2.73206
2.73237
2.73258
2.7327
2.73273
2.73268
2.73256
2.73237
2.73212
2.73182
2.73147
2.7311
2.7307
2.73028
2.72986
2.72943
2.72901
2.72861
2.72822
2.72786
2.72753
2.72724
2.72699
2.72679
2.72663
2.72652
2.72647
2.72647
2.72653
2.72665
2.72681
2.72704
2.72731
2.72764
2.72801
2.72844
2.7289
2.72941
2.72995
2.73053
2.73114
2.73177
2.73242
2.73308
2.73376
2.73444
2.73512
2.73579
2.73646
2.7371
2.73773
2.73832
2.73889
2.73941
2.73989
2.74032
2.74069
2.741
2.74124
2.7414
2.74148
2.74148
2.74139
2.74119
2.74089
2.74049
2.73997
2.73933
2.73857
2.73767
2.73665
2.73548
2.73418
2.73273
2.73114
2.72939
2.7275
2.72546
2.72327
2.72093
2.71844
2.7158
2.71303
2.71012
2.70707
2.7039
2.70061
2.6972
2.69369
2.69009
2.6864
2.68263
2.6788
2.67492
2.67099
2.66703
2.66306
2.65908
2.65511
2.65115
2.64723
2.64335
2.63954
2.63579
2.63212
2.62856
2.62509
2.62175
2.61854
2.61547
2.61255
2.60979
2.60721
2.6048
2.60258
2.60056
2.59874
2.59712
2.59571
2.59452
2.59353
2.59276
2.5922
2.59184
2.59168
2.59171
2.59193
2.59232
2.59288
2.59359
2.59443
2.5954
2.59648
2.59765
2.59889
2.6002
2.60156
2.60294
2.60434
2.60574
2.60712
2.60848
2.60979
2.61104
2.61223
2.61334
2.61436
2.61528
2.6161
2.61679
2.61737
2.61781
2.61812
2.61829
2.61832
2.61819
2.61792
2.6175
2.61692
2.61618
2.61529
2.61425
2.61306
2.61172
2.61024
2.60861
2.60685
2.60496
2.60294
2.60081
2.59857
2.59622
2.59378
2.59126
2.58866
2.586
2.58328
2.58052
2.57772
2.57491
2.57208
2.56925
2.56643
2.56363
2.56086
2.55814
2.55548
2.55288
2.55035
2.54792
2.54558
2.54336
2.54125
2.53928
2.53745
2.53577
2.53425
2.53292
2.53176
2.53081
2.53005
2.52952
2.52921
2.52913
2.52929
2.52969
2.53035
2.53127
2.53244
2.53388
2.53557
2.53753
2.53974
2.5422
2.54491
2.54786
2.55103
2.55442
2.55802
2.5618
2.56577
2.5699
2.57417
2.57857
2.58309
2.5877
2.59238
2.59712
2.60189
2.60669
2.61148
2.61625
2.62099
2.62567
2.63027
2.63478
2.63919
2.64347
2.64762
2.65162
2.65545
2.65912
2.6626
2.6659
2.669
2.67191
2.67462
2.67713
2.67944
2.68156
2.6835
2.68525
2.68683
2.68825
2.68952
2.69065
2.69165
2.69255
2.69335
2.69406
2.69472
2.69532
2.69589
2.69644
2.69698
2.69753
2.69811
2.69872
2.69937
2.70008
2.70086
2.7017
2.70263
2.70365
2.70476
2.70596
2.70727
2.70867
2.71018
2.7118
2.71351
2.71533
2.71725
2.71927
2.72138
2.72359
2.72588
2.72825
2.73069
2.73321
2.73578
2.73841
2.74108
2.74379
2.74652
2.74927
2.75203
2.75478
2.75752
2.76023
2.7629
2.76552
2.76808
2.77056
2.77295
2.77524
2.77742
2.77948
2.78141
2.78319
2.78482
2.78628
2.78756
2.78867
2.78958
2.79031
2.79083
2.79114
2.79125
2.79114
2.79083
2.7903
2.78957
2.78862
2.78747
2.78613
2.78459
2.78286
2.78096
2.77888
2.77665
2.77426
2.77174
2.76908
2.76631
2.76343
2.76045
2.75739
2.75426
2.75107
2.74782
2.74454
2.74123
2.73789
2.73454
2.73119
2.72785
2.72451
2.7212
2.71791
2.71466
2.71144
2.70827
2.70516
2.7021
2.69911
2.69618
2.69334
2.69058
2.68791
2.68534
2.68288
2.68052
2.67829
2.67619
2.67422
2.6724
2.67073
2.66921
2.66787
2.6667
2.66571
2.6649
2.6643
2.66389
2.66369
2.6637
2.66393
2.66437
2.66503
2.66592
2.66702
2.66834
2.66987
2.67161
2.67355
2.67568
2.678
2.68048
2.68313
2.68593
2.68885
2.6919
2.69504
2.69828
2.70158
2.70494
2.70833
2.71175
2.71518
2.71861
2.72203
2.72542
2.72877
2.73208
2.73534
2.73853
2.74166
2.74472
2.74771
2.75061
2.75344
2.75618
2.75884
2.76141
2.7639
2.76631
2.76863
2.77086
2.77302
2.77509
2.77708
2.779
2.78083
2.78258
2.78426
2.78585
2.78737
2.78882
2.79018
2.79146
2.79267
2.79379
2.79484
2.7958
2.79668
2.79747
2.79818
2.7988
2.79933
2.79978
2.80015
2.80042
2.80061
2.80072
2.80075
2.8007
2.80057
2.80037
2.80011
2.79978
2.79939
2.79895
2.79846
2.79793
2.79736
2.79677
2.79616
2.79552
2.79488
2.79424
2.79359
2.79295
2.79232
2.7917
2.7911
2.79052
2.78996
2.78942
2.7889
2.7884
2.78792
2.78745
2.787
2.78656
2.78613
2.78569
2.78526
2.78481
2.78436
2.78388
2.78339
2.78287
2.78232
2.78175
2.78113
2.78049
2.77981
2.77909
2.77835
2.77758
2.77678
2.77596
2.77513
2.77429
2.77346
2.77263
2.77182
2.77104
2.77029
2.76958
2.76892
2.76832
2.76778
2.76731
2.7669
2.76658
2.76633
2.76615
2.76605
2.76602
2.76605
2.76615
2.76631
2.76652
2.76677
2.76705
2.76736
2.7677
2.76804
2.76838
2.76872
2.76905
2.76935
2.76962
2.76986
2.77005
2.7702
2.77028
2.77031
2.77026
2.77014
2.76994
2.76966
2.76928
2.76882
2.76825
2.76757
2.76679
2.7659
2.76489
2.76376
2.76251
2.76113
2.75962
2.75798
2.75621
2.75431
2.75227
2.75009
2.74778
2.74533
2.74276
2.74005
2.73722
2.73427
2.7312
2.72802
2.72473
2.72135
2.71787
2.71432
2.7107
2.70701
2.70328
2.69951
2.69571
2.6919
2.6881
2.6843
2.68054
2.67681
2.67314
2.66954
2.66603
2.66262
2.65931
2.65614
2.6531
2.65022
2.6475
2.64495
2.64259
2.64043
2.63847
2.63672
2.63519
2.63389
2.63282
2.63197
2.63136
2.63098
2.63083
2.63091
2.63121
2.63174
2.63247
2.6334
2.63453
2.63585
2.63733
2.63898
2.64078
2.64271
2.64476
2.64692
2.64918
2.65152
2.65394
2.65641
2.65893
2.66149
2.66408
2.66669
2.66931
2.67194
2.67457
2.67719
2.67981
2.68241
2.685
2.68757
2.69012
2.69264
2.69515
2.69763
2.70008
2.70251
2.70491
2.70727
2.7096
2.71189
2.71414
2.71635
2.71851
2.72062
2.72268
2.72467
2.7266
2.72846
2.73024
2.73195
2.73357
2.73509
2.73653
2.73785
2.73907
2.74018
2.74116
2.74202
2.74275
2.74333
2.74378
2.74407
2.7442
2.74417
2.74397
2.74359
2.74303
2.74229
2.74136
2.74023
2.7389
2.73736
2.73562
2.73368
2.73152
2.72915
2.72657
2.72378
2.72079
2.71758
2.71418
2.71058
2.70679
2.70281
2.69866
2.69434
2.68986
2.68523
2.68047
2.67558
2.67058
2.66548
2.6603
2.65505
2.64975
2.64441
2.63904
2.63367
2.62831
2.62298
2.61769
2.61246
2.60731
2.60225
2.5973
2.59248
2.58779
2.58326
2.5789
2.57471
2.57072
2.56693
2.56336
2.56002
2.5569
2.55403
2.55141
2.54903
2.54691
2.54506
2.54346
2.54212
2.54104
2.54022
2.53966
2.53934
2.53927
2.53943
2.53983
2.54044
2.54127
2.5423
2.54352
2.54493
2.5465
2.54823
2.5501
2.55211
2.55424
2.55648
2.55881
2.56123
2.56372
2.56627
2.56887
2.57151
2.57417
2.57685
2.57953
2.58221
2.58487
2.58751
2.59012
2.59269
2.59521
2.59767
2.60007
2.60241
2.60467
2.60686
2.60896
2.61099
2.61292
2.61477
2.61653
2.61821
2.61979
2.62128
2.62269
2.62402
2.62525
2.62641
2.62749
2.6285
2.62943
2.63029
2.63108
2.63181
2.63248
2.6331
2.63366
2.63416
2.63462
2.63504
2.63541
2.63574
2.63604
2.63629
2.63652
2.6367
2.63686
2.63699
2.63709
2.63716
2.6372
2.63722
2.63721
2.63717
2.6371
2.637
2.63688
2.63672
2.63654
2.63633
2.63608
2.63581
2.63551
2.63517
2.63481
2.63441
2.63399
2.63353
2.63306
2.63256
2.63203
2.63149
2.63094
2.63037
2.62979
2.62921
2.62864
2.62807
2.62751
2.62697
2.62645
2.62597
2.62552
2.62511
2.62475
2.62444
2.62419
2.624
2.62388
2.62383
2.62385
2.62396
2.62415
2.62442
2.62477
2.62521
2.62573
2.62634
2.62703
2.6278
2.62865
2.62957
2.63056
2.63162
2.63274
2.63391
2.63514
2.6364
2.63771
2.63904
2.6404
2.64178
2.64317
2.64456
2.64595
2.64733
2.6487
2.65004
2.65135
2.65263
2.65387
2.65506
2.65621
2.6573
2.65833
2.65931
2.66022
2.66107
2.66185
2.66257
2.66322
2.66381
2.66433
2.66479
2.6652
2.66555
2.66584
2.66609
2.6663
2.66646
2.6666
2.6667
2.66677
2.66683
2.66686
2.66689
2.66691
2.66692
2.66693
2.66695
2.66696
2.66698
2.66701
2.66703
2.66707
2.6671
2.66714
2.66717
2.6672
2.66722
2.66722
2.6672
2.66716
2.66708
2.66696
2.6668
2.66658
2.66629
2.66594
2.66551
2.665
2.66439
2.66369
2.66288
2.66196
2.66092
2.65977
2.65849
2.6571
2.65557
2.65392
2.65215
2.65026
2.64825
2.64613
2.64391
2.64159
2.63917
2.63668
2.63412
2.6315
2.62883
2.62613
2.62341
2.62069
2.61798
2.61529
2.61264
2.61005
2.60752
2.60508
2.60273
2.60049
2.59838
2.5964
2.59457
2.59289
2.59138
2.59004
2.58889
2.58793
2.58716
2.58659
2.58622
2.58605
2.58609
2.58634
2.58678
2.58743
2.58827
2.5893
2.59051
2.59191
2.59347
2.5952
2.59708
2.5991
2.60125
2.60352
2.6059
2.60837
2.61092
2.61355
2.61623
2.61895
2.62171
2.62448
2.62726
2.63003
2.63278
2.6355
2.63819
2.64082
2.64339
2.6459
2.64833
2.65068
2.65294
2.65511
2.65719
2.65916
2.66104
2.66281
2.66448
2.66606
2.66753
2.66892
2.67022
2.67144
2.67258
2.67366
2.67469
2.67567
2.67661
2.67752
2.67843
2.67933
2.68025
2.68118
2.68216
2.68318
2.68426
2.68542
2.68666
2.68799
2.68943
2.69099
2.69266
2.69446
2.69639
2.69847
2.70068
2.70303
2.70552
2.70816
2.71093
2.71383
2.71685
2.71999
2.72324
2.72658
2.73
2.7335
2.73704
2.74063
2.74423
2.74784
2.75144
2.755
2.75851
2.76195
2.7653
2.76853
2.77165
2.77461
2.77741
2.78004
2.78246
2.78468
2.78666
2.78841
2.78991
2.79115
2.79211
2.79279
2.79319
2.79329
2.7931
2.7926
2.7918
2.7907
2.7893
2.7876
2.7856
2.78332
2.78075
2.77791
2.7748
2.77143
2.76782
2.76398
2.75992
2.75566
2.75121
2.74659
2.74182
2.73691
2.73188
2.72675
2.72154
2.71627
2.71096
2.70561
2.70026
2.69493
2.68962
2.68435
2.67914
2.67401
2.66897
2.66403
2.6592
2.6545
2.64992
2.64549
2.64121
2.63707
2.6331
2.62928
2.62562
2.62212
2.61878
2.6156
2.61258
2.60972
2.607
2.60444
2.60202
2.59974
2.5976
2.5956
2.59373
2.59198
2.59036
2.58886
2.58749
2.58623
2.58508
2.58405
2.58313
2.58233
2.58163
2.58104
2.58056
2.58018
2.57991
2.57974
2.57967
2.57969
2.57981
2.58003
2.58033
2.58071
2.58118
2.58172
2.58233
2.58301
2.58375
2.58454
2.58539
2.58627
2.5872
2.58815
2.58914
2.59015
2.59117
2.5922
2.59325
2.5943
2.59534
2.59639
2.59743
2.59846
2.59948
2.60049
2.60149
2.60248
2.60346
2.60443
2.60539
2.60635
2.6073
2.60824
2.60919
2.61014
2.61109
2.61206
2.61303
2.61402
2.61503
2.61605
2.6171
2.61817
2.61927
2.62039
2.62155
2.62273
2.62394
2.62518
2.62644
2.62774
2.62906
2.6304
2.63176
2.63314
2.63454
2.63594
2.63736
2.63878
2.64019
2.64161
2.64301
2.6444
2.64577
2.64712
2.64844
2.64973
2.65099
2.6522
2.65338
2.65451
2.65559
2.65662
2.6576
2.65853
2.6594
2.66022
2.66098
2.66168
2.66234
2.66293
2.66348
2.66397
2.66442
2.66482
2.66518
2.66549
2.66577
2.66602
2.66624
2.66643
2.6666
2.66675
2.66689
2.66701
2.66712
2.66723
2.66734
2.66745
2.66756
2.66768
2.6678
2.66793
2.66807
2.66822
2.66838
2.66855
2.66873
2.66891
2.6691
2.66929
2.66949
2.66968
2.66987
2.67005
2.67021
2.67036
2.67048
2.67058
2.67064
2.67066
2.67064
2.67057
2.67044
2.67024
2.66998
2.66965
2.66923
2.66873
2.66813
2.66744
2.66665
2.66575
2.66474
2.66361
2.66238
2.66102
2.65954
2.65794
2.65622
2.65437
2.65241
2.65032
2.64813
2.64581
2.6434
2.64087
2.63825
2.63554
2.63275
2.62988
2.62694
2.62394
2.62089
2.6178
2.61467
2.61151
2.60834
2.60516
2.60198
2.59881
2.59565
2.59251
2.58939
2.5863
2.58325
2.58023
2.57725
2.57431
2.57141
2.56855
2.56574
2.56296
2.56023
2.55753
2.55487
2.55224
2.54965
2.54709
2.54456
2.54205
2.53958
2.53713
2.5347
2.5323
2.52993
2.52758
2.52526
2.52297
2.52071
2.51849
2.51631
2.51417
2.51207
2.51003
2.50805
2.50613
2.50429
2.50252
2.50084
2.49925
2.49775
2.49637
2.49509
2.49394
2.49291
2.49202
2.49127
2.49066
2.4902
2.48989
2.48975
2.48976
2.48994
2.49028
2.49079
2.49147
2.49231
2.49332
2.49449
2.49581
2.4973
2.49894
2.50072
2.50265
2.50471
2.5069
2.50921
2.51164
2.51417
2.5168
2.51952
2.52231
2.52517
2.52808
2.53104
2.53402
2.53703
2.54004
2.54304
2.54603
2.54898
2.55189
2.55474
2.55753
2.56023
2.56284
2.56535
2.56775
2.57002
2.57217
2.57419
2.57606
2.57779
2.57936
2.58079
2.58206
2.58317
2.58414
2.58495
2.58561
2.58614
2.58652
2.58678
2.58691
2.58693
2.58685
2.58667
2.58641
2.58607
2.58568
2.58524
2.58477
2.58427
2.58376
2.58325
2.58275
2.58228
2.58184
2.58144
2.58109
2.5808
2.58057
2.58042
2.58033
2.58032
2.58039
2.58053
2.58074
2.58103
2.58139
2.58181
2.5823
2.58283
2.58342
2.58405
2.58471
2.5854
2.58611
2.58683
2.58756
2.5883
2.58903
2.58975
2.59046
2.59116
2.59184
2.5925
2.59315
2.59379
2.59441
2.59503
2.59564
2.59625
2.59688
2.59751
2.59817
2.59887
2.5996
2.60038
2.60121
2.60211
2.60308
2.60413
2.60526
2.60648
2.60781
2.60923
2.61075
2.61238
2.61412
2.61596
2.61791
2.61996
2.6221
2.62435
2.62668
2.62909
2.63159
2.63415
2.63678
2.63946
2.64218
2.64494
2.64773
2.65054
2.65336
2.65618
2.65899
2.66178
2.66454
2.66727
2.66995
2.67258
2.67514
2.67764
2.68005
2.68238
2.68461
2.68674
2.68875
2.69064
2.69241
2.69404
2.69553
2.69686
2.69804
2.69906
2.6999
2.70056
2.70104
2.70132
2.70141
2.70129
2.70097
2.70043
2.69968
2.6987
2.6975
2.69608
2.69443
2.69256
2.69046
2.68814
2.6856
2.68284
2.67987
2.6767
2.67333
2.66976
2.66601
2.66209
2.65801
2.65379
2.64942
2.64493
2.64033
2.63564
2.63087
2.62604
2.62116
2.61625
2.61132
2.6064
2.6015
2.59663
2.59182
2.58707
2.58241
2.57785
2.5734
2.56908
2.56489
2.56086
2.55699
2.55329
2.54977
2.54644
2.5433
2.54036
2.53762
2.53508
2.53276
2.53063
2.52871
2.527
2.52548
2.52415
2.52301
2.52205
2.52127
2.52065
2.52018
2.51986
2.51967
2.51961
2.51967
2.51982
2.52007
2.5204
2.52081
2.52127
2.52179
2.52234
2.52294
2.52356
2.52419
2.52484
2.5255
2.52616
2.52682
2.52747
2.52812
2.52876
2.52939
2.53001
2.53062
2.53123
2.53184
2.53244
2.53305
2.53367
2.5343
2.53495
2.53562
2.53632
2.53705
2.53782
2.53863
2.53949
2.54039
2.54135
2.54236
2.54343
2.54455
2.54573
2.54697
2.54826
2.54961
2.551
2.55244
2.55393
2.55545
2.557
2.55859
2.56019
2.56181
2.56343
2.56506
2.56669
2.5683
2.5699
2.57148
2.57303
2.57455
2.57602
2.57746
2.57884
2.58018
2.58146
2.58267
2.58383
2.58492
2.58594
2.58689
2.58777
2.58857
2.58931
2.58997
2.59056
2.59108
2.59153
2.59191
2.59222
2.59248
2.59267
2.5928
2.59288
2.59291
2.5929
2.59284
2.59273
2.5926
2.59242
2.59222
2.592
2.59174
2.59147
2.59118
2.59088
2.59057
2.59025
2.58993
2.5896
2.58928
2.58896
2.58865
2.58836
2.58807
2.58781
2.58758
2.58737
2.5872
2.58707
2.58698
2.58694
2.58696
2.58704
2.58719
2.58741
2.58772
2.5881
2.58859
2.58916
2.58984
2.59063
2.59153
2.59254
2.59366
2.59491
2.59627
2.59776
2.59936
2.60107
2.6029
2.60483
2.60686
2.60898
2.61119
2.61347
2.61581
2.61821
2.62064
2.62311
2.6256
2.62808
2.63056
2.63302
2.63545
2.63783
2.64016
2.64244
2.64465
2.64678
2.64885
2.65084
2.65276
2.65461
2.6564
2.65813
2.65982
2.66148
2.66311
2.66473
2.66635
2.66798
2.66963
2.67131
2.67303
2.67478
2.67657
2.6784
2.68025
2.68212
2.68399
2.68586
2.68771
2.68951
2.69126
2.69292
2.69449
2.69595
2.69728
2.69847
2.6995
2.70037
2.70106
2.70157
2.70189
2.70202
2.70196
2.70171
2.70128
2.70066
2.69986
2.69889
2.69775
2.69646
2.69502
2.69343
2.69172
2.68988
2.68794
2.68589
2.68375
2.68152
2.67923
2.67688
2.67447
2.67203
2.66955
2.66705
2.66453
2.662
2.65948
2.65697
2.65447
2.65199
2.64954
2.64713
2.64475
2.64241
2.64012
2.63787
2.63567
2.63353
2.63143
2.62939
2.62741
2.62547
2.62358
2.62175
2.61996
2.61822
2.61651
2.61485
2.61322
2.61163
2.61007
2.60853
2.60702
2.60552
2.60405
2.60259
2.60114
2.5997
2.59827
2.59685
2.59544
2.59403
2.59263
2.59123
2.58985
2.58847
2.5871
2.58574
2.58439
2.58306
2.58175
2.58045
2.57918
2.57794
2.57673
2.57554
2.5744
2.57329
2.57222
2.5712
2.57022
2.5693
2.56844
2.56763
2.56688
2.56621
2.5656
2.56506
2.56461
2.56424
2.56395
2.56376
2.56366
2.56367
2.56377
2.56399
2.56432
2.56476
2.56532
2.56601
2.56681
2.56774
2.5688
2.56998
2.57129
2.57272
2.57426
2.57592
2.5777
2.57957
2.58154
2.58361
2.58575
2.58797
2.59024
2.59258
2.59495
2.59735
2.59977
2.6022
2.60463
2.60703
2.60941
2.61175
2.61404
2.61626
2.61841
2.62048
2.62244
2.6243
2.62604
2.62766
2.62914
2.63048
2.63166
2.63269
2.63355
2.63424
2.63476
2.63509
2.63524
2.6352
2.63497
2.63456
2.63395
2.63316
2.63217
2.63101
2.62966
2.62813
2.62644
2.62458
2.62256
2.6204
2.61809
2.61565
2.61309
2.61041
2.60763
2.60477
2.60182
2.5988
2.59573
2.59261
2.58946
2.58629
2.5831
2.57991
2.57673
2.57357
2.57044
2.56734
2.56429
2.56128
2.55834
2.55545
2.55263
2.54988
2.54721
2.54461
2.54208
2.53964
2.53727
2.53498
2.53276
2.53062
2.52855
2.52655
2.52461
2.52274
2.52092
2.51916
2.51745
2.51578
2.51416
2.51258
2.51103
2.50952
2.50803
2.50658
2.50515
2.50375
2.50237
2.50102
2.49969
2.49839
2.49711
2.49587
2.49466
2.49348
2.49235
2.49126
2.49022
2.48923
2.4883
2.48743
2.48664
2.48592
2.48528
2.48472
2.48426
2.48389
2.48361
2.48345
2.48338
2.48343
2.48359
2.48386
2.48426
2.48477
2.48539
2.48614
2.48701
2.488
2.4891
2.49033
2.49167
2.49313
2.4947
2.49638
2.49817
2.50006
2.50206
2.50416
2.50634
2.50862
2.51099
2.51343
2.51595
2.51854
2.5212
2.52391
2.52667
2.52948
2.53232
2.5352
2.5381
2.54101
2.54394
2.54686
2.54979
2.5527
2.55559
2.55846
2.5613
2.5641
2.56685
2.56956
2.57222
2.57481
2.57735
2.57981
2.58221
2.58453
2.58678
2.58895
2.59104
2.59304
2.59496
2.59679
2.59854
2.60019
2.60176
2.60325
2.60464
2.60594
2.60716
2.60829
2.60933
2.61029
2.61117
2.61196
2.61267
2.6133
2.61386
2.61434
2.61474
2.61508
2.61535
2.61555
2.61569
2.61577
2.6158
2.61577
2.61569
2.61556
2.6154
2.61519
2.61495
2.61467
2.61437
2.61405
2.6137
2.61334
2.61297
2.61258
2.61219
2.61179
2.6114
2.61101
2.61062
2.61024
2.60987
2.60951
2.60917
2.60883
2.60852
2.60821
2.60793
2.60765
2.6074
2.60716
2.60693
2.60671
2.6065
2.6063
2.60611
2.60592
2.60573
2.60554
2.60534
2.60514
2.60491
2.60467
2.60441
2.60412
2.6038
2.60344
2.60305
2.6026
2.60211
2.60156
2.60095
2.60028
2.59954
2.59874
2.59786
2.5969
2.59586
2.59475
2.59355
2.59227
2.59091
2.58947
2.58796
2.58636
2.58469
2.58295
2.58115
2.57928
2.57736
2.57539
2.57338
2.57134
2.56926
2.56717
2.56507
2.56297
2.56088
2.55881
2.55677
2.55477
2.55282
2.55093
2.54911
2.54736
2.54571
2.54416
2.54271
2.54138
2.54018
2.53912
2.53819
2.53742
2.53681
2.53636
2.53609
2.53599
2.53609
2.53638
2.53687
2.53757
2.53847
2.53959
2.54093
2.54248
2.54425
2.54623
2.54843
2.55085
2.55346
2.55628
2.55929
2.56247
2.56583
2.56933
2.57298
2.57675
2.58063
2.5846
2.58864
2.59274
2.59687
2.60101
2.60516
2.60928
2.61336
2.61739
2.62134
2.62521
2.62898
2.63264
2.63617
2.63957
2.64282
2.64593
2.64887
2.65165
2.65427
2.65671
2.65897
2.66106
2.66298
2.66471
2.66626
2.66763
2.66882
2.66982
2.67065
2.67129
2.67174
2.67201
2.6721
2.672
2.67171
2.67122
2.67055
2.66969
2.66863
2.66737
2.66593
2.66429
2.66245
2.66043
2.65822
2.65583
2.65326
2.65051
2.6476
2.64453
2.64131
2.63794
2.63445
2.63084
2.62713
2.62331
2.61942
2.61546
2.61144
2.60738
2.6033
2.59919
2.59509
2.591
2.58693
2.5829
2.57892
2.57499
2.57112
2.56734
2.56363
2.56002
2.5565
2.55309
2.54978
2.54658
2.5435
2.54053
2.53769
2.53497
2.53237
2.5299
2.52757
2.52536
2.5233
2.52137
2.51958
2.51794
2.51646
2.51512
2.51395
2.51293
2.51209
2.51141
2.51091
2.51059
2.51045
2.51049
2.51071
2.51112
2.5117
2.51247
2.51342
2.51453
2.51582
2.51726
2.51886
2.5206
2.52247
2.52447
2.52658
2.52879
2.53108
2.53345
2.53588
2.53836
2.54086
2.54339
2.54593
2.54845
2.55097
2.55345
2.55589
2.55828
2.56062
2.56289
2.56508
2.5672
2.56923
2.57117
2.57302
2.57477
2.57643
2.57799
2.57945
2.58082
2.58209
2.58327
2.58436
2.58536
2.58627
2.5871
2.58786
2.58853
2.58913
2.58967
2.59013
2.59053
2.59086
2.59113
2.59134
2.5915
2.59159
2.59163
2.59161
2.59154
2.59141
2.59122
2.59097
2.59067
2.59031
2.5899
2.58942
2.58888
2.58829
2.58763
2.58692
2.58614
2.5853
2.5844
2.58344
2.58241
2.58132
2.58017
2.57895
2.57766
2.57631
2.57489
2.5734
2.57184
2.57021
2.5685
2.56672
2.56486
2.56293
2.56091
2.55882
2.55664
2.55437
2.55203
2.54959
2.54708
2.54448
2.5418
2.53904
2.5362
2.53328
2.5303
2.52725
2.52413
2.52097
2.51775
2.51449
2.5112
2.50789
2.50455
2.50122
2.49788
2.49456
2.49126
2.48799
2.48477
2.4816
2.4785
2.47547
2.47253
2.46968
2.46693
2.4643
2.46179
2.45941
2.45717
2.45507
2.45312
2.45133
2.4497
2.44824
2.44694
2.44583
2.44488
2.44412
2.44355
2.44315
2.44295
2.44293
2.44309
2.44345
2.44399
2.44473
2.44565
2.44675
2.44804
2.44952
2.45118
2.45302
2.45503
2.45722
2.45959
2.46211
2.4648
2.46765
2.47064
2.47378
2.47705
2.48045
2.48397
2.48759
2.49132
2.49512
2.49901
2.50295
2.50694
2.51097
2.51503
2.51909
2.52315
2.5272
2.53121
2.53519
2.53911
2.54297
2.54675
2.55045
2.55406
2.55757
2.56097
2.56426
2.56744
2.5705
2.57344
2.57626
2.57896
2.58154
2.58401
2.58637
2.58862
2.59078
2.59284
2.59481
2.5967
2.59852
2.60028
2.60198
2.60363
2.60525
2.60683
2.60838
2.60993
2.61146
2.61298
2.61451
2.61605
2.61759
2.61916
2.62074
2.62234
2.62396
2.62561
2.62727
2.62896
2.63067
2.6324
2.63414
2.63589
2.63766
2.63943
2.64121
2.64298
2.64475
2.64651
2.64826
2.65
2.65172
2.65341
2.65509
2.65674
2.65837
2.65998
2.66156
2.66312
2.66466
2.66618
2.66768
2.66917
2.67064
2.67211
2.67358
2.67504
2.67651
2.67798
2.67947
2.68096
2.68247
2.68399
2.68554
2.68709
2.68867
2.69026
2.69186
2.69348
2.69511
2.69674
2.69837
2.7
2.70162
2.70323
2.70482
2.70639
2.70793
2.70944
2.71091
2.71234
2.71372
2.71504
2.71631
2.71751
2.71865
2.71971
2.7207
2.72161
2.72244
2.72318
2.72383
2.72438
2.72485
2.72521
2.72548
2.72565
2.72572
2.7257
2.72557
2.72536
2.72505
2.72465
2.72416
2.7236
2.72296
2.72225
2.72147
2.72063
2.71973
2.71879
2.7178
2.71677
2.71571
2.71462
2.71349
2.71235
2.71117
2.70998
2.70876
2.70753
2.70627
2.70498
2.70368
2.70234
2.70099
2.6996
2.69818
2.69672
2.69524
2.69371
2.69215
2.69056
2.68892
2.68725
2.68554
2.68379
2.68201
2.68019
2.67833
2.67645
2.67453
2.67259
2.67062
2.66863
2.66662
2.66459
2.66255
2.6605
2.65843
2.65635
2.65427
2.65218
2.65008
2.64797
2.64586
2.64375
2.64162
2.63949
2.63734
2.63517
2.63299
2.63079
2.62856
2.6263
