1.59475
1.59413
1.59326
1.59214
1.59077
1.58914
1.58726
1.58513
1.58275
1.58012
1.57723
1.5741
1.57071
1.56706
1.56317
1.55902
1.55462
1.54997
1.54506
1.53991
1.5345
1.52883
1.52292
1.51675
1.51033
1.50366
1.49673
1.48956
1.48213
1.47445
1.46653
1.45835
1.44993
1.44126
1.43234
1.42318
1.41377
1.40412
1.39423
1.38411
1.37375
1.36315
1.35233
1.34127
1.33
1.3185
1.30678
1.29485
1.28271
1.27037
1.25782
1.24509
1.23216
1.21905
1.20577
1.19231
1.1787
1.16493
1.15101
1.13696
1.12277
1.10847
1.09406
1.07954
1.06494
1.05026
1.03551
1.02071
1.00586
0.990982
0.976086
0.961185
0.946293
0.931423
0.916588
0.901804
0.887084
0.872443
0.857896
0.843456
0.829139
0.814959
0.800931
0.787069
0.773388
0.759901
0.746622
0.733565
0.720743
0.708169
0.695854
0.683812
0.672052
0.660587
0.649425
0.638577
0.628052
0.617857
0.608001
0.598489
0.589329
0.580525
0.572082
0.564003
0.556293
0.548952
0.541983
0.535385
0.529161
0.523308
0.517825
0.51271
0.507962
0.503575
0.499547
0.495874
0.492549
0.489569
0.486926
0.484615
0.482629
0.48096
0.479602
0.478547
0.477786
0.477312
0.477117
0.477191
0.477525
0.478112
0.478942
0.480006
0.481295
0.4828
0.484512
0.486421
0.48852
0.490798
0.493248
0.495859
0.498624
0.501534
0.50458
0.507753
0.511047
0.514452
0.51796
0.521565
0.525258
0.529031
0.532878
0.536791
0.540764
0.54479
0.548862
0.552973
0.557119
0.561292
0.565488
0.5697
0.573923
0.578151
0.582381
0.586607
0.590824
0.595028
0.599214
0.60338
0.60752
0.611631
0.615709
0.619752
0.623755
0.627716
0.631632
0.6355
0.639317
0.643082
0.646792
0.650444
0.654037
0.657569
0.661038
0.664443
0.667782
0.671053
0.674256
0.677389
0.680452
0.683443
0.686362
0.689208
0.69198
0.694678
0.697301
0.699849
0.702322
0.70472
0.707042
0.709288
0.711459
0.713555
0.715575
0.71752
0.719391
0.721186
0.722908
0.724556
0.72613
0.727632
0.729062
0.730419
0.731706
0.732923
0.734069
0.735147
0.736157
0.737099
0.737974
0.738783
0.739528
0.740209
0.740826
0.741381
0.741875
0.742308
0.742682
0.742998
0.743256
0.743458
0.743604
0.743697
0.743736
0.743723
0.743659
0.743546
0.743383
0.743173
0.742917
0.742615
0.742269
0.74188
0.741449
0.740978
0.740467
0.739918
0.739332
0.738711
0.738054
0.737365
0.736643
0.735891
0.735109
0.734299
0.733462
0.732599
0.731712
0.730803
0.729871
0.72892
0.72795
0.726962
0.725958
0.72494
0.723909
0.722866
0.721814
0.720752
0.719684
0.718611
0.717534
0.716454
0.715375
0.714296
0.713221
0.71215
0.711086
0.71003
0.708984
0.70795
0.706929
0.705924
0.704936
0.703968
0.703021
0.702096
0.701197
0.700324
0.69948
0.698666
0.697884
0.697137
0.696426
0.695752
0.695117
0.694524
0.693974
0.693468
0.693008
0.692596
0.692232
0.69192
0.691659
0.691451
0.691297
0.691199
0.691157
0.691173
0.691247
0.69138
0.691573
0.691827
0.692141
0.692516
0.692953
0.693451
0.694011
0.694633
0.695317
0.696062
0.696867
0.697734
0.69866
0.699645
0.70069
0.701791
0.70295
0.704164
0.705434
0.706756
0.708131
0.709557
0.711032
0.712556
0.714126
0.715741
0.7174
0.719101
0.720842
0.722622
0.724439
0.726291
0.728176
0.730093
0.73204
0.734015
0.736017
0.738043
0.740092
0.742162
0.744252
0.746359
0.748482
0.750619
0.752769
0.75493
0.757099
0.759276
0.761459
0.763646
0.765836
0.768026
0.770217
0.772405
0.774589
0.776768
0.778941
0.781106
0.783261
0.785406
0.787538
0.789656
0.79176
0.793848
0.795917
0.797968
0.8
0.802009
0.803997
0.805961
0.8079
0.809813
0.811699
0.813558
0.815387
0.817187
0.818955
0.820692
0.822395
0.824065
0.825701
0.827301
0.828865
0.830392
0.831881
0.833331
0.834743
0.836115
0.837446
0.838736
0.839985
0.841192
0.842356
0.843478
0.844556
0.84559
0.846579
0.847525
0.848425
0.84928
0.850091
0.850855
0.851575
0.852248
0.852876
0.853459
0.853995
0.854487
0.854933
0.855334
0.85569
0.856001
0.856268
0.856491
0.856671
0.856808
0.856902
0.856955
0.856967
0.856938
0.85687
0.856763
0.856618
0.856436
0.856219
0.855966
0.855679
0.85536
0.85501
0.854629
0.85422
0.853783
0.85332
0.852832
0.852321
0.851789
0.851237
0.850666
0.850079
0.849477
0.848861
0.848234
0.847597
0.846952
0.8463
0.845644
0.844986
0.844326
0.843667
0.843011
0.842359
0.841712
0.841073
0.840444
0.839825
0.839218
0.838626
0.838048
0.837487
0.836943
0.836419
0.835914
0.835431
0.83497
0.834531
0.834117
0.833726
0.833361
0.833021
0.832707
0.832418
0.832156
0.83192
0.831711
0.831528
0.83137
0.831239
0.831132
0.831051
0.830993
0.830959
0.830949
0.83096
0.830992
0.831046
0.831118
0.831209
0.831318
0.831443
0.831584
0.831738
0.831906
0.832086
0.832277
0.832478
0.832687
0.832904
0.833128
0.833357
0.83359
0.833827
0.834066
0.834306
0.834547
0.834788
0.835028
0.835265
0.8355
0.835732
0.83596
0.836184
0.836403
0.836616
0.836824
0.837025
0.837221
0.837409
0.837592
0.837767
0.837936
0.838098
0.838253
0.838402
0.838544
0.83868
0.838811
0.838935
0.839055
0.839169
0.839279
0.839386
0.839488
0.839588
0.839685
0.83978
0.839873
0.839966
0.840059
0.840152
0.840246
0.840341
0.840439
0.840539
0.840643
0.84075
0.840862
0.840978
0.841101
0.841228
0.841363
0.841504
0.841652
0.841808
0.841971
0.842143
0.842323
0.842511
0.842708
0.842914
0.843129
0.843352
0.843585
0.843827
0.844077
0.844336
0.844603
0.844879
0.845163
0.845455
0.845754
0.84606
0.846373
0.846693
0.847018
0.847349
0.847685
0.848026
0.84837
0.848718
0.849069
0.849423
0.849779
0.850135
0.850493
0.850851
0.851209
0.851566
0.851921
0.852275
0.852626
0.852975
0.85332
0.853661
0.853998
0.85433
0.854657
0.854978
0.855293
0.855602
0.855904
0.856199
0.856486
0.856766
0.857038
0.857302
0.857557
0.857804
0.858042
0.858271
0.85849
0.858701
0.858902
0.859094
0.859276
0.859448
0.859611
0.859764
0.859908
0.860042
0.860166
0.86028
0.860385
0.86048
0.860565
0.860641
0.860708
0.860764
0.860812
0.86085
0.860879
0.860898
0.860909
0.86091
0.860902
0.860885
0.860859
0.860825
0.860781
0.860728
0.860667
0.860596
0.860517
0.860429
0.860332
0.860226
0.860112
0.859988
0.859855
0.859714
0.859563
0.859404
0.859235
0.859057
0.85887
0.858674
0.858468
0.858253
0.858028
0.857794
0.85755
0.857296
0.857033
0.85676
0.856477
0.856184
0.855881
0.855568
0.855245
0.854912
0.85457
0.854217
0.853854
0.853482
0.8531
0.852708
0.852306
0.851895
0.851475
0.851046
0.850607
0.850161
0.849705
0.849241
0.84877
0.848291
0.847804
0.84731
0.84681
0.846303
0.845791
0.845273
0.84475
0.844222
0.843691
0.843155
0.842616
0.842075
0.841531
0.840986
0.84044
0.839892
0.839345
0.838798
0.838252
0.837707
0.837164
0.836623
0.836085
0.835551
0.83502
0.834494
0.833972
0.833455
0.832944
0.832438
0.831938
0.831445
0.830959
0.830479
0.830007
0.829542
0.829085
0.828635
0.828193
0.82776
0.827334
0.826916
0.826506
0.826103
0.825709
0.825323
0.824944
0.824573
0.82421
0.823853
0.823504
0.823162
0.822826
0.822497
0.822174
0.821857
0.821545
0.821239
0.820939
0.820643
0.820352
0.820066
0.819784
0.819506
0.819231
0.81896
0.818693
0.818428
0.818167
0.817908
0.817653
0.817399
0.817148
0.8169
0.816654
0.81641
0.816169
0.815929
0.815692
0.815458
0.815226
0.814997
0.81477
0.814546
0.814326
0.814108
0.813894
0.813684
0.813477
0.813275
0.813077
0.812883
0.812695
0.812512
0.812334
0.812162
0.811996
0.811837
0.811684
0.811538
0.811399
0.811267
0.811143
0.811026
0.810917
0.810816
0.810724
0.810639
0.810562
0.810493
0.810432
0.810379
0.810334
0.810296
0.810266
0.810242
0.810225
0.810214
0.81021
0.81021
0.810216
0.810226
0.81024
0.810257
0.810277
0.8103
0.810324
0.810349
0.810375
0.810401
0.810426
0.810449
0.810471
0.810491
0.810509
0.810523
0.810533
0.81054
0.810543
0.810541
0.810534
0.810523
0.810508
0.810487
0.810461
0.810431
0.810396
0.810357
0.810314
0.810267
0.810216
0.810162
0.810106
0.810048
0.809987
0.809926
0.809864
0.809803
0.809742
0.809682
0.809624
0.809569
0.809517
0.80947
0.809426
0.809388
0.809356
0.809331
0.809313
0.809302
0.8093
0.809306
0.809323
0.809349
0.809385
0.809432
0.809491
0.809561
0.809643
0.809737
0.809844
0.809964
0.810096
0.810242
0.810401
0.810573
0.810759
0.810958
0.81117
0.811396
0.811635
0.811887
0.812152
0.81243
0.81272
0.813022
0.813336
0.813662
0.813998
0.814346
0.814703
0.815071
0.815448
0.815833
0.816227
0.816629
0.817038
0.817454
0.817875
0.818302
0.818734
0.81917
0.81961
0.820052
0.820498
0.820945
0.821393
0.821841
0.82229
0.822739
0.823186
0.823632
0.824075
0.824517
0.824955
0.825389
0.82582
0.826247
0.826669
0.827087
0.827499
0.827906
0.828307
0.828703
0.829092
0.829476
0.829853
0.830224
0.830589
0.830947
0.831299
0.831645
0.831984
0.832318
0.832646
0.832968
0.833284
0.833595
0.8339
0.8342
0.834496
0.834787
0.835073
0.835355
0.835634
0.835908
0.836179
0.836447
0.836712
0.836974
0.837233
0.83749
0.837744
0.837996
0.838245
0.838493
0.838738
0.838981
0.839222
0.839461
0.839698
0.839932
0.840163
0.840392
0.840618
0.84084
0.841058
0.841273
0.841483
0.841688
0.841888
0.842082
0.84227
0.842451
0.842625
0.842791
0.842948
0.843097
0.843236
0.843365
0.843483
0.84359
0.843684
0.843767
0.843836
0.843892
0.843934
0.843962
0.843974
0.843971
0.843953
0.843918
0.843867
0.8438
0.843715
0.843614
0.843496
0.84336
0.843207
0.843037
0.84285
0.842646
0.842425
0.842188
0.841934
0.841664
0.841378
0.841077
0.840762
0.840432
0.840088
0.83973
0.83936
0.838978
0.838584
0.838179
0.837764
0.837339
0.836904
0.836462
0.836012
0.835554
0.83509
0.83462
0.834145
0.833666
0.833182
0.832694
0.832204
0.831711
0.831216
0.830719
0.830221
0.829722
0.829223
0.828723
0.828224
0.827724
0.827225
0.826727
0.82623
0.825733
0.825238
0.824743
0.82425
0.823758
0.823267
0.822777
0.822289
0.821802
0.821315
0.82083
0.820346
0.819864
0.819382
0.818901
0.818421
0.817943
0.817466
0.81699
0.816515
0.816042
0.81557
0.8151
0.814632
0.814166
0.813702
0.813241
0.812783
0.812327
0.811875
0.811427
0.810983
0.810543
0.810108
0.809678
0.809253
0.808834
0.80842
0.808013
0.807613
0.807219
0.806832
0.806452
0.806079
0.805714
0.805356
0.805005
0.804663
0.804327
0.803999
0.803678
0.803364
0.803057
0.802756
0.802462
0.802173
0.80189
0.801612
0.801339
0.80107
0.800805
0.800544
0.800285
0.800029
0.799775
0.799523
0.799272
0.799021
0.798772
0.798522
0.798272
0.798022
0.797771
0.797518
0.797265
0.797011
0.796755
0.796498
0.79624
0.795981
0.79572
0.795459
0.795197
0.794935
0.794673
0.794411
0.794149
0.793889
0.793631
0.793374
0.793121
0.79287
0.792624
0.792381
0.792144
0.791913
0.791688
0.791471
0.791261
0.791059
0.790867
0.790685
0.790513
0.790353
0.790204
0.790068
0.789945
0.789836
0.789741
0.789661
0.789597
0.789548
0.789516
0.789501
0.789502
0.789522
0.789559
0.789614
0.789687
0.789779
0.78989
0.790019
0.790168
0.790335
0.790521
0.790726
0.790949
0.791192
0.791452
0.791731
0.792028
0.792342
0.792674
0.793023
0.793389
0.793771
0.794169
0.794583
0.795012
0.795455
0.795912
0.796383
0.796868
0.797365
0.797874
0.798394
0.798926
0.799469
0.800021
0.800584
0.801155
0.801735
0.802324
0.80292
0.803524
0.804135
0.804753
0.805377
0.806007
0.806643
0.807284
0.80793
0.808581
0.809237
0.809897
0.810562
0.81123
0.811903
0.81258
0.81326
0.813945
0.814633
0.815324
0.81602
0.816719
0.817422
0.818128
0.818839
0.819553
0.820271
0.820994
0.821721
0.822451
0.823187
0.823926
0.824671
0.82542
0.826174
0.826933
0.827697
0.828466
0.829241
0.830021
0.830807
0.831598
0.832395
0.833198
0.834006
0.83482
0.835641
0.836467
0.837299
0.838137
0.838981
0.839831
0.840686
0.841547
0.842413
0.843285
0.844161
0.845043
0.845929
0.84682
0.847714
0.848612
0.849514
0.850418
0.851325
0.852234
0.853144
0.854055
0.854967
0.855879
0.85679
0.8577
0.858608
0.859513
0.860414
0.861312
0.862205
0.863092
0.863974
0.864848
0.865714
0.866572
0.867421
0.86826
0.869088
0.869904
0.870709
0.8715
0.872278
0.873042
0.873791
0.874524
0.875241
0.875941
0.876624
0.87729
0.877937
0.878565
0.879175
0.879765
0.880336
0.880886
0.881417
0.881927
0.882417
0.882886
0.883335
0.883763
0.884171
0.884558
0.884925
0.885272
0.885599
0.885907
0.886195
0.886465
0.886716
0.886949
0.887165
0.887363
0.887545
0.887711
0.887862
0.887998
0.888119
0.888227
0.888323
0.888406
0.888477
0.888537
0.888588
0.888628
0.88866
0.888683
0.888699
0.888707
0.888709
0.888705
0.888696
0.888681
0.888662
0.888639
0.888613
0.888583
0.888551
0.888516
0.888478
0.888439
0.888398
0.888355
0.888311
0.888265
0.888218
0.88817
0.888121
0.88807
0.888018
0.887965
0.887911
0.887855
0.887797
0.887738
0.887677
0.887614
0.887549
0.887482
0.887413
0.887342
0.887268
0.887191
0.887112
0.88703
0.886945
0.886857
0.886767
0.886673
0.886576
0.886476
0.886373
0.886268
0.886159
0.886047
0.885932
0.885814
0.885694
0.885571
0.885445
0.885317
0.885186
0.885053
0.884918
0.884781
0.884642
0.884502
0.88436
0.884216
0.884071
0.883925
0.883778
0.88363
0.883481
0.883332
0.883182
0.883032
0.882881
0.88273
0.882579
0.882427
0.882276
0.882125
0.881973
0.881822
0.88167
0.881519
0.881367
0.881215
0.881063
0.880911
0.880758
0.880605
0.880451
0.880297
0.880141
0.879985
0.879827
0.879667
0.879506
0.879342
0.879177
0.879008
0.878837
0.878663
0.878485
0.878303
0.878117
0.877927
0.877732
0.877531
0.877324
0.877112
0.876893
0.876666
0.876433
0.876191
0.875941
0.875683
0.875415
0.875137
0.874849
0.874551
0.874242
0.873921
0.873588
0.873243
0.872885
0.872514
0.87213
0.871731
0.871319
0.870891
0.870449
0.869991
0.869518
0.869028
0.868523
0.868002
0.867464
0.866909
0.866338
0.86575
0.865145
0.864523
0.863884
0.863228
0.862556
0.861867
0.861162
0.86044
0.859702
0.858949
0.85818
0.857397
0.856598
0.855786
0.854959
0.85412
0.853267
0.852403
0.851527
0.85064
0.849744
0.848837
0.847922
0.846999
0.846069
0.845132
0.84419
0.843243
0.842293
0.841339
0.840384
0.839427
0.83847
0.837514
0.836559
0.835608
0.834659
0.833715
0.832777
0.831844
0.830919
0.830002
0.829094
0.828196
0.827308
0.826432
0.825568
0.824717
0.82388
0.823057
0.822249
0.821457
0.820681
0.819922
0.81918
0.818456
0.817751
0.817064
0.816395
0.815747
0.815118
0.814508
0.813919
0.813349
0.8128
0.812271
0.811761
0.811273
0.810804
0.810355
0.809925
0.809515
0.809125
0.808753
0.8084
0.808065
0.807749
0.807449
0.807167
0.806902
0.806652
0.806419
0.8062
0.805996
0.805806
0.80563
0.805467
0.805316
0.805177
0.805049
0.804932
0.804824
0.804727
0.804638
0.804557
0.804485
0.804419
0.80436
0.804307
0.80426
0.804218
0.80418
0.804146
0.804116
0.804089
0.804065
0.804042
0.804022
0.804002
0.803984
0.803966
0.803948
0.80393
0.803912
0.803892
0.803872
0.80385
0.803826
0.8038
0.803773
0.803742
0.803709
0.803674
0.803635
0.803593
0.803548
0.803499
0.803447
0.803391
0.803331
0.803268
0.8032
0.803129
0.803054
0.802975
0.802892
0.802805
0.802714
0.802619
0.802521
0.802418
0.802313
0.802203
0.80209
0.801974
0.801855
0.801733
0.801608
0.80148
0.801349
0.801216
0.801081
0.800944
0.800805
0.800665
0.800523
0.80038
0.800236
0.800091
0.799946
0.7998
0.799655
0.799509
0.799364
0.79922
0.799076
0.798933
0.798792
0.798653
0.798515
0.798379
0.798246
0.798115
0.797986
0.797861
0.797739
0.79762
0.797505
0.797394
0.797287
0.797184
0.797085
0.796991
0.796902
0.796818
0.796739
0.796665
0.796597
0.796535
0.796478
0.796427
0.796382
0.796343
0.796309
0.796283
0.796262
0.796248
0.79624
0.796238
0.796243
0.796254
0.796271
0.796294
0.796324
0.796359
0.796401
0.796449
0.796503
0.796562
0.796627
0.796698
0.796773
0.796855
0.796941
0.797032
0.797128
0.797228
0.797333
0.797442
0.797555
0.797672
0.797793
0.797917
0.798044
0.798174
0.798307
0.798443
0.798581
0.798722
0.798864
0.799008
0.799154
0.799301
0.79945
0.799599
0.799748
0.799899
0.800049
0.8002
0.800351
0.800501
0.80065
0.800799
0.800947
0.801093
0.801238
0.801382
0.801523
0.801663
0.801801
0.801936
0.802069
0.802199
0.802326
0.80245
0.802571
0.802689
0.802804
0.802915
0.803023
0.803128
0.803228
0.803325
0.803419
0.803509
0.803595
0.803678
0.803757
0.803833
0.803905
0.803974
0.80404
0.804104
0.804164
0.804222
0.804278
0.804331
0.804383
0.804434
0.804483
0.804531
0.804579
0.804626
0.804674
0.804722
0.804771
0.804821
0.804873
0.804927
0.804983
0.805042
0.805105
0.805171
0.80524
0.805315
0.805394
0.805478
0.805567
0.805662
0.805763
0.80587
0.805983
0.806104
0.806231
0.806365
0.806506
0.806654
0.80681
0.806973
0.807144
0.807322
0.807508
0.807701
0.807901
0.808109
0.808324
0.808545
0.808774
0.809009
0.809251
0.809499
0.809752
0.810012
0.810277
0.810547
0.810823
0.811103
0.811387
0.811676
0.811969
0.812265
0.812564
0.812867
0.813172
0.81348
0.813791
0.814103
0.814417
0.814732
0.815049
0.815367
0.815686
0.816005
0.816325
0.816646
0.816966
0.817287
0.817608
0.817928
0.818248
0.818569
0.818888
0.819207
0.819526
0.819845
0.820163
0.820481
0.820798
0.821115
0.821432
0.821749
0.822066
0.822383
0.8227
0.823018
0.823336
0.823655
0.823975
0.824297
0.824619
0.824943
0.825268
0.825596
0.825926
0.826258
0.826592
0.826929
0.827269
0.827612
0.827958
0.828308
0.828661
0.829017
0.829377
0.829741
0.830108
0.830479
0.830854
0.831233
0.831615
0.832001
0.83239
0.832783
0.833178
0.833577
0.833978
0.834382
0.834788
0.835196
0.835605
0.836016
0.836428
0.83684
0.837253
0.837665
0.838077
0.838488
0.838898
0.839306
0.839712
0.840116
0.840516
0.840914
0.841308
0.841698
0.842084
0.842465
0.842842
0.843214
0.84358
0.843941
0.844297
0.844647
0.844991
0.845329
0.845661
0.845987
0.846306
0.84662
0.846928
0.847229
0.847525
0.847814
0.848097
0.848375
0.848647
0.848914
0.849175
0.84943
0.84968
0.849925
0.850165
0.8504
0.85063
0.850856
0.851076
0.851292
0.851502
0.851708
0.85191
0.852106
0.852298
0.852484
0.852665
0.852841
0.853012
0.853177
0.853336
0.853489
0.853636
0.853777
0.853911
0.854037
0.854157
0.854268
0.854372
0.854467
0.854554
0.854632
0.854701
0.85476
0.85481
0.854849
0.854878
0.854897
0.854904
0.854901
0.854886
0.854859
0.854821
0.854771
0.854709
0.854634
0.854548
0.854449
0.854338
0.854214
0.854078
0.853929
0.853768
0.853595
0.85341
0.853213
0.853004
0.852784
0.852552
0.852308
0.852054
0.851789
0.851514
0.851229
0.850934
0.85063
0.850317
0.849995
0.849666
0.849329
0.848985
0.848634
0.848278
0.847916
0.847549
0.847178
0.846803
0.846425
0.846045
0.845663
0.84528
0.844897
0.844514
0.844132
0.843752
0.843374
0.842999
0.842629
0.842263
0.841902
0.841548
0.8412
0.84086
0.840529
0.840206
0.839893
0.83959
0.839298
0.839018
0.83875
0.838495
0.838253
0.838024
0.83781
0.837611
0.837427
0.837258
0.837104
0.836967
0.836846
0.836741
0.836652
0.83658
0.836524
0.836485
0.836462
0.836454
0.836463
0.836488
0.836527
0.836582
0.836651
0.836734
0.836831
0.83694
0.837062
0.837196
0.83734
0.837496
0.837661
0.837834
0.838016
0.838206
0.838402
0.838604
0.838811
0.839022
0.839237
0.839454
0.839674
0.839894
0.840114
0.840334
0.840552
0.840769
0.840983
0.841193
0.841399
0.8416
0.841796
0.841986
0.842169
0.842345
0.842513
0.842673
0.842823
0.842965
0.843097
0.843219
0.84333
0.84343
0.843518
0.843595
0.84366
0.843712
0.843752
0.843778
0.843791
0.84379
0.843776
0.843747
0.843703
0.843645
0.843571
0.843482
0.843377
0.843256
0.843119
0.842966
0.842795
0.842608
0.842403
0.84218
0.84194
0.841681
0.841404
0.841108
0.840794
0.84046
0.840106
0.839733
0.83934
0.838927
0.838493
0.838039
0.837565
0.837069
0.836553
0.836015
0.835457
0.834877
0.834276
0.833654
0.833011
0.832346
0.831661
0.830954
0.830227
0.82948
0.828712
0.827924
0.827116
0.826289
0.825443
0.824579
0.823696
0.822796
0.821878
0.820944
0.819995
0.81903
0.81805
0.817057
0.816051
0.815032
0.814002
0.812961
0.811911
0.810852
0.809785
0.808711
0.807631
0.806546
0.805457
0.804365
0.803271
0.802177
0.801082
0.799989
0.798898
0.797811
0.796728
0.795651
0.79458
0.793517
0.792463
0.791419
0.790386
0.789365
0.788357
0.787363
0.786385
0.785422
0.784477
0.78355
0.782642
0.781753
0.780886
0.780041
0.779219
0.77842
0.777646
0.776897
0.776174
0.775478
0.77481
0.774171
0.77356
0.77298
0.77243
0.771911
0.771424
0.770969
0.770548
0.77016
0.769806
0.769486
0.769201
0.768952
0.768738
0.76856
0.768418
0.768312
0.768244
0.768212
0.768216
0.768258
0.768336
0.768452
0.768604
0.768792
0.769018
0.769279
0.769576
0.769909
0.770277
0.77068
0.771118
0.771589
0.772093
0.772631
0.7732
0.773801
0.774433
0.775095
0.775786
0.776505
0.777252
0.778027
0.778827
0.779652
0.780501
0.781374
0.782269
0.783186
0.784123
0.78508
0.786055
0.787048
0.788058
0.789083
0.790123
0.791177
0.792243
0.793322
0.794411
0.795511
0.796619
0.797736
0.798859
0.799989
0.801124
0.802263
0.803406
0.804551
0.805697
0.806844
0.807991
0.809137
0.81028
0.811421
0.812557
0.813689
0.814815
0.815934
0.817045
0.818148
0.819242
0.820326
0.821398
0.822459
0.823506
0.82454
0.825559
0.826563
0.82755
0.82852
0.829472
0.830405
0.831319
0.832212
0.833084
0.833934
0.83476
0.835564
0.836343
0.837097
0.837825
0.838527
0.839202
0.839849
0.840467
0.841057
0.841617
0.842148
0.842647
0.843116
0.843553
0.843959
0.844332
0.844672
0.84498
0.845254
0.845495
0.845702
0.845875
0.846015
0.84612
0.846192
0.846229
0.846232
0.846201
0.846136
0.846038
0.845906
0.84574
0.845542
0.845311
0.845048
0.844752
0.844426
0.844068
0.84368
0.843262
0.842815
0.842339
0.841836
0.841305
0.840748
0.840165
0.839558
0.838926
0.838272
0.837595
0.836898
0.83618
0.835443
0.834688
0.833917
0.833129
0.832326
0.83151
0.830681
0.829841
0.828991
0.828132
0.827265
0.826392
0.825513
0.82463
0.823744
0.822856
0.821968
0.821081
0.820196
0.819313
0.818436
0.817564
0.816698
0.81584
0.814992
0.814153
0.813326
0.812511
0.81171
0.810923
0.810151
0.809396
0.808658
0.807939
0.807238
0.806557
0.805897
0.805259
0.804643
0.80405
0.803481
0.802936
0.802416
0.801922
0.801453
0.801011
0.800596
0.800209
0.799849
0.799518
0.799215
0.79894
0.798695
0.798479
0.798292
0.798135
0.798008
0.79791
0.797842
0.797804
0.797796
0.797818
0.797869
0.79795
0.798061
0.798201
0.798371
0.798569
0.798797
0.799053
0.799337
0.799649
0.79999
0.800357
0.800752
0.801173
0.80162
0.802093
0.802592
0.803116
0.803664
0.804236
0.804831
0.805449
0.80609
0.806752
0.807436
0.80814
0.808865
0.809609
0.810371
0.811152
0.811951
0.812766
0.813598
0.814446
0.815309
0.816186
0.817078
0.817983
0.8189
0.81983
0.820772
0.821724
0.822687
0.82366
0.824643
0.825634
0.826634
0.827643
0.828658
0.829681
0.830711
0.831747
0.832789
0.833837
0.83489
0.835948
0.837011
0.838078
0.839149
0.840224
0.841303
0.842385
0.84347
0.844559
0.845649
0.846743
0.847838
0.848936
0.850036
0.851137
0.852241
0.853345
0.854451
0.855558
0.856665
0.857773
0.858882
0.859991
0.8611
0.862209
0.863317
0.864425
0.865532
0.866637
0.867741
0.868843
0.869943
0.871041
0.872135
0.873226
0.874314
0.875397
0.876476
0.87755
0.878618
0.879681
0.880736
0.881785
0.882825
0.883857
0.88488
0.885894
0.886897
0.887889
0.888869
0.889836
0.890791
0.891731
0.892656
0.893565
0.894458
0.895334
0.896191
0.897029
0.897847
0.898645
0.899421
0.900174
0.900903
0.901609
0.902289
0.902943
0.903571
0.90417
0.904741
0.905283
0.905795
0.906276
0.906725
0.907142
0.907526
0.907876
0.908193
0.908474
0.90872
0.908931
0.909105
0.909243
0.909344
0.909407
0.909433
0.909421
0.909372
0.909284
0.909159
0.908996
0.908794
0.908556
0.908279
0.907966
0.907615
0.907228
0.906805
0.906347
0.905853
0.905325
0.904763
0.904168
0.90354
0.902881
0.902192
0.901472
0.900724
0.899948
0.899146
0.898317
0.897464
0.896587
0.895688
0.894767
0.893827
0.892868
0.891891
0.890898
0.88989
0.888868
0.887833
0.886787
0.885732
0.884667
0.883595
0.882517
0.881434
0.880347
0.879258
0.878167
0.877076
0.875986
0.874898
0.873813
0.872733
0.871658
0.870589
0.869527
0.868473
0.867428
0.866394
0.86537
0.864358
0.863358
0.862371
0.861397
0.860438
0.859494
0.858565
0.857653
0.856757
0.855877
0.855015
0.854171
0.853344
0.852536
0.851746
0.850974
0.850221
0.849487
0.848772
0.848076
0.847399
0.84674
0.8461
0.845479
0.844876
0.844291
0.843724
0.843175
0.842643
0.842127
0.841629
0.841146
0.840679
0.840227
0.83979
0.839366
0.838957
0.83856
0.838175
0.837802
0.83744
0.837088
0.836745
0.836412
0.836086
0.835768
0.835457
0.835152
0.834852
0.834557
0.834265
0.833976
0.83369
0.833406
0.833122
0.832839
0.832555
0.832271
0.831984
0.831696
0.831405
0.831111
0.830813
0.83051
0.830203
0.829891
0.829573
0.82925
0.828921
0.828585
0.828242
0.827893
0.827537
0.827174
0.826803
0.826426
0.826041
0.82565
0.825251
0.824845
0.824433
0.824013
0.823588
0.823156
0.822719
0.822276
0.821827
0.821374
0.820917
0.820455
0.81999
0.819521
0.819051
0.818577
0.818103
0.817627
0.81715
0.816673
0.816197
0.815721
0.815248
0.814776
0.814306
0.81384
0.813377
0.812919
0.812464
0.812015
0.811571
0.811133
0.810701
0.810276
0.809858
0.809448
0.809044
0.808649
0.808262
0.807883
0.807513
0.807151
0.806799
0.806455
0.806121
0.805796
0.80548
0.805173
0.804875
0.804587
0.804308
0.804038
0.803778
0.803526
0.803283
0.80305
0.802825
0.80261
0.802403
0.802204
0.802015
0.801834
0.801662
0.801498
0.801343
0.801197
0.80106
0.800931
0.800811
0.8007
0.800598
0.800506
0.800422
0.800349
0.800285
0.800232
0.800188
0.800156
0.800134
0.800124
0.800125
0.800138
0.800163
0.800201
0.800251
0.800315
0.800393
0.800485
0.800591
0.800711
0.800847
0.800998
0.801164
0.801346
0.801544
0.801758
0.801989
0.802236
0.802499
0.802779
0.803076
0.803389
0.803719
0.804064
0.804426
0.804804
0.805198
0.805606
0.80603
0.806468
0.80692
0.807386
0.807864
0.808355
0.808858
0.809372
0.809896
0.810429
0.810972
0.811523
0.812081
0.812645
0.813215
0.81379
0.814368
0.81495
0.815534
0.816119
0.816705
0.81729
0.817874
0.818456
0.819035
0.819611
0.820182
0.820748
0.821308
0.821862
0.822409
0.822949
0.82348
0.824002
0.824516
0.825019
0.825513
0.825996
0.826468
0.82693
0.82738
0.827819
0.828246
0.828661
0.829065
0.829456
0.829836
0.830203
0.830559
0.830902
0.831234
0.831554
0.831862
0.832158
0.832443
0.832717
0.832979
0.833231
0.833471
0.833701
0.833921
0.83413
0.834329
0.834518
0.834697
0.834867
0.835027
0.835177
0.835319
0.835451
0.835574
0.835689
0.835795
0.835892
0.83598
0.836059
0.83613
0.836193
0.836246
0.836292
0.836328
0.836356
0.836375
0.836385
0.836387
0.836379
0.836362
0.836337
0.836301
0.836257
0.836202
0.836138
0.836064
0.83598
0.835885
0.835781
0.835665
0.835539
0.835401
0.835253
0.835093
0.834922
0.834739
0.834544
0.834337
0.834118
0.833886
0.833643
0.833386
0.833117
0.832836
0.832541
0.832234
0.831913
0.83158
0.831234
0.830874
0.830502
0.830117
0.82972
0.829309
0.828886
0.828451
0.828004
0.827545
0.827074
0.826591
0.826097
0.825593
0.825078
0.824553
0.824018
0.823474
0.822921
0.82236
0.821791
0.821215
0.820632
0.820042
0.819447
0.818847
0.818243
0.817635
0.817024
0.816411
0.815795
0.815179
0.814563
0.813947
0.813332
0.812719
0.812109
0.811502
0.810899
0.810301
0.809709
0.809123
0.808544
0.807972
0.80741
0.806856
0.806312
0.805779
0.805256
0.804746
0.804248
0.803763
0.803292
0.802835
0.802393
0.801966
0.801555
0.801161
0.800783
0.800422
0.80008
0.799755
0.799449
0.799162
0.798894
0.798645
0.798416
0.798208
0.79802
0.797852
0.797705
0.797579
0.797475
0.797391
0.797329
0.797289
0.79727
0.797273
0.797297
0.797343
0.797411
0.7975
0.797611
0.797744
0.797898
0.798073
0.79827
0.798487
0.798726
0.798986
0.799266
0.799567
0.799887
0.800228
0.800589
0.800969
0.801369
0.801787
0.802224
0.80268
0.803153
0.803645
0.804153
0.804679
0.805221
0.80578
0.806355
0.806945
0.80755
0.808169
0.808803
0.809451
0.810111
0.810785
0.811471
0.812168
0.812877
0.813596
0.814325
0.815064
0.815812
0.816568
0.817332
0.818102
0.81888
0.819662
0.820451
0.821243
0.822039
0.822839
0.823641
0.824444
0.825248
0.826053
0.826858
0.827661
0.828462
0.829261
0.830057
0.830849
0.831637
0.832419
0.833195
0.833966
0.834729
0.835484
0.836232
0.836971
0.837701
0.838421
0.839131
0.83983
0.840519
0.841196
0.841862
0.842516
0.843157
0.843786
0.844403
0.845007
0.845597
0.846175
0.84674
0.847291
0.847829
0.848354
0.848866
0.849364
0.84985
0.850322
0.850781
0.851228
0.851662
0.852083
0.852492
0.852888
0.853273
0.853646
0.854007
0.854357
0.854695
0.855023
0.855339
0.855645
0.85594
0.856225
0.8565
0.856765
0.85702
0.857265
0.857501
0.857727
0.857945
0.858153
0.858352
0.858542
0.858723
0.858896
0.85906
0.859215
0.859362
0.859501
0.859631
0.859752
0.859865
0.85997
0.860067
0.860155
0.860235
0.860306
0.860369
0.860424
0.860471
0.860509
0.860539
0.86056
0.860573
0.860578
0.860574
0.860562
0.860541
0.860512
0.860474
0.860428
0.860373
0.86031
0.860238
0.860157
0.860068
0.85997
0.859864
0.859749
0.859625
0.859493
0.859352
0.859202
0.859044
0.858878
0.858703
0.858519
0.858327
0.858127
0.857919
0.857702
0.857477
0.857245
0.857005
0.856757
0.856501
0.856238
0.855968
0.855691
0.855407
0.855117
0.854821
0.854518
0.854209
0.853895
0.853576
0.853252
0.852923
0.852589
0.852252
0.851911
0.851566
0.851218
0.850868
0.850515
0.85016
0.849804
0.849446
0.849088
0.848729
0.848369
0.84801
0.847652
0.847294
0.846937
0.846583
0.84623
0.845879
0.845531
0.845187
0.844845
0.844508
0.844174
0.843845
0.843521
0.843202
0.842888
0.84258
0.842278
0.841983
0.841694
0.841412
0.841138
0.840871
0.840612
0.840361
0.840119
0.839886
0.839662
0.839447
0.839241
0.839046
0.838861
0.838686
0.838521
0.838367
0.838225
0.838093
0.837972
0.837863
0.837766
0.83768
0.837606
0.837544
0.837493
0.837454
0.837427
0.837411
0.837407
0.837415
0.837434
0.837464
0.837505
0.837557
0.83762
0.837692
0.837775
0.837867
0.837968
0.838078
0.838197
0.838323
0.838457
0.838597
0.838744
0.838897
0.839055
0.839218
0.839385
0.839555
0.839728
0.839903
0.84008
0.840258
0.840436
0.840613
0.84079
0.840965
0.841138
0.841308
0.841474
0.841636
0.841794
0.841946
0.842092
0.842232
0.842365
0.842491
0.842609
0.842719
0.84282
0.842912
0.842994
0.843067
0.84313
0.843182
0.843224
0.843255
0.843275
0.843284
0.843282
0.843269
0.843244
0.843207
0.84316
0.843101
0.843031
0.84295
0.842858
0.842754
0.842641
0.842517
0.842383
0.842239
0.842085
0.841922
0.84175
0.84157
0.841382
0.841186
0.840983
0.840773
0.840557
0.840335
0.840108
0.839876
0.839639
0.839399
0.839156
0.838911
0.838663
0.838413
0.838163
0.837912
0.837661
0.837411
0.837162
0.836914
0.836668
0.836425
0.836184
0.835946
0.835712
0.835482
0.835256
0.835034
0.834816
0.834603
0.834396
0.834193
0.833995
0.833802
0.833614
0.833431
0.833253
0.83308
0.832911
0.832746
0.832586
0.832429
0.832276
0.832126
0.831979
0.831835
0.831693
0.831552
0.831413
0.831275
0.831137
0.830999
0.830861
0.830723
0.830583
0.830441
0.830297
0.830151
0.830002
0.82985
0.829694
0.829534
0.82937
0.829201
0.829027
0.828848
0.828664
0.828474
0.828278
0.828076
0.827867
0.827653
0.827431
0.827204
0.826969
0.826728
0.826479
0.826224
0.825962
0.825694
0.825418
0.825136
0.824846
0.824551
0.824248
0.823939
0.823624
0.823302
0.822975
0.822641
0.822301
0.821956
0.821605
0.821249
0.820887
0.820521
0.820149
0.819773
0.819392
0.819007
0.818618
0.818225
0.817828
0.817427
0.817023
0.816616
0.816206
0.815794
0.815379
0.814961
0.814542
0.814121
0.813698
0.813274
0.812849
0.812424
0.811997
0.811571
0.811145
0.810719
0.810294
0.80987
0.809448
0.809027
0.808608
0.808192
0.807779
0.807369
0.806963
0.806562
0.806164
0.805772
0.805386
0.805005
0.804631
0.804264
0.803905
0.803553
0.80321
0.802876
0.802551
0.802236
0.801932
0.801639
0.801358
0.801088
0.800831
0.800588
0.800357
0.800141
0.799939
0.799751
0.799579
0.799423
0.799282
0.799158
0.79905
0.79896
0.798886
0.79883
0.798791
0.798769
0.798766
0.79878
0.798812
0.798862
0.79893
0.799015
0.799118
0.799238
0.799376
0.799531
0.799702
0.79989
0.800094
0.800313
0.800548
0.800798
0.801062
0.801341
0.801632
0.801937
0.802253
0.802582
0.802921
0.803271
0.803631
0.804
0.804377
0.804762
0.805154
0.805553
0.805958
0.806367
0.806781
0.807199
0.80762
0.808043
0.808468
0.808894
0.809321
0.809747
0.810173
0.810598
0.811021
0.811442
0.811859
0.812274
0.812685
0.813091
0.813493
0.81389
0.814282
0.814668
0.815048
0.815421
0.815788
0.816148
0.816501
0.816847
0.817186
0.817517
0.81784
0.818155
0.818462
0.818762
0.819053
0.819336
0.819612
0.819879
0.820137
0.820388
0.820631
0.820865
0.821091
0.82131
0.82152
0.821723
0.821918
0.822105
0.822284
0.822457
0.822621
0.822778
0.822928
0.823071
0.823207
0.823336
0.823458
0.823573
0.823682
0.823784
0.823879
0.823968
0.824051
0.824127
0.824198
0.824262
0.82432
0.824372
0.824418
0.824458
0.824492
0.82452
0.824542
0.824558
0.824568
0.824572
0.82457
0.824562
0.824547
0.824526
0.824498
0.824464
0.824423
0.824375
0.82432
0.824258
0.824189
0.824111
0.824026
0.823934
0.823833
0.823723
0.823605
0.823479
0.823343
0.823199
0.823045
0.822882
0.822709
0.822526
0.822334
0.822131
0.821919
0.821696
0.821464
0.821221
0.820968
0.820705
0.820432
0.820149
0.819857
0.819555
0.819243
0.818923
0.818593
0.818256
0.81791
0.817556
0.817196
0.816828
0.816455
0.816076
0.815692
0.815303
0.814911
0.814517
0.81412
0.813722
0.813323
0.812925
0.812528
0.812133
0.811742
0.811355
0.810973
0.810598
0.810229
0.809869
0.809519
0.809178
0.80885
0.808533
0.808231
0.807943
0.80767
0.807415
0.807177
0.806957
0.806758
0.806578
0.806421
0.806285
0.806173
0.806084
0.80602
0.80598
0.805967
0.80598
0.80602
0.806087
0.806181
0.806304
0.806455
0.806634
0.806841
0.807077
0.807342
0.807635
0.807956
0.808305
0.808682
0.809086
0.809518
0.809976
0.81046
0.810969
0.811503
0.812061
0.812642
0.813246
0.813871
0.814517
0.815183
0.815868
0.816571
0.81729
0.818026
0.818776
0.819539
0.820315
0.821102
0.821899
0.822706
0.82352
0.82434
0.825166
0.825997
0.826831
0.827666
0.828503
0.829339
0.830174
0.831007
0.831836
0.832661
0.83348
0.834293
0.835099
0.835896
0.836685
0.837463
0.838231
0.838987
0.839731
0.840463
0.84118
0.841884
0.842573
0.843247
0.843906
0.844548
0.845174
0.845784
0.846376
0.846951
0.847509
0.848049
0.848571
0.849076
0.849563
0.850031
0.850482
0.850915
0.851331
0.851729
0.852109
0.852472
0.852819
0.853148
0.853461
0.853758
0.854039
0.854304
0.854555
0.85479
0.855011
0.855219
0.855413
0.855593
0.855762
0.855918
0.856062
0.856195
0.856318
0.85643
0.856533
0.856626
0.85671
0.856786
0.856854
0.856915
0.856968
0.857015
0.857056
0.857091
0.85712
0.857145
0.857165
0.85718
0.857192
0.8572
0.857204
0.857206
0.857205
0.857201
0.857194
0.857186
0.857176
0.857164
0.857151
0.857136
0.85712
0.857103
0.857085
0.857066
0.857046
0.857026
0.857006
0.856985
0.856964
0.856943
0.856921
0.8569
0.856879
0.856858
0.856837
0.856816
0.856796
0.856776
0.856757
0.856738
0.85672
0.856703
0.856687
0.856671
0.856656
0.856643
0.85663
0.856618
0.856608
0.856598
0.85659
0.856582
0.856576
0.856571
0.856567
0.856563
0.856561
0.85656
0.856559
0.856559
0.856559
0.85656
0.856561
0.856562
0.856563
0.856564
0.856564
0.856564
0.856563
0.85656
0.856557
0.856551
0.856544
0.856535
0.856524
0.856511
0.856494
0.856475
0.856453
0.856427
0.856398
0.856366
0.856329
0.856289
0.856244
0.856196
0.856143
0.856086
0.856024
0.855958
0.855888
0.855813
0.855734
0.855651
0.855563
0.855471
0.855375
0.855275
0.855172
0.855064
0.854954
0.85484
0.854723
0.854603
0.85448
0.854355
0.854228
0.854099
0.853968
0.853836
0.853702
0.853567
0.853432
0.853295
0.853158
0.853021
0.852884
0.852746
0.852609
0.852472
0.852335
0.852198
0.852062
0.851926
0.85179
0.851655
0.85152
0.851385
0.851249
0.851114
0.850978
0.850842
0.850705
0.850566
0.850426
0.850285
0.850141
0.849995
0.849846
0.849694
0.849538
0.849377
0.849213
0.849043
0.848868
0.848686
0.848498
0.848303
0.848101
0.84789
0.847671
0.847443
0.847206
0.846958
0.8467
0.846432
0.846152
0.84586
0.845557
0.845241
0.844912
0.84457
0.844215
0.843847
0.843464
0.843068
0.842657
0.842232
0.841793
0.841339
0.84087
0.840388
0.83989
0.839379
0.838853
0.838313
0.837759
0.837192
0.836611
0.836017
0.83541
0.83479
0.834158
0.833515
0.832861
0.832195
0.831519
0.830834
0.830139
0.829436
0.828724
0.828005
0.827279
0.826546
0.825808
0.825065
0.824318
0.823567
0.822813
0.822056
0.821298
0.820539
0.81978
0.819021
0.818263
0.817507
0.816753
0.816003
0.815255
0.814513
0.813775
0.813042
0.812316
0.811596
0.810884
0.810179
0.809483
0.808795
0.808117
0.807449
0.80679
0.806143
0.805507
0.804882
0.804269
0.803669
0.803081
0.802507
0.801946
0.801398
0.800865
0.800346
0.799842
0.799353
0.798878
0.79842
0.797977
0.79755
0.797139
0.796744
0.796366
0.796004
0.795659
0.795332
0.795021
0.794728
0.794452
0.794194
0.793953
0.793731
0.793526
0.793338
0.793169
0.793018
0.792885
0.792769
0.792672
0.792593
0.792531
0.792487
0.792461
0.792453
0.792462
0.792489
0.792532
0.792593
0.792671
0.792765
0.792875
0.793001
0.793143
0.793301
0.793474
0.793661
0.793862
0.794078
0.794307
0.794549
0.794803
0.79507
0.795348
0.795637
0.795937
0.796247
0.796566
0.796894
0.797231
0.797575
0.797927
0.798285
0.798649
0.799019
0.799394
0.799773
0.800156
0.800542
0.800931
0.801322
0.801715
0.802109
0.802503
0.802898
0.803293
0.803686
0.804079
0.80447
0.80486
0.805247
0.805631
0.806013
0.806392
0.806767
0.807138
0.807505
0.807868
0.808227
0.808581
0.808931
0.809276
0.809616
0.809951
0.810282
0.810607
0.810927
0.811242
0.811552
0.811857
0.812157
0.812453
0.812743
0.813029
0.81331
0.813587
0.813859
0.814128
0.814392
0.814653
0.814909
0.815163
0.815413
0.81566
0.815904
0.816146
0.816386
0.816623
0.816859
0.817093
0.817325
0.817557
0.817787
0.818017
0.818247
0.818477
0.818707
0.818937
0.819168
0.8194
0.819633
0.819868
0.820104
0.820342
0.820581
0.820823
0.821067
0.821313
0.821561
0.821813
0.822066
0.822323
0.822582
0.822844
0.823109
0.823376
0.823646
0.823919
0.824195
0.824473
0.824753
0.825036
0.825321
0.825608
0.825897
0.826188
0.82648
0.826773
0.827067
0.827363
0.827659
0.827955
0.828252
0.828548
0.828845
0.829141
0.829436
0.82973
0.830023
0.830314
0.830604
0.830892
0.831178
0.831461
0.831742
0.83202
0.832295
0.832567
0.832836
0.833101
0.833363
0.833621
0.833875
0.834126
0.834372
0.834614
0.834852
0.835086
0.835315
0.83554
0.835761
0.835977
0.836189
0.836397
0.8366
0.836799
0.836994
0.837186
0.837373
0.837556
0.837735
0.837911
0.838083
0.838252
0.838418
0.838581
0.838741
0.838898
0.839053
0.839206
0.839357
0.839506
0.839654
0.8398
0.839945
0.84009
0.840233
0.840377
0.840521
0.840665
0.840809
0.840954
0.841101
0.841248
0.841397
0.841548
0.841701
0.841856
0.842014
0.842174
0.842337
0.842503
0.842673
0.842846
0.843023
0.843203
0.843388
0.843577
0.843769
0.843966
0.844168
0.844374
0.844584
0.844799
0.845018
0.845242
0.84547
0.845703
0.84594
0.846181
0.846427
0.846676
0.84693
0.847187
0.847448
0.847713
0.84798
0.848251
0.848525
0.848801
0.849079
0.849359
0.849642
0.849925
0.85021
0.850496
0.850782
0.851069
0.851355
0.851641
0.851927
0.852211
0.852494
0.852775
0.853054
0.85333
0.853604
0.853875
0.854142
0.854406
0.854665
0.85492
0.85517
0.855416
0.855656
0.85589
0.856118
0.856341
0.856556
0.856765
0.856967
0.857162
0.857349
0.857528
0.857699
0.857862
0.858016
0.858162
0.858298
0.858425
0.858542
0.85865
0.858747
0.858835
0.858912
0.858978
0.859034
0.859078
0.859111
0.859133
0.859143
0.859142
0.859128
0.859102
0.859064
0.859014
0.858951
0.858875
0.858786
0.858685
0.85857
0.858442
0.858302
0.858148
0.85798
0.8578
0.857606
0.857399
0.857179
0.856946
0.8567
0.856441
0.856169
0.855885
0.855588
0.855279
0.854958
0.854625
0.854281
0.853926
0.85356
0.853183
0.852796
0.852399
0.851993
0.851578
0.851155
0.850723
0.850284
0.849837
0.849384
0.848924
0.848459
0.847988
0.847513
0.847034
0.846551
0.846064
0.845575
0.845084
0.844591
0.844098
0.843603
0.843109
0.842615
0.842121
0.84163
0.84114
0.840652
0.840167
0.839686
0.839208
0.838734
0.838265
0.837801
0.837342
0.836888
0.836441
0.836
0.835565
0.835138
0.834718
0.834306
0.833901
0.833505
0.833117
0.832738
0.832367
0.832006
0.831654
0.831312
0.830979
0.830657
0.830344
0.830042
0.82975
0.82947
0.829199
0.82894
0.828692
0.828456
0.828231
0.828017
0.827816
0.827626
0.827448
0.827282
0.827129
0.826988
0.826859
0.826743
0.82664
0.826549
0.826471
0.826407
0.826355
0.826316
0.82629
0.826277
0.826277
0.82629
0.826316
0.826355
0.826407
0.826472
0.826549
0.826639
0.826741
0.826855
0.826981
0.82712
0.827269
0.82743
0.827602
0.827785
0.827978
0.828182
0.828395
0.828617
0.828849
0.829089
0.829337
0.829594
0.829858
0.830129
0.830406
0.83069
0.83098
0.831275
0.831575
0.831879
0.832187
0.8325
0.832815
0.833133
0.833454
0.833777
0.834102
0.834428
0.834755
0.835082
0.83541
0.835738
0.836066
0.836393
0.836719
0.837043
0.837367
0.837688
0.838008
0.838325
0.83864
0.838952
0.839261
0.839567
0.839869
0.840168
0.840463
0.840754
0.84104
0.841322
0.841599
0.84187
0.842137
0.842398
0.842653
0.842902
0.843144
0.84338
0.843609
0.84383
0.844044
0.84425
0.844448
0.844637
0.844817
0.844988
0.845149
0.8453
0.845441
0.84557
0.845689
0.845796
0.845891
0.845973
0.846043
0.846099
0.846142
0.84617
0.846185
0.846184
0.846168
0.846137
0.846089
0.846026
0.845946
0.845848
0.845734
0.845602
0.845453
0.845285
0.8451
0.844895
0.844673
0.844432
0.844172
0.843893
0.843595
0.843279
0.842944
0.84259
0.842218
0.841828
0.841419
0.840992
0.840548
0.840087
0.839609
0.839114
0.838603
0.838077
0.837536
0.83698
0.836411
0.835829
0.835234
0.834627
0.83401
0.833382
0.832746
0.8321
0.831448
0.830789
0.830124
0.829454
0.828781
0.828105
0.827428
0.826749
0.826072
0.825395
0.824721
0.824051
0.823386
0.822726
0.822073
0.821428
0.820791
0.820165
0.819549
0.818945
0.818355
0.817778
0.817216
0.816669
0.816139
0.815627
0.815132
0.814657
0.814201
0.813766
0.813352
0.812959
0.812589
0.812241
0.811916
0.811615
0.811338
0.811086
0.810857
0.810654
0.810475
0.810321
0.810192
0.810087
0.810008
0.809953
0.809923
0.809917
0.809934
0.809975
0.81004
0.810126
0.810235
0.810365
0.810516
0.810687
0.810877
0.811086
0.811313
0.811556
0.811816
0.81209
0.812379
0.81268
0.812994
0.813319
0.813654
0.813997
0.814348
0.814706
0.81507
0.815438
0.815809
0.816182
0.816556
0.81693
0.817303
0.817673
0.81804
0.818402
0.818759
0.819109
0.819451
0.819785
0.82011
0.820423
0.820726
0.821016
0.821293
0.821557
0.821805
0.822039
0.822257
0.822458
0.822643
0.82281
0.822959
0.82309
0.823202
0.823295
0.823368
0.823422
0.823457
0.823471
0.823466
0.823441
0.823396
0.823331
0.823246
0.823142
0.823018
0.822875
0.822714
0.822533
0.822334
0.822117
0.821883
0.821631
0.821363
0.821079
0.820779
0.820463
0.820133
0.819789
0.819432
0.819061
0.818679
0.818285
0.81788
0.817465
0.81704
0.816607
0.816166
0.815717
0.815262
0.814802
0.814336
0.813866
0.813392
0.812916
0.812438
0.811959
0.81148
0.811002
0.810525
0.81005
0.809579
0.809111
0.808648
0.808191
0.80774
0.807296
0.806861
0.806434
0.806017
0.805609
0.805213
0.804829
0.804457
0.804098
0.803752
0.803421
0.803104
0.802802
0.802515
0.802245
0.80199
0.801752
0.80153
0.801325
0.801137
0.800965
0.80081
0.800672
0.800549
0.800442
0.800351
0.800276
0.800214
0.800167
0.800133
0.800113
0.800104
0.800107
0.80012
0.800143
0.800176
0.800216
0.800264
0.800318
0.800378
0.800442
0.80051
0.800582
0.800655
0.800729
0.800804
0.800879
0.800952
0.801024
0.801094
0.80116
0.801224
0.801283
0.801338
0.801388
0.801433
0.801473
0.801506
0.801534
0.801556
0.801572
0.801582
0.801586
0.801584
0.801576
0.801562
0.801543
0.801518
0.801488
0.801454
0.801416
0.801373
0.801327
0.801279
0.801227
0.801174
0.801119
0.801063
0.801006
0.80095
0.800895
0.800841
0.800788
0.800739
0.800692
0.80065
0.800611
0.800578
0.80055
0.800529
0.800515
0.800507
0.800509
0.800518
0.800537
0.800566
0.800605
0.800655
0.800716
0.800789
0.800874
0.800972
0.801083
0.801208
0.801346
0.801499
0.801666
0.801849
0.802046
0.802259
0.802487
0.802731
0.802991
0.803268
0.80356
0.803868
0.804193
0.804534
0.804891
0.805265
0.805655
0.80606
0.806482
0.806919
0.807372
0.807841
0.808325
0.808824
0.809337
0.809865
0.810408
0.810964
0.811534
0.812117
0.812713
0.813321
0.813942
0.814574
0.815217
0.815871
0.816536
0.81721
0.817894
0.818587
0.819288
0.819997
0.820713
0.821436
0.822165
0.8229
0.823641
0.824385
0.825134
0.825886
0.826641
0.827398
0.828157
0.828917
0.829677
0.830436
0.831195
0.831952
0.832706
0.833458
0.834206
0.83495
0.835689
0.836422
0.837149
0.837868
0.838581
0.839284
0.839979
0.840664
0.841339
0.842002
0.842654
0.843293
0.84392
0.844532
0.84513
0.845714
0.846281
0.846833
0.847367
0.847885
0.848384
0.848864
0.849326
0.849768
0.85019
0.850592
0.850972
0.851332
0.851669
0.851984
0.852277
0.852546
0.852793
0.853016
0.853215
0.85339
0.853541
0.853668
0.85377
0.853847
0.853899
0.853927
0.853929
0.853907
0.853859
0.853787
0.853689
0.853567
0.85342
0.853248
0.853051
0.85283
0.852585
0.852316
0.852023
0.851706
0.851366
0.851003
0.850618
0.85021
0.849779
0.849327
0.848854
0.84836
0.847845
0.847311
0.846756
0.846183
0.84559
0.84498
0.844352
0.843707
0.843045
0.842367
0.841673
0.840965
0.840242
0.839506
0.838756
0.837994
0.83722
0.836435
0.835639
0.834833
0.834017
0.833193
0.832361
0.831522
0.830675
0.829823
0.828965
0.828103
0.827236
0.826367
0.825494
0.82462
0.823744
0.822868
0.821992
0.821116
0.820242
0.81937
0.818501
0.817635
0.816774
0.815917
0.815066
0.814222
0.813384
0.812554
0.811732
0.81092
0.810117
0.809325
0.808543
0.807774
0.807018
0.806274
0.805545
0.804831
0.804132
0.803449
0.802784
0.802136
0.801506
0.800895
0.800305
0.799734
0.799185
0.798658
0.798153
0.797671
0.797214
0.79678
0.796372
0.795989
0.795633
0.795303
0.795001
0.794726
0.794479
0.794262
0.794073
0.793913
0.793784
0.793684
0.793615
0.793576
0.793568
0.79359
0.793644
0.793728
0.793843
0.793989
0.794165
0.794372
0.79461
0.794877
0.795174
0.7955
0.795855
0.796239
0.79665
0.797089
0.797554
0.798046
0.798563
0.799104
0.799669
0.800258
0.800868
0.801499
0.802151
0.802822
0.803512
0.804219
0.804942
0.80568
0.806433
0.807198
0.807976
0.808765
0.809563
0.810371
0.811186
0.812008
0.812835
0.813667
0.814503
0.815341
0.816181
0.817021
0.817861
0.8187
0.819537
0.820371
0.821201
0.822026
0.822846
0.82366
0.824468
0.825268
0.826059
0.826842
0.827616
0.82838
0.829134
0.829876
0.830607
0.831326
0.832033
0.832726
0.833406
0.834072
0.834724
0.835361
0.835983
0.836588
0.837178
0.83775
0.838306
0.838844
0.839363
0.839864
0.840345
0.840807
0.841248
0.841668
0.842068
0.842445
0.842799
0.843131
0.843439
0.843723
0.843982
0.844216
0.844425
0.844607
0.844762
0.844891
0.844991
0.845064
0.845108
0.845123
0.845109
0.845066
0.844993
0.844889
0.844756
0.844592
0.844397
0.844172
0.843917
0.84363
0.843313
0.842966
0.842588
0.84218
0.841743
0.841275
0.840779
0.840253
0.8397
0.839118
0.838509
0.837873
0.837211
0.836524
0.835812
0.835077
0.834318
0.833537
0.832735
0.831913
0.831071
0.830212
0.829335
0.828442
0.827535
0.826614
0.825681
0.824736
0.823782
0.822819
0.82185
0.820874
0.819894
0.818911
0.817927
0.816943
0.815959
0.814979
0.814003
0.813032
0.812069
0.811114
0.81017
0.809236
0.808316
0.807409
0.806519
0.805645
0.804789
0.803953
0.803138
0.802345
0.801575
0.800829
0.800109
0.799415
0.798749
0.798111
0.797502
0.796923
0.796375
0.795859
0.795375
0.794923
0.794505
0.794121
0.79377
0.793454
0.793172
0.792925
0.792713
0.792535
0.792393
0.792285
0.792211
0.792172
0.792167
0.792195
0.792257
0.792351
0.792478
0.792636
0.792826
0.793046
0.793296
0.793574
0.793882
0.794216
0.794578
0.794965
0.795378
0.795815
0.796275
0.796757
0.797261
0.797786
0.798331
0.798895
0.799476
0.800075
0.80069
0.801321
0.801966
0.802625
0.803297
0.803981
0.804676
0.805381
0.806097
0.806821
0.807554
0.808294
0.809041
0.809795
0.810554
0.811318
0.812086
0.812859
0.813634
0.814413
0.815193
0.815976
0.816759
0.817543
0.818328
0.819112
0.819896
0.820679
0.82146
0.82224
0.823017
0.823792
0.824564
0.825332
0.826097
0.826858
0.827614
0.828365
0.829111
0.829852
0.830587
0.831315
0.832036
0.832751
0.833458
0.834157
0.834848
0.83553
0.836203
0.836866
0.83752
0.838163
0.838796
0.839417
0.840026
0.840623
0.841208
0.84178
0.842338
0.842883
0.843413
0.843928
0.844428
0.844912
0.84538
0.845832
0.846267
0.846685
0.847085
0.847468
0.847832
0.848178
0.848504
0.848812
0.849101
0.84937
0.849619
0.849849
0.850058
0.850248
0.850417
0.850567
0.850696
0.850806
0.850895
0.850965
0.851014
0.851045
0.851056
0.851049
0.851023
0.850978
0.850916
0.850836
0.850739
0.850626
0.850497
0.850353
0.850194
0.850021
0.849835
0.849636
0.849425
0.849203
0.848971
0.84873
0.84848
0.848222
0.847957
0.847687
0.847412
0.847132
0.84685
0.846567
0.846282
0.845997
0.845713
0.845432
0.845153
0.844879
0.84461
0.844348
0.844092
0.843845
0.843607
0.843379
0.843162
0.842957
0.842765
0.842587
0.842424
0.842276
0.842144
0.842029
0.841932
0.841854
0.841794
0.841755
0.841735
0.841736
0.841759
0.841803
0.841869
0.841957
0.842068
0.842202
0.842359
0.84254
0.842743
0.84297
0.84322
0.843493
0.843789
0.844108
0.84445
0.844814
0.8452
0.845608
0.846038
0.846488
0.846959
0.847449
0.847959
0.848487
0.849034
0.849598
0.850179
0.850776
0.851388
0.852015
0.852656
0.853309
0.853975
0.854652
0.85534
0.856038
0.856744
0.857459
0.858181
0.858909
0.859643
0.860382
0.861125
0.861871
0.862619
0.863369
0.864119
0.864869
0.865619
0.866367
0.867112
0.867855
0.868593
0.869327
0.870056
0.870778
0.871494
0.872203
0.872903
0.873594
0.874276
0.874948
0.875608
0.876257
0.876894
0.877518
0.878128
0.878723
0.879304
0.879869
0.880417
0.880948
0.881462
0.881956
0.882432
0.882888
0.883323
0.883737
0.884128
0.884498
0.884843
0.885165
0.885461
0.885733
0.885978
0.886197
0.886388
0.886552
0.886687
0.886793
0.88687
0.886917
0.886933
0.886919
0.886873
0.886797
0.886688
0.886548
0.886375
0.88617
0.885934
0.885664
0.885363
0.885029
0.884664
0.884266
0.883837
0.883377
0.882886
0.882365
0.881814
0.881234
0.880625
0.879987
0.879323
0.878631
0.877914
0.877172
0.876405
0.875615
0.874803
0.873969
0.873115
0.872241
0.871348
0.870438
0.869511
0.868568
0.867611
0.86664
0.865656
0.864661
0.863655
0.86264
0.861615
0.860583
0.859544
0.858498
0.857448
0.856392
0.855334
0.854272
0.853208
0.852143
0.851078
0.850012
0.848946
0.847882
0.84682
0.84576
0.844703
0.84365
0.8426
0.841555
0.840515
0.83948
0.838451
0.837427
0.836411
0.835401
0.834399
0.833404
0.832417
0.831438
0.830469
0.829508
0.828556
0.827615
0.826683
0.825761
0.82485
0.82395
0.823062
0.822185
0.821319
0.820466
0.819626
0.818798
0.817983
0.817182
0.816395
0.815622
0.814864
0.81412
0.813392
0.812679
0.811981
0.8113
0.810636
0.809988
0.809357
0.808744
0.808149
0.807571
0.807012
0.806472
0.805951
0.805449
0.804966
0.804503
0.80406
0.803638
0.803235
0.802854
0.802493
0.802153
0.801834
0.801536
0.80126
0.801004
0.80077
0.800557
0.800365
0.800194
0.800045
0.799916
0.799808
0.79972
0.799653
0.799606
0.799578
0.79957
0.799581
0.799611
0.799659
0.799724
0.799807
0.799907
0.800023
0.800155
0.800302
0.800464
0.80064
0.800829
0.801031
0.801246
0.801472
0.801709
0.801957
0.802214
0.802481
0.802756
0.803039
0.803329
0.803627
0.80393
0.80424
0.804554
0.804873
0.805197
0.805524
0.805854
0.806188
0.806524
0.806862
0.807201
0.807543
0.807885
0.808228
0.808572
0.808917
0.809261
0.809606
0.80995
0.810294
0.810637
0.81098
0.811322
0.811663
0.812003
0.812341
0.812679
0.813015
0.813349
0.813683
0.814014
0.814344
0.814671
0.814997
0.815321
0.815643
0.815962
0.816279
0.816594
0.816906
0.817215
0.817521
0.817825
0.818125
0.818423
0.818717
0.819007
0.819295
0.819578
0.819858
0.820134
0.820407
0.820675
0.820939
0.8212
0.821456
0.821708
0.821956
0.8222
0.82244
0.822675
0.822907
0.823134
0.823358
0.823578
0.823794
0.824007
0.824216
0.824422
0.824624
0.824824
0.825021
0.825215
0.825407
0.825597
0.825785
0.825972
0.826157
0.826341
0.826524
0.826707
0.826889
0.827072
0.827254
0.827438
0.827622
0.827807
0.827994
0.828182
0.828372
0.828564
0.828759
0.828957
0.829157
0.829361
0.829567
0.829778
0.829992
0.830209
0.830431
0.830657
0.830887
0.831122
0.831361
0.831605
0.831853
0.832106
0.832364
0.832626
0.832893
0.833165
0.833441
0.833723
0.834008
0.834298
0.834593
0.834892
0.835195
0.835501
0.835812
0.836126
0.836443
0.836763
0.837086
0.837412
0.83774
0.83807
0.838402
0.838734
0.839068
0.839402
0.839736
0.840069
0.840402
0.840734
0.841063
0.84139
0.841715
0.842036
0.842354
0.842667
0.842975
0.843277
0.843574
0.843864
0.844147
0.844422
0.844689
0.844947
0.845195
0.845434
0.845663
0.845881
0.846087
0.846281
0.846464
0.846633
0.84679
0.846933
0.847063
0.847178
0.84728
0.847366
0.847438
0.847495
0.847537
0.847564
0.847575
0.847571
0.847552
0.847518
0.847468
0.847403
0.847323
0.847229
0.847119
0.846996
0.846858
0.846706
0.846541
0.846362
0.846171
0.845967
0.845751
0.845523
0.845284
0.845033
0.844773
0.844502
0.844221
0.843932
0.843634
0.843327
0.843013
0.842692
0.842364
0.842029
0.841689
0.841344
0.840994
0.840639
0.840281
0.83992
0.839555
0.839189
0.83882
0.83845
0.838079
0.837707
0.837335
0.836964
0.836594
0.836225
0.835858
0.835493
0.83513
0.834771
0.834416
0.834064
0.833717
0.833375
0.833038
0.832707
0.832382
0.832064
0.831752
0.831449
0.831152
0.830865
0.830585
0.830315
0.830054
0.829803
0.829561
0.829331
0.82911
0.828901
0.828703
0.828517
0.828343
0.82818
0.82803
0.827893
0.827768
0.827656
0.827557
0.827471
0.827399
0.827339
0.827293
0.82726
0.82724
0.827234
0.82724
0.82726
0.827292
0.827337
0.827394
0.827463
0.827544
0.827636
0.82774
0.827854
0.827978
0.828112
0.828255
0.828407
0.828567
0.828735
0.82891
0.829092
0.829279
0.829472
0.829669
0.829869
0.830073
0.83028
0.830488
0.830697
0.830906
0.831115
0.831323
0.831528
0.831732
0.831932
0.832128
0.83232
0.832507
0.832687
0.832862
0.833029
0.833189
0.833341
0.833485
0.833619
0.833744
0.83386
0.833966
0.834061
0.834145
0.834219
0.834282
0.834333
0.834373
0.834402
0.83442
0.834426
0.83442
0.834404
0.834376
0.834337
0.834287
0.834227
0.834156
0.834075
0.833985
0.833884
0.833775
0.833657
0.83353
0.833395
0.833253
0.833103
0.832947
0.832784
0.832616
0.832442
0.832263
0.83208
0.831893
0.831702
0.831508
0.831312
0.831114
0.830914
0.830712
0.83051
0.830308
0.830106
0.829904
0.829703
0.829504
0.829306
0.82911
0.828917
0.828727
0.828539
0.828355
0.828175
0.827999
0.827827
0.827659
0.827497
0.82734
0.827188
0.827041
0.8269
0.826766
0.826638
0.826516
0.8264
0.826292
0.82619
0.826096
0.826009
0.825929
0.825857
0.825793
0.825736
0.825688
0.825647
0.825615
0.825591
0.825575
0.825568
0.82557
0.82558
0.825599
0.825626
0.825662
0.825707
0.825761
0.825824
0.825896
0.825976
0.826065
0.826163
0.82627
0.826385
0.826508
0.82664
0.826781
0.826929
0.827086
0.82725
0.827422
0.827601
0.827788
0.827981
0.828181
0.828387
0.828599
0.828817
0.829039
0.829267
0.829499
0.829735
0.829974
0.830216
0.830461
0.830708
0.830955
0.831204
0.831453
0.831702
0.831949
0.832195
0.832439
0.83268
0.832917
0.833149
0.833377
0.833599
0.833815
0.834023
0.834224
0.834416
0.834599
0.834771
0.834933
0.835084
0.835223
0.835349
0.835461
0.835559
0.835643
0.835711
0.835763
0.835798
0.835816
0.835816
0.835798
0.83576
0.835703
0.835627
0.835529
0.835411
0.835272
0.83511
0.834927
0.834721
0.834492
0.83424
0.833965
0.833666
0.833343
0.832996
0.832625
0.83223
0.83181
0.831366
0.830897
0.830404
0.829886
0.829344
0.828778
0.828188
0.827574
0.826936
0.826275
0.825591
0.824884
0.824154
0.823403
0.822629
0.821835
0.82102
0.820186
0.819331
0.818458
0.817567
0.816659
0.815734
0.814793
0.813837
0.812867
0.811884
0.810889
0.809882
0.808866
0.80784
0.806806
0.805765
0.804718
0.803666
0.802612
0.801554
0.800496
0.799439
0.798382
0.797329
0.79628
0.795236
0.794199
0.79317
0.792151
0.791142
0.790146
0.789163
0.788195
0.787243
0.786308
0.785392
0.784495
0.78362
0.782767
0.781937
0.781132
0.780352
0.779599
0.778874
0.778177
0.777509
0.776872
0.776266
0.775692
0.775151
0.774643
0.774168
0.773728
0.773323
0.772952
0.772617
0.772318
0.772055
0.771828
0.771637
0.771483
0.771364
0.771281
0.771235
0.771223
0.771247
0.771306
0.771399
0.771526
0.771686
0.771879
0.772105
0.772361
0.772649
0.772966
0.773312
0.773686
0.774087
0.774515
0.774967
0.775444
0.775944
0.776466
0.777009
0.777572
0.778153
0.778752
0.779368
0.779998
0.780643
0.781301
0.78197
0.78265
0.78334
0.784038
0.784743
0.785454
0.786171
0.786891
0.787615
0.788341
0.789068
0.789795
0.790522
0.791247
0.791969
0.792689
0.793405
0.794116
0.794822
0.795521
0.796215
0.796901
0.797579
0.79825
0.798912
0.799564
0.800207
0.800841
0.801464
0.802076
0.802678
0.803268
0.803847
0.804414
0.80497
0.805513
0.806044
0.806563
0.807069
0.807563
0.808044
0.808512
0.808967
0.809409
0.809838
0.810254
0.810656
0.811046
0.811423
0.811786
0.812136
0.812474
0.812798
0.813109
0.813408
0.813694
0.813967
0.814227
0.814476
0.814712
0.814936
0.815148
0.815348
0.815537
0.815714
0.81588
0.816036
0.81618
0.816314
0.816438
0.816552
0.816657
0.816752
0.816838
0.816915
0.816984
0.817044
0.817097
0.817142
0.81718
0.81721
0.817234
0.817252
0.817264
0.81727
0.817271
0.817267
0.817258
0.817245
0.817228
0.817207
0.817183
0.817156
0.817126
0.817093
0.817058
0.817022
0.816984
0.816944
0.816904
0.816863
0.816822
0.81678
0.816739
0.816698
0.816657
0.816618
0.816579
0.816542
0.816506
0.816472
0.81644
0.81641
0.816382
0.816357
0.816334
0.816315
0.816298
0.816284
0.816274
0.816267
0.816263
0.816264
0.816268
0.816276
0.816288
0.816305
0.816326
0.816352
0.816382
0.816417
0.816457
0.816503
0.816554
0.81661
0.816672
0.81674
0.816814
0.816894
0.81698
0.817073
0.817174
0.817281
0.817395
0.817517
0.817647
0.817784
0.81793
0.818084
0.818247
0.818419
0.8186
0.81879
0.818989
0.819199
0.819418
0.819647
0.819886
0.820135
0.820395
0.820666
0.820947
0.821239
0.821542
0.821855
0.822179
0.822514
0.822859
0.823215
0.823582
0.823959
0.824346
0.824743
0.825149
0.825565
0.825991
0.826425
0.826868
0.827318
0.827777
0.828243
0.828716
0.829195
0.82968
0.830171
0.830667
0.831167
0.831671
0.832178
0.832688
0.8332
0.833714
0.834229
0.834744
0.835259
0.835773
0.836286
0.836796
0.837304
0.837809
0.83831
0.838807
0.839299
0.839785
0.840265
0.840739
0.841205
0.841664
0.842115
0.842557
0.84299
0.843414
0.843827
0.844231
0.844623
0.845004
0.845374
0.845731
0.846077
0.846409
0.846729
0.847035
0.847328
0.847607
0.847872
0.848123
0.84836
0.848581
0.848788
0.84898
0.849156
0.849318
0.849464
0.849595
0.84971
0.849809
0.849893
0.849962
0.850015
0.850053
0.850075
0.850082
0.850074
0.850051
0.850013
0.849961
0.849894
0.849813
0.849718
0.84961
0.849488
0.849354
0.849207
0.849048
0.848877
0.848694
0.848501
0.848298
0.848085
0.847862
0.847631
0.847392
0.847145
0.846891
0.84663
0.846364
0.846093
0.845817
0.845537
0.845254
0.844968
0.844681
0.844393
0.844104
0.843815
0.843527
0.84324
0.842956
0.842675
0.842397
0.842123
0.841855
0.841591
0.841334
0.841084
0.84084
0.840605
0.840378
0.840159
0.839951
0.839752
0.839563
0.839385
0.839218
0.839062
0.838918
0.838787
0.838667
0.83856
0.838465
0.838383
0.838314
0.838258
0.838214
0.838183
0.838165
0.838159
0.838166
0.838184
0.838214
0.838255
0.838307
0.83837
0.838442
0.838524
0.838615
0.838714
0.838821
0.838934
0.839054
0.839179
0.839308
0.839442
0.839578
0.839716
0.839856
0.839996
0.840135
0.840273
0.840409
0.840541
0.840669
0.840792
0.840909
0.84102
0.841122
0.841217
0.841302
0.841378
0.841443
0.841497
0.841539
0.841569
0.841586
0.84159
0.841579
0.841555
0.841517
0.841463
0.841395
0.841312
0.841214
0.841101
0.840973
0.84083
0.840672
0.8405
0.840314
0.840114
0.8399
0.839673
0.839434
0.839183
0.83892
0.838646
0.838362
0.838069
0.837767
0.837457
0.83714
0.836817
0.836488
0.836154
0.835816
0.835476
0.835133
0.83479
0.834446
0.834103
0.833761
0.833421
0.833085
0.832753
0.832426
0.832105
0.83179
0.831483
0.831184
0.830894
0.830613
0.830342
0.830083
0.829835
0.829599
0.829375
0.829165
0.828968
0.828785
0.828617
0.828463
0.828325
0.828202
0.828094
0.828002
0.827927
0.827867
0.827824
0.827796
0.827785
0.827791
0.827812
0.82785
0.827904
0.827973
0.828058
0.828159
0.828275
0.828406
0.828551
0.828711
0.828884
0.829072
0.829272
0.829485
0.82971
0.829947
0.830195
0.830453
0.830722
0.831
0.831288
0.831583
0.831887
0.832197
0.832514
0.832837
0.833165
0.833497
0.833834
0.834173
0.834514
0.834858
0.835202
0.835546
0.83589
0.836233
0.836574
0.836912
0.837247
0.837579
0.837905
0.838226
0.838541
0.838849
0.839151
0.839444
0.839728
0.840004
0.840269
0.840525
0.840769
0.841002
0.841224
0.841433
0.841629
0.841812
0.841981
0.842137
0.842278
0.842404
0.842516
0.842612
0.842693
0.842758
0.842808
0.842841
0.842859
0.84286
0.842845
0.842815
0.842767
0.842704
0.842625
0.84253
0.842419
0.842293
0.842151
0.841994
0.841822
0.841635
0.841434
0.841219
0.84099
0.840748
0.840493
0.840225
0.839945
0.839654
0.839352
0.839039
0.838716
0.838383
0.838042
0.837692
0.837334
0.836969
0.836597
0.836219
0.835836
0.835448
0.835056
0.83466
0.834262
0.833862
0.83346
0.833057
0.832653
0.83225
0.831849
0.831448
0.83105
0.830655
0.830263
0.829874
0.829491
0.829111
0.828738
0.82837
0.828008
0.827652
0.827304
0.826962
0.826629
0.826302
0.825984
0.825673
0.825371
0.825077
0.824792
0.824515
0.824246
0.823986
0.823734
0.823491
0.823256
0.82303
0.822811
0.822601
0.822399
0.822204
0.822018
0.821839
0.821667
0.821503
0.821346
0.821196
0.821052
0.820916
0.820786
0.820663
0.820546
0.820435
0.820331
0.820233
0.820141
0.820054
0.819974
0.819899
0.81983
0.819766
0.819708
0.819655
0.819607
0.819565
0.819527
0.819495
0.819467
0.819444
0.819425
0.81941
0.8194
0.819394
0.819391
0.819392
0.819397
0.819404
0.819415
0.819429
0.819445
0.819464
0.819485
0.819507
0.819532
0.819558
0.819586
0.819615
0.819645
0.819676
0.819708
0.819741
0.819774
0.819807
0.819841
0.819875
0.819909
0.819944
0.819978
0.820013
0.820048
0.820083
0.820119
0.820154
0.820191
0.820227
0.820264
0.820302
0.82034
0.820379
0.820419
0.82046
0.820502
0.820545
0.82059
0.820635
0.820683
0.820731
0.820781
0.820833
0.820886
0.820941
0.820998
0.821056
0.821116
0.821177
0.82124
0.821305
0.82137
0.821437
0.821506
0.821575
0.821645
0.821716
0.821787
0.821859
0.82193
0.822002
0.822073
0.822144
0.822214
0.822283
0.822351
0.822417
0.822481
0.822542
0.822601
0.822658
0.822711
0.82276
0.822806
0.822847
0.822884
0.822916
0.822943
0.822964
0.82298
0.82299
0.822993
0.822989
0.822979
0.822961
0.822936
0.822903
0.822862
0.822812
0.822755
0.822688
0.822613
0.822529
0.822436
0.822334
0.822222
0.822101
0.821971
0.821831
0.821682
0.821524
0.821356
0.821178
0.820992
0.820796
0.820592
0.820379
0.820157
0.819927
0.819688
0.819442
0.819188
0.818927
0.818659
0.818385
0.818104
0.817818
0.817526
0.817229
0.816928
0.816623
0.816315
0.816003
0.815689
0.815374
0.815057
0.814739
0.814422
0.814104
0.813788
0.813474
0.813162
0.812854
0.812549
0.812248
0.811952
0.811662
0.811379
0.811102
0.810833
0.810572
0.810321
0.810079
0.809847
0.809627
0.809418
0.809222
0.809038
0.808868
0.808712
0.808571
0.808445
0.808335
0.808242
0.808165
0.808107
0.808066
0.808044
0.808041
0.808058
0.808095
0.808153
0.808231
0.80833
0.808451
0.808594
0.80876
0.808947
0.809158
0.809392
0.809648
0.809929
0.810233
0.81056
0.810911
0.811287
0.811686
0.812108
0.812555
0.813026
0.81352
0.814038
0.81458
0.815144
0.815732
0.816343
0.816977
0.817632
0.81831
0.81901
0.819731
0.820472
0.821234
0.822017
0.822818
0.823639
0.824478
0.825335
0.82621
0.827101
0.828008
0.828931
0.829868
0.830819
0.831784
0.832761
0.83375
0.834751
0.835761
0.836781
0.83781
0.838846
0.83989
0.840939
0.841994
0.843054
0.844117
0.845183
0.84625
0.847319
0.848388
0.849456
0.850522
0.851586
0.852646
0.853702
0.854754
0.855799
0.856838
0.857869
0.858891
0.859905
0.860908
0.861901
0.862883
0.863852
0.864809
0.865752
0.86668
0.867594
0.868492
0.869375
0.87024
0.871088
0.871919
0.872731
0.873524
0.874297
0.875051
0.875785
0.876498
0.87719
0.87786
0.878509
0.879135
0.879739
0.88032
0.880878
0.881413
0.881924
0.882412
0.882875
0.883314
0.883729
0.884119
0.884484
0.884825
0.88514
0.885431
0.885696
0.885936
0.88615
0.886339
0.886502
0.88664
0.886752
0.886839
0.886899
0.886934
0.886943
0.886926
0.886884
0.886815
0.886721
0.886601
0.886455
0.886283
0.886085
0.885861
0.885612
0.885337
0.885036
0.88471
0.884358
0.88398
0.883577
0.883148
0.882695
0.882216
0.881711
0.881182
0.880628
0.880049
0.879445
0.878817
0.878165
0.877489
0.876788
0.876065
0.875317
0.874547
0.873753
0.872937
0.872099
0.871238
0.870356
0.869453
0.868529
0.867585
0.86662
0.865636
0.864633
0.863612
0.862572
0.861515
0.860441
0.859351
0.858245
0.857125
0.85599
0.854841
0.853679
0.852506
0.85132
0.850125
0.848919
0.847705
0.846482
0.845253
0.844017
0.842775
0.841529
0.84028
0.839028
0.837774
0.83652
0.835266
0.834014
0.832764
0.831518
0.830276
0.82904
0.82781
0.826588
0.825375
0.824171
0.822979
0.821798
0.82063
0.819476
0.818337
0.817214
0.816107
0.815019
0.813949
0.812899
0.81187
0.810862
0.809877
0.808914
0.807976
0.807062
0.806173
0.80531
0.804474
0.803664
0.802882
0.802128
0.801402
0.800705
0.800037
0.799398
0.798789
0.798209
0.797658
0.797137
0.796645
0.796183
0.795749
0.795345
0.794969
0.794621
0.794301
0.794008
0.793741
0.793501
0.793286
0.793096
0.79293
0.792788
0.792668
0.792569
0.792491
0.792433
0.792394
0.792374
0.79237
0.792382
0.792409
0.792451
0.792505
0.792571
0.792649
0.792737
0.792834
0.792939
0.793051
0.793169
0.793293
0.793422
0.793554
0.793689
0.793826
0.793964
0.794103
0.794242
0.79438
0.794516
0.794651
0.794783
0.794913
0.795039
0.795161
0.795279
0.795393
0.795502
0.795606
0.795705
0.795798
0.795887
0.795969
0.796046
0.796118
0.796184
0.796244
0.796299
0.796348
0.796392
0.796431
0.796464
0.796493
0.796517
0.796537
0.796552
0.796563
0.796569
0.796573
0.796572
0.796569
0.796562
0.796552
0.79654
0.796525
0.796508
0.796489
0.796468
0.796446
0.796423
0.796398
0.796372
0.796346
0.796319
0.796293
0.796265
0.796239
0.796212
0.796186
0.796161
0.796137
0.796114
0.796092
0.796073
0.796055
0.796039
0.796025
0.796014
0.796006
0.796001
0.795999
0.796
0.796005
0.796014
0.796027
0.796045
0.796067
0.796094
0.796126
0.796163
0.796205
0.796253
0.796307
0.796366
0.796432
0.796504
0.796582
0.796666
0.796757
0.796854
0.796958
0.797069
0.797186
0.79731
0.79744
0.797578
0.797722
0.797872
0.798029
0.798192
0.798362
0.798537
0.798719
0.798907
0.7991
0.7993
0.799504
0.799714
0.799929
0.800149
0.800374
0.800603
0.800836
0.801074
0.801316
0.801562
0.801811
0.802063
0.802319
0.802578
0.80284
0.803105
0.803372
0.803642
0.803915
0.804189
0.804466
0.804745
0.805025
0.805308
0.805592
0.805878
0.806166
0.806455
0.806746
0.807038
0.807332
0.807627
0.807924
0.808222
0.808521
0.808821
0.809123
0.809425
0.809729
0.810034
0.81034
0.810647
0.810954
0.811262
0.811571
0.811881
0.812191
0.812501
0.812811
0.813121
0.813431
0.813741
0.81405
0.814358
0.814666
0.814972
0.815277
0.81558
0.815881
0.81618
0.816477
0.816771
0.817061
0.817349
0.817633
0.817913
0.818189
0.81846
0.818727
0.818988
0.819244
0.819495
0.81974
0.819978
0.820211
0.820436
0.820655
0.820867
0.821072
0.821269
0.821459
0.821641
0.821815
0.821982
0.822141
0.822291
0.822434
0.822569
0.822695
0.822814
0.822925
0.823028
0.823123
0.823211
0.823291
0.823364
0.82343
0.823489
0.823541
0.823587
0.823627
0.82366
0.823688
0.82371
0.823727
0.82374
0.823747
0.82375
0.82375
0.823745
0.823737
0.823726
0.823712
0.823695
0.823676
0.823655
0.823632
0.823608
0.823582
0.823555
0.823528
0.823499
0.823471
0.823441
0.823412
0.823383
0.823353
0.823324
0.823295
0.823266
0.823238
0.82321
0.823183
0.823156
0.823129
0.823103
0.823077
0.823051
0.823026
0.823
0.822975
0.82295
0.822925
0.822899
0.822874
0.822847
0.82282
0.822793
0.822764
0.822735
0.822705
0.822673
0.82264
0.822605
0.822569
0.822531
0.822492
0.82245
0.822406
0.822361
0.822313
0.822262
0.82221
0.822155
0.822098
0.822038
0.821976
0.821912
0.821845
0.821776
0.821705
0.821631
0.821556
0.821478
0.821399
0.821318
0.821236
0.821153
0.821068
0.820983
0.820897
0.820811
0.820726
0.82064
0.820556
0.820473
0.820392
0.820314
0.820238
0.820165
0.820096
0.820032
0.819972
0.819919
0.819871
0.81983
0.819797
0.819772
0.819756
0.81975
0.819754
0.819769
0.819796
0.819836
0.819888
0.819955
0.820036
0.820132
0.820244
0.820372
0.820518
0.820681
0.820862
0.821062
0.82128
0.821518
0.821775
0.822052
0.822349
0.822667
0.823004
0.823362
0.82374
0.824138
0.824556
0.824994
0.82545
0.825926
0.82642
0.826932
0.827461
0.828007
0.828569
0.829146
0.829738
0.830344
0.830962
0.831592
0.832233
0.832884
0.833544
0.834212
0.834887
0.835568
0.836254
0.836945
0.837638
0.838334
0.839031
0.839728
0.840425
0.84112
0.841812
0.842502
0.843188
0.843869
0.844545
0.845214
0.845877
0.846533
0.847181
0.847821
0.848452
0.849074
0.849686
0.850288
0.850879
0.85146
0.85203
0.852589
0.853136
0.853671
0.854195
0.854706
0.855206
0.855693
0.856167
0.856629
0.857079
0.857515
0.857939
0.858351
0.858749
0.859135
0.859508
0.859869
0.860217
0.860552
0.860874
0.861184
0.861482
0.861767
0.862039
0.8623
0.862548
0.862785
0.863009
0.863222
0.863423
0.863612
0.86379
0.863957
0.864113
0.864258
0.864392
0.864515
0.864628
0.86473
0.864822
0.864904
0.864975
0.865037
0.865088
0.86513
0.865162
0.865184
0.865197
0.8652
0.865193
0.865176
0.86515
0.865114
0.865069
0.865013
0.864948
0.864872
0.864787
0.864692
0.864586
0.86447
0.864343
0.864206
0.864058
0.863899
0.863729
0.863547
0.863355
0.86315
0.862935
0.862707
0.862467
0.862216
0.861952
0.861676
0.861388
0.861087
0.860774
0.860449
0.860111
0.85976
0.859397
0.859021
0.858634
0.858233
0.857821
0.857396
0.85696
0.856511
0.856051
0.85558
0.855097
0.854604
0.8541
0.853585
0.85306
0.852526
0.851982
0.851429
0.850868
0.850298
0.849721
0.849136
0.848544
0.847946
0.847342
0.846732
0.846117
0.845498
0.844875
0.844249
0.84362
0.842988
0.842355
0.841721
0.841086
0.840452
0.839818
0.839185
0.838555
0.837927
0.837302
0.836682
0.836065
0.835454
0.834849
0.83425
0.833658
0.833074
0.832498
0.831931
0.831373
0.830826
0.830289
0.829764
0.82925
0.828748
0.82826
0.827784
0.827323
0.826876
0.826443
0.826026
0.825624
0.825237
0.824867
0.824514
0.824177
0.823857
0.823555
0.823269
0.823001
0.822751
0.822519
0.822304
0.822107
0.821927
0.821766
0.821622
0.821496
0.821387
0.821295
0.82122
0.821163
0.821122
0.821098
0.821089
0.821097
0.821121
0.82116
0.821213
0.821282
0.821365
0.821463
0.821574
0.821698
0.821836
0.821986
0.822149
0.822323
0.82251
0.822708
0.822917
0.823137
0.823367
0.823607
0.823857
0.824117
0.824386
0.824664
0.824951
0.825246
0.825549
0.82586
0.826178
0.826504
0.826837
0.827177
0.827524
0.827876
0.828235
0.828599
0.828968
0.829343
0.829722
0.830105
0.830493
0.830884
0.831279
0.831676
0.832077
0.832479
0.832882
0.833287
0.833693
0.834099
0.834505
0.83491
0.835315
0.835717
0.836118
0.836515
0.83691
0.837301
0.837688
0.83807
0.838448
0.838819
0.839185
0.839544
0.839896
0.840241
0.840578
0.840906
0.841226
0.841537
0.841839
0.84213
0.842412
0.842683
0.842943
0.843192
0.84343
0.843656
0.843871
0.844073
0.844262
0.844439
0.844603
0.844754
0.844892
0.845016
0.845126
0.845222
0.845304
0.845371
0.845424
0.845461
0.845484
0.845492
0.845483
0.845459
0.845419
0.845363
0.845291
0.845201
0.845095
0.844972
0.844831
0.844673
0.844497
0.844303
0.844091
0.843861
0.843612
0.843344
0.843058
0.842753
0.842428
0.842085
0.841722
0.84134
0.840938
0.840518
0.840077
0.839618
0.839139
0.838641
0.838124
0.837588
0.837033
0.83646
0.835868
0.835258
0.834631
0.833985
0.833323
0.832644
0.831949
0.831237
0.83051
0.829768
0.829011
0.828241
0.827457
0.82666
0.825851
0.825031
0.824199
0.823357
0.822506
0.821646
0.820777
0.819901
0.819019
0.818131
0.817237
0.81634
0.815438
0.814534
0.813628
0.812721
0.811814
0.810908
0.810002
0.8091
0.8082
0.807304
0.806413
0.805528
0.80465
0.803778
0.802915
0.802062
0.801218
0.800385
0.799564
0.798756
0.797961
0.797181
0.796416
0.795667
0.794935
0.794221
0.793526
0.79285
0.792195
0.791561
0.790949
0.79036
0.789795
0.789254
0.788738
0.788249
0.787786
0.787351
0.786943
0.786565
0.786215
0.785896
0.785606
0.785347
0.785119
0.784923
0.784758
0.784625
0.784525
0.784456
0.784419
0.784415
0.784443
0.784502
0.784593
0.784716
0.784869
0.785053
0.785267
0.785511
0.785784
0.786084
0.786413
0.786768
0.787149
0.787555
0.787985
0.788439
0.788914
0.789411
0.789929
0.790465
0.791019
0.79159
0.792177
0.792779
0.793395
0.794023
0.794662
0.795311
0.795969
0.796636
0.797309
0.797988
0.798671
0.799358
0.800047
0.800738
0.801429
0.80212
0.802809
0.803496
0.804179
0.804858
0.805532
0.806199
0.806861
0.807514
0.808159
0.808796
0.809422
0.810039
0.810644
0.811239
0.811821
0.812391
0.812948
0.813491
0.814022
0.814538
0.81504
0.815528
0.816001
0.81646
0.816904
0.817332
0.817746
0.818145
0.818529
0.818898
0.819252
0.819592
0.819917
0.820229
0.820526
0.82081
0.821081
0.821338
0.821584
0.821817
0.822038
0.822249
0.822449
0.822638
0.822818
0.822989
0.823152
0.823307
0.823455
0.823596
0.823731
0.823861
0.823986
0.824107
0.824225
0.82434
0.824453
0.824565
0.824676
0.824787
0.824898
0.82501
0.825124
0.82524
0.825359
0.825481
0.825606
0.825736
0.825871
0.82601
0.826155
0.826306
0.826462
0.826625
0.826794
0.82697
0.827152
0.827341
0.827537
0.82774
0.827949
0.828165
0.828388
0.828617
0.828851
0.829092
0.829338
0.829588
0.829844
0.830104
0.830367
0.830633
0.830903
0.831174
0.831446
0.831719
0.831993
0.832265
0.832537
0.832806
0.833072
0.833335
0.833594
0.833848
0.834095
0.834336
0.83457
0.834796
0.835012
0.83522
0.835417
0.835603
0.835777
0.835939
0.836089
0.836225
0.836347
0.836454
0.836547
0.836624
0.836686
0.836731
0.836761
0.836773
0.836769
0.836748
0.83671
0.836654
0.836581
0.836492
0.836385
0.836261
0.836121
0.835964
0.83579
0.835601
0.835397
0.835177
0.834944
0.834696
0.834434
0.83416
0.833874
0.833577
0.833269
0.832952
0.832625
0.832291
0.83195
0.831602
0.83125
0.830893
0.830533
0.830172
0.82981
0.829447
0.829087
0.828728
0.828374
0.828024
0.82768
0.827343
0.827015
0.826695
0.826387
0.82609
0.825805
0.825534
0.825278
0.825038
0.824814
0.824608
0.82442
0.824252
0.824104
0.823977
0.823872
0.823789
0.823729
0.823692
0.82368
0.823692
0.823729
0.823791
0.823879
0.823993
0.824133
0.824299
0.824491
0.824709
0.824954
0.825224
0.825521
0.825843
0.826191
0.826564
0.826961
0.827383
0.827829
0.828298
0.82879
0.829304
0.829839
0.830396
0.830973
0.831569
0.832184
0.832817
0.833466
0.834132
0.834814
0.83551
0.836219
0.836941
0.837675
0.83842
0.839176
0.83994
0.840712
0.841493
0.842279
0.843072
0.84387
0.844672
0.845477
0.846285
0.847096
0.847907
0.848719
0.849532
0.850343
0.851154
0.851963
0.852769
0.853573
0.854373
0.85517
0.855962
0.85675
0.857532
0.858309
0.859079
0.859843
0.8606
0.861349
0.862091
0.862824
0.863548
0.864263
0.864968
0.865663
0.866347
0.867019
0.86768
0.868328
0.868963
0.869585
0.870192
0.870785
0.871362
0.871924
0.872469
0.872996
0.873507
0.873998
0.874471
0.874925
0.875359
0.875772
0.876164
0.876535
0.876884
0.87721
0.877514
0.877795
0.878053
0.878287
0.878497
0.878684
0.878846
0.878984
0.879098
0.879187
0.879253
0.879294
0.879312
0.879305
0.879276
0.879222
0.879146
0.879047
0.878926
0.878782
0.878617
0.878431
0.878224
0.877997
0.877751
0.877485
0.8772
0.876898
0.876578
0.87624
0.875886
0.875517
0.875132
0.874732
0.874318
0.87389
0.87345
0.872996
0.872531
0.872055
0.871568
0.871071
0.870565
0.870049
0.869525
0.868994
0.868455
0.86791
0.867359
0.866803
0.866242
0.865678
0.86511
0.864539
0.863966
0.863392
0.862817
0.862242
0.861667
0.861094
0.860522
0.859954
0.859388
0.858826
0.858269
0.857717
0.85717
0.85663
0.856097
0.855572
0.855054
0.854545
0.854045
0.853555
0.853075
0.852605
0.852146
0.851699
0.851262
0.850838
0.850426
0.850026
0.849639
0.849264
0.848902
0.848553
0.848216
0.847893
0.847582
0.847284
0.846998
0.846725
0.846464
0.846214
0.845977
0.845751
0.845535
0.845331
0.845137
0.844953
0.844778
0.844613
0.844456
0.844308
0.844167
0.844035
0.843909
0.84379
0.843678
0.843571
0.84347
0.843375
0.843285
0.8432
0.843119
0.843043
0.842972
0.842904
0.842841
0.842782
0.842727
0.842676
0.84263
0.842588
0.842551
0.842518
0.84249
0.842468
0.842451
0.842439
0.842434
0.842435
0.842443
0.842457
0.842479
0.842509
0.842546
0.842592
0.842646
0.842709
0.842781
0.842863
0.842954
0.843054
0.843165
0.843286
0.843416
0.843557
0.843708
0.843868
0.844039
0.844219
0.844409
0.844608
0.844816
0.845033
0.845258
0.84549
0.845731
0.845977
0.846231
0.846489
0.846753
0.847022
0.847294
0.847569
0.847846
0.848125
0.848405
0.848685
0.848964
0.849242
0.849517
0.84979
0.850058
0.850323
0.850582
0.850835
0.851081
0.851321
0.851552
0.851775
0.851988
0.852192
0.852386
0.852569
0.85274
0.8529
0.853048
0.853183
0.853306
0.853415
0.85351
0.853592
0.85366
0.853713
0.853752
0.853776
0.853785
0.853779
0.853757
0.853721
0.853668
0.8536
0.853516
0.853417
0.853301
0.853169
0.853021
0.852857
0.852677
0.85248
0.852267
0.852037
0.851791
0.851528
0.851249
0.850953
0.85064
0.850311
0.849965
0.849603
0.849224
0.848829
0.848418
0.84799
0.847546
0.847087
0.846612
0.846122
0.845616
0.845096
0.844561
0.844012
0.843449
0.842873
0.842284
0.841682
0.841069
0.840444
0.839808
0.839162
0.838507
0.837842
0.837169
0.836489
0.835801
0.835108
0.834409
0.833705
0.832997
0.832286
0.831572
0.830857
0.830142
0.829426
0.828711
0.827997
0.827286
0.826579
0.825875
0.825175
0.824482
0.823794
0.823113
0.82244
0.821775
0.821119
0.820473
0.819836
0.819211
0.818596
0.817994
0.817403
0.816825
0.81626
0.815709
0.815171
0.814648
0.814138
0.813643
0.813163
0.812698
0.812248
0.811812
0.811392
0.810987
0.810596
0.810221
0.80986
0.809514
0.809182
0.808865
0.808561
0.808271
0.807994
0.807731
0.80748
0.807241
0.807014
0.806798
0.806593
0.806399
0.806214
0.806039
0.805873
0.805715
0.805565
0.805423
0.805287
0.805158
0.805034
0.804916
0.804802
0.804692
0.804586
0.804483
0.804383
0.804285
0.804189
0.804094
0.803999
0.803905
0.803811
0.803716
0.803621
0.803524
0.803426
0.803326
0.803224
0.80312
0.803013
0.802904
0.802791
0.802676
0.802557
0.802435
0.80231
0.802181
0.802049
0.801913
0.801773
0.80163
0.801484
0.801334
0.801181
0.801025
0.800865
0.800703
0.800538
0.80037
0.800199
0.800026
0.799851
0.799673
0.799494
0.799314
0.799131
0.798948
0.798763
0.798578
0.798392
0.798205
0.798019
0.797832
0.797646
0.79746
0.797275
0.79709
0.796907
0.796726
0.796546
0.796368
0.796192
0.796019
0.795848
0.795681
0.795517
0.795357
0.795201
0.795049
0.794903
0.794762
0.794627
0.794498
0.794375
0.79426
0.794153
0.794054
0.793963
0.793883
0.793812
0.793751
0.793702
0.793665
0.79364
0.793629
0.793631
0.793647
0.793679
0.793726
0.793789
0.793868
0.793966
0.794081
0.794214
0.794366
0.794537
0.794728
0.794939
0.79517
0.795421
0.795693
0.795985
0.796299
0.796633
0.796988
0.797363
0.797759
0.798175
0.798611
0.799067
0.799541
0.800035
0.800546
0.801075
0.801621
0.802183
0.802761
0.803354
0.80396
0.80458
0.805211
0.805855
0.806508
0.807171
0.807843
0.808522
0.809207
0.809899
0.810594
0.811294
0.811995
0.812699
0.813402
0.814106
0.814807
0.815507
0.816203
0.816894
0.81758
0.81826
0.818933
0.819598
0.820254
0.820901
0.821536
0.822161
0.822774
0.823374
0.82396
0.824533
0.825091
0.825633
0.82616
0.82667
0.827163
0.827639
0.828097
0.828536
0.828957
0.82936
0.829743
0.830106
0.83045
0.830774
0.831078
0.831363
0.831627
0.831871
0.832095
0.832299
0.832483
0.832647
0.832792
0.832918
0.833025
0.833113
0.833183
0.833235
0.833269
0.833287
0.833287
0.833272
0.833242
0.833196
0.833136
0.833063
0.832976
0.832878
0.832767
0.832646
0.832515
0.832374
0.832225
0.832068
0.831904
0.831734
0.831559
0.831379
0.831195
0.831009
0.83082
0.830631
0.830441
0.830252
0.830064
0.829878
0.829696
0.829517
0.829343
0.829174
0.829011
0.828856
0.828708
0.828569
0.828439
0.828319
0.82821
0.828111
0.828025
0.827951
0.82789
0.827842
0.827809
0.82779
0.827786
0.827797
0.827823
0.827866
0.827925
0.828
0.828092
0.828201
0.828326
0.828469
0.828628
0.828803
0.828996
0.829205
0.82943
0.829671
0.829928
0.8302
0.830486
0.830788
0.831102
0.831431
0.831771
0.832124
0.832488
0.832862
0.833247
0.833639
0.83404
0.834448
0.834861
0.83528
0.835703
0.836129
0.836557
0.836985
0.837413
0.83784
0.838265
0.838686
0.839102
0.839512
0.839915
0.84031
0.840696
0.841072
0.841436
0.841788
0.842126
0.842449
0.842758
0.84305
0.843325
0.843581
0.843819
0.844038
0.844236
0.844413
0.844569
0.844703
0.844814
0.844903
0.844969
0.845011
0.84503
0.845026
0.844997
0.844945
0.84487
0.844771
0.844649
0.844505
0.844338
0.844149
0.843938
0.843707
0.843456
0.843185
0.842896
0.842588
0.842264
0.841924
0.841568
0.841199
0.840816
0.840422
0.840017
0.839602
0.839179
0.838749
0.838313
0.837873
0.837429
0.836983
0.836536
0.83609
0.835646
0.835206
0.834769
0.834338
0.833914
0.833498
0.833092
0.832696
0.832311
0.831939
0.831581
0.831237
0.830909
0.830597
0.830302
0.830026
0.829768
0.829529
0.829311
0.829113
0.828935
0.828779
0.828645
0.828533
0.828443
0.828375
0.82833
0.828307
0.828307
0.828329
0.828373
0.82844
0.828529
0.828639
0.828771
0.828924
0.829098
0.829292
0.829507
0.829741
0.829994
0.830266
0.830556
0.830864
0.831189
0.83153
0.831888
0.832261
0.832649
0.833052
0.833469
0.833899
0.834343
0.834798
0.835265
0.835744
0.836233
0.836733
0.837242
0.83776
0.838287
0.838822
0.839365
0.839915
0.840471
0.841033
0.841601
0.842174
0.842751
0.843332
0.843917
0.844504
0.845094
0.845686
0.846278
0.846871
0.847464
0.848057
0.848648
0.849237
0.849824
0.850407
0.850987
0.851562
0.852132
0.852695
0.853252
0.853802
0.854343
0.854875
0.855398
0.85591
0.856411
0.856899
0.857375
0.857837
0.858284
0.858716
0.859132
0.859531
0.859913
0.860276
0.860619
0.860943
0.861246
0.861527
0.861786
0.862022
0.862235
0.862423
0.862587
0.862725
0.862836
0.862922
0.86298
0.863011
0.863013
0.862987
0.862933
0.862849
0.862736
0.862594
0.862421
0.862219
0.861987
0.861725
0.861432
0.86111
0.860758
0.860377
0.859966
0.859526
0.859057
0.858559
0.858034
0.857482
0.856902
0.856296
0.855665
0.855008
0.854328
0.853624
0.852898
0.85215
0.851381
0.850593
0.849786
0.848962
0.848121
0.847265
0.846394
0.845511
0.844615
0.843709
0.842794
0.841871
0.84094
0.840004
0.839064
0.83812
0.837174
0.836228
0.835282
0.834338
0.833397
0.83246
0.831528
0.830602
0.829683
0.828772
0.827871
0.82698
0.8261
0.825231
0.824376
0.823533
0.822705
0.821892
0.821094
0.820312
0.819546
0.818798
0.818066
0.817353
0.816657
0.815979
0.81532
0.814679
0.814057
0.813454
0.81287
0.812305
0.811758
0.811231
0.810721
0.810231
0.809759
0.809305
0.808869
0.80845
0.80805
0.807666
0.8073
0.80695
0.806616
0.806299
0.805997
0.805711
0.80544
0.805183
0.804941
0.804713
0.804499
0.804298
0.804111
0.803936
0.803773
0.803623
0.803484
0.803357
0.803242
0.803137
0.803044
0.802961
0.802888
0.802825
0.802772
0.802729
0.802696
0.802672
0.802657
0.802652
0.802655
0.802667
0.802688
0.802718
0.802756
0.802803
0.802859
0.802922
0.802995
0.803075
0.803164
0.803261
0.803367
0.803481
0.803603
0.803734
0.803873
0.80402
0.804176
0.80434
0.804512
0.804693
0.804883
0.805081
0.805288
0.805503
0.805727
0.80596
0.806202
0.806452
0.806711
0.80698
0.807257
0.807543
0.807838
0.808142
0.808455
0.808777
0.809109
0.809449
0.809799
0.810157
0.810525
0.810902
0.811288
0.811683
0.812087
0.812499
0.812921
0.813352
0.813791
0.814239
0.814695
0.81516
0.815633
0.816114
0.816603
0.8171
0.817604
0.818115
0.818634
0.81916
0.819692
0.82023
0.820775
0.821325
0.821881
0.822441
0.823007
0.823576
0.82415
0.824727
0.825307
0.825889
0.826474
0.82706
0.827647
0.828235
0.828822
0.829409
0.829995
0.830579
0.831161
0.83174
0.832315
0.832885
0.833451
0.834011
0.834565
0.835112
0.835652
0.836183
0.836705
0.837217
0.837719
0.83821
0.838689
0.839156
0.83961
0.84005
0.840476
0.840887
0.841283
0.841662
0.842026
0.842372
0.842701
0.843012
0.843304
0.843578
0.843833
0.844069
0.844285
0.844481
0.844658
0.844814
0.84495
0.845065
0.845161
0.845236
0.845291
0.845325
0.84534
0.845335
0.84531
0.845267
0.845204
0.845122
0.845023
0.844905
0.84477
0.844618
0.84445
0.844265
0.844066
0.843851
0.843622
0.84338
0.843125
0.842857
0.842578
0.842287
0.841986
0.841676
0.841356
0.841029
0.840693
0.840351
0.840002
0.839648
0.839289
0.838925
0.838559
0.838189
0.837817
0.837444
0.83707
0.836695
0.836321
0.835948
0.835577
0.835209
0.834843
0.834481
0.834123
0.83377
0.833423
0.833081
0.832747
0.832419
0.8321
0.831789
0.831487
0.831195
0.830913
0.830642
0.830382
0.830135
0.8299
0.829678
0.82947
0.829276
0.829096
0.828932
0.828784
0.828651
0.828535
0.828436
0.828355
0.828291
0.828245
0.828217
0.828208
0.828217
0.828245
0.828292
0.828359
0.828444
0.828549
0.828673
0.828815
0.828977
0.829157
0.829355
0.829572
0.829807
0.830059
0.830327
0.830613
0.830914
0.831231
0.831563
0.831909
0.832268
0.832641
0.833025
0.833421
0.833827
0.834243
0.834667
0.8351
0.83554
0.835986
0.836437
0.836893
0.837352
0.837814
0.838278
0.838742
0.839207
0.83967
0.840132
0.840591
0.841047
0.841498
0.841944
0.842385
0.842819
0.843247
0.843666
0.844077
0.844479
0.844872
0.845254
0.845626
0.845988
0.846338
0.846677
0.847003
0.847318
0.84762
0.84791
0.848187
0.848452
0.848703
0.848942
0.849168
0.849381
0.849581
0.849768
0.849943
0.850105
0.850255
0.850392
0.850518
0.850631
0.850733
0.850824
0.850904
0.850972
0.851031
0.851078
0.851116
0.851144
0.851163
0.851173
0.851174
0.851166
0.85115
0.851126
0.851095
0.851057
0.851012
0.85096
0.850902
0.850838
0.850769
0.850695
0.850616
0.850532
0.850444
0.850353
0.850257
0.850159
0.850057
0.849953
0.849847
0.849739
0.849629
0.849517
0.849404
0.84929
0.849176
0.849061
0.848945
0.84883
0.848715
0.848599
0.848485
0.84837
0.848256
0.848143
0.848031
0.847919
0.847808
0.847697
0.847588
0.847479
0.84737
0.847262
0.847155
0.847047
0.84694
0.846833
0.846725
0.846617
0.846508
0.846398
0.846287
0.846174
0.846059
0.845943
0.845824
0.845702
0.845577
0.845449
0.845317
0.845181
0.845041
0.844896
0.844746
0.84459
0.844429
0.844262
0.844089
0.843908
0.843721
0.843527
0.843326
0.843116
0.842899
0.842673
0.842439
0.842197
0.841946
0.841686
0.841417
0.841139
0.840852
0.840556
0.840251
0.839936
0.839613
0.839281
0.83894
0.83859
0.838232
0.837865
0.83749
0.837107
0.836717
0.836319
0.835914
0.835502
0.835084
0.834659
0.834229
0.833793
0.833353
0.832907
0.832458
0.832004
0.831548
0.831088
0.830625
0.83016
0.829694
0.829226
0.828757
0.828287
0.827818
0.827348
0.826879
0.826411
0.825944
0.825479
0.825016
0.824555
0.824097
0.823642
0.823191
0.822743
0.8223
0.821861
0.821427
0.820998
0.820575
0.820157
0.819745
0.81934
0.818942
0.818551
0.818167
0.817791
0.817422
0.817063
0.816712
0.81637
0.816037
0.815714
0.8154
0.815097
0.814805
0.814524
0.814253
0.813995
0.813748
0.813513
0.813291
0.813081
0.812884
0.812701
0.812531
0.812375
0.812234
0.812106
0.811994
0.811896
0.811814
0.811747
0.811696
0.81166
0.811641
0.811638
0.811652
0.811682
0.811729
0.811794
0.811875
0.811973
0.812089
0.812222
0.812373
0.812541
0.812727
0.81293
0.813151
0.813389
0.813644
0.813916
0.814206
0.814512
0.814835
0.815174
0.815529
0.8159
0.816287
0.816688
0.817104
0.817534
0.817978
0.818436
0.818905
0.819387
0.819881
0.820385
0.820899
0.821423
0.821955
0.822496
0.823043
0.823598
0.824157
0.824721
0.82529
0.825861
0.826434
0.827009
0.827584
0.828159
0.828733
0.829304
0.829872
0.830436
0.830996
0.83155
0.832097
0.832638
0.83317
0.833694
0.834209
0.834714
0.835209
0.835692
0.836164
0.836624
0.837071
0.837506
0.837927
0.838335
0.83873
0.83911
0.839476
0.839829
0.840167
0.840491
0.840801
0.841097
0.84138
0.841649
0.841904
0.842147
0.842377
0.842594
0.8428
0.842994
0.843177
0.843349
0.843511
0.843663
0.843806
0.843941
0.844067
0.844185
0.844296
0.844401
0.844499
0.844592
0.844679
0.844761
0.84484
0.844914
0.844985
0.845052
0.845117
0.845179
0.845239
0.845297
0.845353
0.845408
0.845461
0.845513
0.845564
0.845614
0.845662
0.845709
0.845756
0.845801
0.845844
0.845886
0.845926
0.845965
0.846001
0.846035
0.846067
0.846095
0.84612
0.846142
0.84616
0.846173
0.846182
0.846186
0.846184
0.846177
0.846163
0.846143
0.846116
0.846082
0.846039
0.845989
0.84593
0.845863
0.845786
0.8457
0.845605
0.845499
0.845383
0.845257
0.84512
0.844973
0.844814
0.844645
0.844464
0.844273
0.84407
0.843856
0.843631
0.843396
0.843149
0.842892
0.842624
0.842346
0.842057
0.841759
0.841452
0.841135
0.840809
0.840475
0.840133
0.839783
0.839425
0.839061
0.838691
0.838315
0.837933
0.837547
0.837156
0.836761
0.836363
0.835963
0.83556
0.835155
0.83475
0.834344
0.833938
0.833532
0.833128
0.832725
0.832324
0.831926
0.831532
0.831141
0.830754
0.830371
0.829994
0.829623
0.829257
0.828898
0.828546
0.828201
0.827863
0.827533
0.827212
0.826899
0.826595
0.8263
0.826014
0.825739
0.825473
0.825217
0.824972
0.824737
0.824513
0.824299
0.824097
0.823906
0.823726
0.823558
0.823401
0.823256
0.823122
0.823
0.82289
0.822793
0.822707
0.822633
0.822571
0.822521
0.822483
0.822458
0.822445
0.822444
0.822455
0.822478
0.822514
0.822563
0.822623
0.822696
0.822782
0.82288
0.82299
0.823113
0.823249
0.823397
0.823558
0.823731
0.823917
0.824116
0.824327
0.824551
0.824788
0.825038
0.8253
0.825575
0.825863
0.826163
0.826477
0.826803
0.827141
0.827492
0.827856
0.828232
0.82862
0.829021
0.829434
0.829859
0.830295
0.830744
0.831204
0.831675
0.832157
0.83265
0.833154
0.833668
0.834191
0.834725
0.835268
0.835819
0.836379
0.836947
0.837523
0.838106
0.838696
0.839291
0.839893
0.840499
0.84111
0.841725
0.842344
0.842965
0.843588
0.844212
0.844838
0.845463
0.846088
0.846711
0.847333
0.847952
0.848567
0.849178
0.849785
0.850385
0.85098
0.851567
0.852146
0.852716
0.853277
0.853828
0.854368
0.854896
0.855412
0.855915
0.856404
0.856879
0.857338
0.857782
0.858209
0.85862
0.859012
0.859386
0.859742
0.860078
0.860394
0.860689
0.860964
0.861218
0.86145
0.86166
0.861848
0.862013
0.862155
0.862274
0.86237
0.862443
0.862492
0.862517
0.862519
0.862498
0.862454
0.862386
0.862295
0.862181
0.862045
0.861887
0.861707
0.861505
0.861283
0.86104
0.860777
0.860494
0.860193
0.859874
0.859537
0.859184
0.858814
0.858429
0.85803
0.857617
0.857191
0.856752
0.856303
0.855843
0.855374
0.854896
0.85441
0.853917
0.853417
0.852913
0.852403
0.85189
0.851373
0.850854
0.850333
0.84981
0.849287
0.848765
0.848242
0.847721
0.847202
0.846684
0.846169
0.845656
0.845147
0.84464
0.844138
0.843639
0.843145
0.842654
0.842168
0.841686
0.841209
0.840737
0.84027
0.839807
0.839349
0.838896
0.838448
0.838004
0.837566
0.837132
0.836704
0.83628
0.835862
0.835448
0.83504
0.834636
0.834238
0.833845
0.833458
0.833076
0.832699
0.832328
0.831963
0.831603
0.83125
0.830902
0.830561
0.830227
0.829899
0.829578
0.829264
0.828956
0.828656
0.828364
0.828079
0.827802
0.827533
0.827271
0.827018
0.826773
0.826536
0.826308
0.826088
0.825876
0.825674
0.825479
0.825293
0.825116
0.824947
0.824787
0.824635
0.824491
0.824355
0.824228
0.824109
0.823997
0.823893
0.823797
0.823709
0.823627
0.823553
0.823486
0.823426
0.823373
0.823326
0.823286
0.823252
0.823225
0.823203
0.823188
0.823179
0.823176
0.823179
0.823187
0.823202
0.823222
0.823248
0.82328
0.823318
0.823362
0.823411
0.823467
0.823528
0.823595
0.823669
0.823748
0.823833
0.823925
0.824023
0.824126
0.824236
0.824352
0.824474
0.824602
0.824736
0.824876
0.825021
0.825172
0.825329
0.825491
0.825658
0.825829
0.826006
0.826187
0.826372
0.826561
0.826753
0.826948
0.827146
0.827347
0.82755
0.827754
0.827959
0.828165
0.828371
0.828577
0.828783
