8.27704
8.27381
8.26928
8.26342
8.25624
8.24772
8.23784
8.22658
8.21393
8.19986
8.18434
8.16736
8.14887
8.12885
8.10726
8.08407
8.05923
8.0327
8.00444
7.97439
7.94253
7.90879
7.87312
7.83546
7.79578
7.754
7.71008
7.66396
7.61558
7.56489
7.51184
7.45638
7.39845
7.33802
7.27504
7.20948
7.14131
7.07052
6.99709
6.92103
6.84234
6.76106
6.67722
6.5909
6.50215
6.41109
6.31782
6.22249
6.12527
6.02634
5.92592
5.82423
5.72155
5.61816
5.51436
5.41048
5.30686
5.20385
5.10182
5.00113
4.90215
4.80526
4.7108
4.61911
4.53052
4.44533
4.36381
4.2862
4.2127
4.1435
4.07871
4.01845
3.96277
3.91169
3.86522
3.82331
3.78588
3.75285
3.72408
3.69945
3.67878
3.66191
3.64865
3.6388
3.63217
3.62856
3.62775
3.62954
3.63373
3.64011
3.6485
3.6587
3.67052
3.6838
3.69836
3.71404
3.73069
3.74817
3.76633
3.78505
3.80422
3.82372
3.84344
3.8633
3.8832
3.90307
3.92283
3.94241
3.96176
3.98081
3.99952
4.01784
4.03574
4.05318
4.07014
4.08658
4.1025
4.11787
4.13267
4.14691
4.16058
4.17367
4.18619
4.19814
4.20953
4.22036
4.23066
4.24043
4.24969
4.25846
4.26676
4.27461
4.28203
4.28904
4.29567
4.30195
4.30789
4.31351
4.31885
4.32392
4.32874
4.33335
4.33774
4.34195
4.34598
4.34986
4.3536
4.3572
4.36069
4.36407
4.36735
4.37053
4.37363
4.37665
4.37959
4.38247
4.38529
4.38805
4.39076
4.39342
4.39604
4.39862
4.40116
4.40368
4.40617
4.40864
4.41109
4.41352
4.41594
4.41833
4.42071
4.42307
4.42541
4.42771
4.42998
4.43221
4.43438
4.4365
4.43855
4.44051
4.44238
4.44415
4.44581
4.44735
4.44875
4.45002
4.45114
4.4521
4.45291
4.45356
4.45404
4.45435
4.45449
4.45445
4.45423
4.45384
4.45326
4.45249
4.45152
4.45036
4.44899
4.4474
4.4456
4.44356
4.44129
4.43877
4.43599
4.43295
4.42964
4.42605
4.42218
4.41801
4.41355
4.4088
4.40375
4.39839
4.39274
4.3868
4.38055
4.37402
4.36721
4.36013
4.35278
4.34518
4.33734
4.32928
4.32102
4.31258
4.30398
4.29526
4.28645
4.27756
4.26865
4.25974
4.25087
4.24208
4.23341
4.22488
4.21653
4.20838
4.20047
4.19281
4.18541
4.17829
4.17145
4.16489
4.1586
4.15258
4.1468
4.14126
4.13594
4.13081
4.12586
4.12106
4.11639
4.11184
4.10739
4.10303
4.09873
4.0945
4.09031
4.08618
4.08209
4.07804
4.07405
4.07011
4.06623
4.06243
4.05872
4.05512
4.05164
4.04829
4.04511
4.04211
4.03931
4.03674
4.03441
4.03234
4.03056
4.02907
4.02791
4.02707
4.02657
4.02642
4.02664
4.02721
4.02815
4.02945
4.0311
4.03311
4.03546
4.03814
4.04114
4.04444
4.04803
4.05188
4.05598
4.06032
4.06486
4.06959
4.07449
4.07954
4.08473
4.09003
4.09544
4.10093
4.1065
4.11213
4.11781
4.12354
4.12929
4.13506
4.14085
4.14665
4.15245
4.15823
4.16401
4.16976
4.17549
4.18118
4.18683
4.19243
4.19798
4.20348
4.20891
4.21427
4.21956
4.22477
4.22989
4.23492
4.23985
4.24467
4.24937
4.25395
4.2584
4.2627
4.26685
4.27083
4.27463
4.27824
4.28164
4.28482
4.28778
4.29048
4.29293
4.29511
4.29701
4.29863
4.29997
4.30102
4.30178
4.30227
4.30249
4.30246
4.30221
4.30175
4.30112
4.30035
4.29947
4.29852
4.29754
4.29656
4.29561
4.29473
4.29392
4.29322
4.29262
4.29214
4.29177
4.29151
4.29134
4.29125
4.29121
4.29122
4.29124
4.29127
4.29127
4.29125
4.29118
4.29106
4.29088
4.29064
4.29033
4.28996
4.28954
4.28906
4.28854
4.28799
4.28742
4.28683
4.28625
4.28568
4.28514
4.28463
4.28418
4.28379
4.28348
4.28324
4.2831
4.28306
4.28311
4.28327
4.28353
4.2839
4.28436
4.28492
4.28556
4.28628
4.28707
4.2879
4.28878
4.28968
4.29058
4.29148
4.29235
4.29319
4.29396
4.29465
4.29526
4.29576
4.29613
4.29637
4.29645
4.29637
4.29612
4.29568
4.29503
4.29418
4.29312
4.29182
4.29029
4.28852
4.2865
4.28422
4.28168
4.27887
4.27579
4.27242
4.26878
4.26484
4.2606
4.25607
4.25124
4.24611
4.24067
4.23494
4.2289
4.22256
4.21594
4.20904
4.20187
4.19445
4.1868
4.17893
4.17087
4.16266
4.15432
4.14589
4.1374
4.12889
4.12041
4.112
4.1037
4.09556
4.08761
4.07991
4.07249
4.06539
4.05864
4.05228
4.04633
4.04081
4.03575
4.03116
4.02705
4.02343
4.02029
4.01765
4.01549
4.0138
4.01259
4.01183
4.01151
4.01162
4.01214
4.01306
4.01435
4.016
4.01799
4.0203
4.02292
4.02583
4.02901
4.03245
4.03614
4.04005
4.04418
4.04852
4.05305
4.05777
4.06267
4.06773
4.07296
4.07835
4.08389
4.08958
4.0954
4.10136
4.10745
4.11366
4.11999
4.12641
4.13294
4.13954
4.14622
4.15295
4.15973
4.16653
4.17334
4.18013
4.1869
4.19361
4.20025
4.2068
4.21324
4.21954
4.22569
4.23167
4.23745
4.24303
4.24838
4.2535
4.25836
4.26296
4.26729
4.27135
4.27514
4.27865
4.28188
4.28484
4.28755
4.29
4.29221
4.2942
4.29598
4.29757
4.29899
4.30025
4.30139
4.3024
4.30333
4.30417
4.30495
4.30567
4.30636
4.307
4.30761
4.30819
4.30873
4.30923
4.30968
4.31007
4.31038
4.31061
4.31072
4.31071
4.31056
4.31026
4.30978
4.30912
4.30826
4.30718
4.30589
4.30437
4.30263
4.30065
4.29845
4.29602
4.29337
4.29052
4.28748
4.28426
4.28088
4.27736
4.27372
4.27
4.2662
4.26237
4.25854
4.25472
4.25096
4.24728
4.24373
4.24032
4.2371
4.2341
4.23134
4.22886
4.22669
4.22485
4.22337
4.22227
4.22157
4.22128
4.22141
4.22197
4.22295
4.22434
4.22614
4.22832
4.23085
4.23371
4.23686
4.24025
4.24384
4.24757
4.25139
4.25524
4.25907
4.26282
4.26643
4.26984
4.273
4.27586
4.27837
4.28049
4.28218
4.28339
4.28411
4.28431
4.28396
4.28305
4.28156
4.2795
4.27685
4.27362
4.26982
4.26545
4.26053
4.25507
4.2491
4.24264
4.23571
4.22836
4.22061
4.2125
4.20406
4.19535
4.1864
4.17726
4.16797
4.15859
4.14915
4.13972
4.13033
4.12103
4.11186
4.10288
4.09411
4.0856
4.07739
4.06949
4.06195
4.05479
4.04802
4.04166
4.03571
4.0302
4.02511
4.02045
4.0162
4.01236
4.00892
4.00584
4.00312
4.00072
3.99862
3.99679
3.99521
3.99384
3.99265
3.99161
3.99069
3.98987
3.98912
3.98843
3.98776
3.98711
3.98645
3.98579
3.98513
3.98445
3.98376
3.98308
3.98241
3.98177
3.98119
3.98068
3.98027
3.97999
3.97986
3.97992
3.9802
3.98072
3.98151
3.98259
3.98398
3.98569
3.98774
3.99013
3.99286
3.99594
3.99935
4.00308
4.00713
4.01146
4.01607
4.02093
4.02601
4.03131
4.03678
4.04241
4.04818
4.05406
4.06003
4.06607
4.07215
4.07827
4.08439
4.0905
4.09658
4.10261
4.10856
4.11443
4.12019
4.12581
4.13128
4.13658
4.14168
4.14655
4.15118
4.15555
4.15961
4.16337
4.16678
4.16984
4.17251
4.17478
4.17664
4.17807
4.17906
4.17961
4.1797
4.17934
4.17854
4.17729
4.17562
4.17354
4.17106
4.16821
4.16502
4.16151
4.15772
4.15369
4.14944
4.14502
4.14047
4.13583
4.13113
4.12642
4.12174
4.11712
4.1126
4.10821
4.10397
4.09993
4.09609
4.09247
4.08909
4.08595
4.08305
4.08039
4.07797
4.07577
4.07377
4.07197
4.07033
4.06884
4.06748
4.06623
4.06506
4.06397
4.06293
4.06194
4.061
4.06009
4.05923
4.05842
4.05766
4.05697
4.05637
4.05588
4.0555
4.05528
4.05522
4.05535
4.05569
4.05627
4.0571
4.0582
4.05958
4.06125
4.06323
4.06552
4.06811
4.07101
4.07422
4.07771
4.08149
4.08552
4.0898
4.0943
4.09899
4.10385
4.10885
4.11395
4.11914
4.12437
4.12962
4.13484
4.14002
4.14512
4.15011
4.15497
4.15966
4.16415
4.16843
4.17247
4.17625
4.17975
4.18295
4.18582
4.18836
4.19055
4.19238
4.19382
4.19488
4.19553
4.19577
4.19559
4.19499
4.19396
4.19249
4.19059
4.18827
4.18552
4.18236
4.1788
4.17486
4.17057
4.16595
4.16103
4.15585
4.15046
4.14489
4.13919
4.13342
4.12762
4.12185
4.11615
4.11058
4.10519
4.10002
4.0951
4.09047
4.08616
4.08218
4.07856
4.0753
4.07241
4.06988
4.0677
4.06587
4.06435
4.06313
4.06219
4.0615
4.06102
4.06073
4.06059
4.06056
4.06062
4.06073
4.06085
4.06096
4.06101
4.06098
4.06084
4.06056
4.06012
4.0595
4.05869
4.05767
4.05644
4.05499
4.05333
4.05147
4.04941
4.04719
4.04481
4.04231
4.03972
4.03706
4.03438
4.03171
4.02909
4.02655
4.02413
4.02186
4.01976
4.01786
4.01618
4.01473
4.01352
4.01255
4.01181
4.01129
4.01098
4.01086
4.0109
4.01108
4.01137
4.01174
4.01217
4.01262
4.01308
4.01351
4.01389
4.0142
4.01444
4.01459
4.01463
4.01457
4.01441
4.01414
4.01377
4.01331
4.01277
4.01216
4.0115
4.0108
4.01007
4.00934
4.00862
4.00793
4.00729
4.00672
4.00622
4.00583
4.00553
4.00535
4.0053
4.00538
4.00558
4.00591
4.00636
4.00693
4.00761
4.00838
4.00923
4.01013
4.01109
4.01207
4.01305
4.01403
4.01498
4.01588
4.01673
4.01751
4.01821
4.01883
4.01937
4.01983
4.0202
4.02051
4.02075
4.02093
4.02108
4.0212
4.02131
4.02141
4.02153
4.02168
4.02187
4.0221
4.02239
4.02273
4.02314
4.02361
4.02414
4.02473
4.02538
4.02608
4.02683
4.02761
4.02842
4.02925
4.03009
4.03094
4.03178
4.03261
4.03341
4.03418
4.03489
4.03555
4.03614
4.03665
4.03705
4.03734
4.0375
4.03751
4.03737
4.03704
4.03653
4.03581
4.03487
4.0337
4.0323
4.03066
4.02877
4.02664
4.02428
4.02168
4.01887
4.01586
4.01267
4.00932
4.00583
4.00224
3.99856
3.99483
3.99107
3.98732
3.98359
3.97992
3.97632
3.97282
3.96943
3.96616
3.96301
3.96001
3.95713
3.95439
3.95177
3.94926
3.94686
3.94455
3.94232
3.94014
3.93801
3.93591
3.93383
3.93175
3.92966
3.92756
3.92544
3.92329
3.92112
3.91892
3.9167
3.91446
3.91222
3.90997
3.90773
3.90552
3.90333
3.90118
3.89909
3.89707
3.89512
3.89325
3.89149
3.88983
3.88828
3.88686
3.88557
3.88442
3.88342
3.88256
3.88186
3.88132
3.88094
3.88073
3.88069
3.88081
3.88111
3.88158
3.88221
3.88301
3.88398
3.88511
3.88639
3.88782
3.8894
3.89111
3.89295
3.89492
3.897
3.89919
3.90149
3.90387
3.90634
3.90888
3.9115
3.91418
3.91691
3.91968
3.9225
3.92534
3.92819
3.93105
3.93392
3.93676
3.93958
3.94237
3.94511
3.94779
3.9504
3.95295
3.9554
3.95778
3.96006
3.96225
3.96434
3.96635
3.96827
3.97012
3.97189
3.97361
3.97529
3.97693
3.97855
3.98017
3.98179
3.98344
3.98511
3.98683
3.98859
3.9904
3.99227
3.99418
3.99613
3.99812
4.00012
4.00213
4.00413
4.00609
4.00799
4.00981
4.01151
4.01309
4.0145
4.01572
4.01672
4.01749
4.01799
4.01821
4.01813
4.01773
4.01701
4.01595
4.01455
4.01279
4.01069
4.00825
4.00548
4.00237
3.99895
3.99523
3.99122
3.98695
3.98243
3.97769
3.97274
3.96762
3.96233
3.95691
3.95138
3.94576
3.94007
3.93433
3.92857
3.92279
3.91703
3.91129
3.90559
3.89996
3.89441
3.88895
3.8836
3.87838
3.87331
3.8684
3.86368
3.85916
3.85487
3.85081
3.84702
3.84351
3.84031
3.83743
3.83489
3.83273
3.83094
3.82956
3.8286
3.82808
3.82801
3.8284
3.82927
3.83063
3.83248
3.83483
3.83769
3.84104
3.84489
3.84924
3.85406
3.85936
3.8651
3.87128
3.87787
3.88485
3.89218
3.89983
3.90778
3.91598
3.92441
3.93301
3.94176
3.95061
3.95953
3.96847
3.9774
3.98628
3.99507
4.00374
4.01225
4.02057
4.02866
4.0365
4.04407
4.05132
4.05824
4.0648
4.07098
4.07677
4.08213
4.08706
4.09153
4.09554
4.09907
4.10212
4.10467
4.10671
4.10826
4.1093
4.10984
4.10988
4.10944
4.10852
4.10715
4.10533
4.1031
4.10048
4.0975
4.09419
4.0906
4.08676
4.08272
4.07853
4.07422
4.06987
4.0655
4.06119
4.05697
4.05291
4.04903
4.04539
4.04203
4.03896
4.03623
4.03384
4.0318
4.03012
4.02878
4.02778
4.02709
4.02668
4.02654
4.02662
4.0269
4.02734
4.02791
4.02859
4.02935
4.03017
4.03103
4.03192
4.03283
4.03375
4.03467
4.0356
4.03653
4.03747
4.03842
4.03937
4.04033
4.04131
4.0423
4.0433
4.04431
4.04532
4.04634
4.04735
4.04836
4.04935
4.05031
4.05124
4.05212
4.05295
4.05372
4.05441
4.05501
4.05552
4.05592
4.05619
4.05633
4.05633
4.05618
4.05587
4.05538
4.05472
4.05387
4.05283
4.0516
4.05018
4.04857
4.04678
4.04482
4.04269
4.04042
4.03802
4.03552
4.03292
4.03026
4.02756
4.02485
4.02214
4.01945
4.01679
4.0142
4.01167
4.00922
4.00685
4.00459
4.00243
4.0004
3.99852
3.9968
3.99528
3.99399
3.99295
3.99222
3.99181
3.99176
3.99209
3.99283
3.99398
3.99553
3.99747
3.99979
4.00243
4.00537
4.00854
4.01191
4.0154
4.01897
4.02256
4.02612
4.02961
4.03298
4.0362
4.03924
4.04209
4.04472
4.04713
4.04932
4.05129
4.05305
4.05461
4.056
4.05722
4.05832
4.0593
4.06021
4.06107
4.06191
4.06276
4.06366
4.06463
4.06571
4.06691
4.06826
4.06977
4.07145
4.07331
4.07535
4.07754
4.07988
4.08233
4.08489
4.0875
4.09014
4.09278
4.09538
4.09792
4.10036
4.10269
4.10489
4.10694
4.10886
4.11063
4.11227
4.11378
4.11519
4.11651
4.11776
4.11896
4.12014
4.12132
4.12253
4.12377
4.12507
4.12645
4.1279
4.12943
4.13105
4.13275
4.13452
4.13635
4.13822
4.14011
4.142
4.14386
4.14567
4.14739
4.14899
4.15044
4.15172
4.15279
4.15363
4.15421
4.1545
4.15449
4.15416
4.15349
4.15247
4.15109
4.14934
4.14724
4.14476
4.14193
4.13875
4.13523
4.13138
4.12723
4.12278
4.11806
4.11309
4.1079
4.1025
4.09693
4.09121
4.08537
4.07944
4.07344
4.0674
4.06136
4.05533
4.04936
4.04346
4.03767
4.03201
4.02652
4.02121
4.01613
4.01129
4.00672
4.00244
3.99849
3.99489
3.99165
3.9888
3.98636
3.98435
3.98277
3.98165
3.98098
3.98078
3.98104
3.98176
3.98294
3.98456
3.9866
3.98904
3.99186
3.99502
3.99849
4.00223
4.0062
4.01034
4.01462
4.01898
4.02337
4.02774
4.03205
4.03624
4.04028
4.04411
4.04772
4.05105
4.05409
4.05682
4.05921
4.06127
4.063
4.06438
4.06545
4.06621
4.0667
4.06694
4.06697
4.06683
4.06656
4.06623
4.06587
4.06553
4.06528
4.06516
4.06521
4.0655
4.06604
4.06688
4.06805
4.06956
4.07143
4.07367
4.07626
4.07921
4.08249
4.08609
4.08998
4.09413
4.0985
4.10306
4.10777
4.11259
4.11749
4.12243
4.12738
4.1323
4.13716
4.14193
4.14659
4.15113
4.15551
4.15972
4.16376
4.16762
4.17128
4.17474
4.17801
4.18108
4.18395
4.18662
4.18911
4.1914
4.19351
4.19544
4.19719
4.19876
4.20016
4.20138
4.20243
4.2033
4.20398
4.20446
4.20475
4.20483
4.2047
4.20433
4.20372
4.20285
4.20171
4.2003
4.19859
4.19659
4.19428
4.19167
4.18874
4.1855
4.18195
4.17811
4.17398
4.16959
4.16494
4.16007
4.15499
4.14974
4.14434
4.13883
4.13323
4.12759
4.12193
4.11629
4.11071
4.10521
4.09982
4.09458
4.0895
4.08461
4.07994
4.07548
4.07125
4.06727
4.06353
4.06003
4.05678
4.05375
4.05094
4.04834
4.04594
4.04371
4.04164
4.03971
4.0379
4.0362
4.03458
4.03303
4.03153
4.03006
4.02861
4.02717
4.02572
4.02426
4.02278
4.02127
4.01973
4.01816
4.01656
4.01493
4.01329
4.01164
4.00998
4.00834
4.00673
4.00515
4.00363
4.00219
4.00083
3.99958
3.99846
3.99748
3.99665
3.99598
3.99549
3.99519
3.99507
3.99514
3.9954
3.99585
3.99646
3.99724
3.99816
3.9992
4.00035
4.00157
4.00284
4.00413
4.00541
4.00666
4.00785
4.00895
4.00993
4.01079
4.01149
4.01203
4.01238
4.01255
4.01251
4.01227
4.0118
4.01111
4.01019
4.00903
4.00763
4.00597
4.00406
4.00188
3.99944
3.99672
3.99374
3.99049
3.98698
3.98322
3.97923
3.97504
3.97065
3.96611
3.96145
3.95671
3.95193
3.94714
3.94241
3.93778
3.93329
3.92899
3.92493
3.92116
3.91772
3.91463
3.91195
3.9097
3.90791
3.90659
3.90576
3.90544
3.90562
3.9063
3.90749
3.90916
3.9113
3.91389
3.9169
3.92031
3.92408
3.92818
3.93256
3.93719
3.94202
3.94702
3.95213
3.95731
3.96252
3.96772
3.97285
3.97789
3.9828
3.98753
3.99206
3.99637
4.00041
4.00419
4.00768
4.01087
4.01376
4.01634
4.01864
4.02065
4.0224
4.0239
4.02519
4.02629
4.02724
4.02807
4.02882
4.02953
4.03023
4.03097
4.03176
4.03264
4.03363
4.03473
4.03595
4.03729
4.03873
4.04026
4.04185
4.04347
4.04508
4.04664
4.04813
4.04949
4.05069
4.05171
4.05251
4.05307
4.05337
4.05341
4.05318
4.05268
4.0519
4.05087
4.04959
4.04809
4.04636
4.04445
4.04236
4.04013
4.03776
4.03529
4.03273
4.0301
4.02742
4.0247
4.02197
4.01924
4.01651
4.0138
4.01112
4.00848
4.00588
4.00333
4.00084
3.99842
3.99606
3.99379
3.9916
3.9895
3.98752
3.98565
3.98391
3.98231
3.98087
3.9796
3.9785
3.97759
3.97687
3.97636
3.97605
3.97595
3.97605
3.97634
3.97681
3.97744
3.97822
3.97913
3.98014
3.98122
3.98236
3.98352
3.98467
3.9858
3.98689
3.9879
3.98884
3.98967
3.9904
3.99102
3.99153
3.99193
3.99223
3.99243
3.99256
3.99262
3.99263
3.9926
3.99257
3.99253
3.99251
3.99252
3.99258
3.99269
3.99286
3.99309
3.99339
3.99375
3.99416
3.99463
3.99513
3.99567
3.99622
3.99677
3.99731
3.99782
3.99829
3.99871
3.99906
3.99934
3.99953
3.99963
3.99961
3.99949
3.99924
3.99887
3.99837
3.99773
3.99694
3.99601
3.99494
3.99371
3.99234
3.99082
3.98915
3.98735
3.98542
3.98337
3.98122
3.97897
3.97665
3.97427
3.97185
3.96942
3.96699
3.9646
3.96226
3.96
3.95785
3.95582
3.95394
3.95224
3.95073
3.94942
3.94834
3.94749
3.94689
3.94653
3.94642
3.94656
3.94693
3.94754
3.94837
3.94939
3.9506
3.95198
3.95349
3.95512
3.95685
3.95864
3.96048
3.96235
3.96422
3.96608
3.96792
3.96972
3.97147
3.97318
3.97484
3.97645
3.97802
3.97956
3.98107
3.98257
3.98406
3.98555
3.98706
3.98858
3.99013
3.99171
3.99331
3.99494
3.99658
3.99823
3.99987
4.00149
4.00306
4.00458
4.00602
4.00735
4.00856
4.00962
4.0105
4.0112
4.01167
4.01191
4.0119
4.01163
4.01108
4.01025
4.00914
4.00775
4.00609
4.00418
4.00203
3.99967
3.99713
3.99445
3.99167
3.98885
3.98604
3.98329
3.98066
3.97822
3.97602
3.97413
3.97259
3.97146
3.97078
3.97059
3.9709
3.97173
3.9731
3.97498
3.97736
3.98022
3.98353
3.98725
3.99132
3.9957
4.00034
4.00519
4.01018
4.01528
4.02043
4.02558
4.03069
4.03571
4.04061
4.04535
4.0499
4.05424
4.05833
4.06216
4.06571
4.06897
4.07192
4.07455
4.07687
4.07886
4.08052
4.08187
4.0829
4.08362
4.08404
4.08418
4.08404
4.08364
4.08301
4.08215
4.0811
4.07988
4.07851
4.07701
4.07541
4.07373
4.07201
4.07026
4.0685
4.06676
4.06507
4.06343
4.06186
4.06038
4.059
4.05773
4.05657
4.05554
4.05462
4.05383
4.05316
4.0526
4.05216
4.05181
4.05157
4.05142
4.05134
4.05133
4.05138
4.05148
4.05162
4.05178
4.05197
4.05216
4.05237
4.05256
4.05276
4.05294
4.05312
4.0533
4.05348
4.05367
4.05389
4.05415
4.05447
4.05488
4.0554
4.05605
4.05687
4.05789
4.05912
4.06059
4.06232
4.06433
4.06662
4.06919
4.07204
4.07514
4.07848
4.08203
4.08574
4.0896
4.09354
4.09752
4.1015
4.10544
4.10928
4.11299
4.11652
4.11984
4.12291
4.12571
4.12821
4.13038
4.13221
4.13368
4.13477
4.13549
4.13581
4.13573
4.13526
4.13438
4.13311
4.13145
4.12941
4.12699
4.1242
4.12106
4.11757
4.11376
4.10965
4.10524
4.10057
4.09565
4.0905
4.08516
4.07963
4.07395
4.06815
4.06224
4.05625
4.0502
4.04413
4.03805
4.03198
4.02595
4.01996
4.01405
4.00822
4.00249
3.99687
3.99137
3.98601
3.98079
3.97572
3.97081
3.96607
3.96151
3.95714
3.95297
3.949
3.94526
3.94176
3.93851
3.93552
3.93282
3.93041
3.92831
3.92655
3.92514
3.92408
3.92341
3.92312
3.92323
3.92375
3.92469
3.92604
3.92782
3.93
3.93259
3.93558
3.93895
3.94268
3.94675
3.95114
3.95581
3.96074
3.96589
3.97123
3.97672
3.98233
3.988
3.99372
3.99943
4.00511
4.01071
4.0162
4.02155
4.02673
4.03171
4.03646
4.04097
4.0452
4.04915
4.05279
4.05612
4.05913
4.06181
4.06416
4.06618
4.06788
4.06926
4.07034
4.07112
4.07162
4.07188
4.07189
4.0717
4.07133
4.07081
4.07017
4.06945
4.06866
4.06786
4.06707
4.06633
4.06566
4.0651
4.06468
4.06441
4.06433
4.06445
4.06478
4.06535
4.06615
4.06719
4.06848
4.07002
4.07179
4.07379
4.076
4.07843
4.08104
4.08382
4.08675
4.08981
4.09299
4.09624
4.09955
4.1029
4.10625
4.10958
4.11286
4.11606
4.11915
4.12211
4.12491
4.12754
4.12996
4.13217
4.13414
4.13589
4.13739
4.13865
4.13968
4.1405
4.14111
4.14155
4.14184
4.14202
4.14211
4.14215
4.1422
4.14227
4.14242
4.14267
4.14307
4.14363
4.14439
4.14537
4.14657
4.14801
4.14968
4.15158
4.1537
4.15602
4.15851
4.16116
4.16393
4.16678
4.1697
4.17264
4.17557
4.17845
4.18127
4.18397
4.18655
4.18897
4.1912
4.19323
4.19503
4.1966
4.1979
4.19893
4.19967
4.20013
4.20028
4.20013
4.19968
4.19892
4.19787
4.19654
4.19493
4.19306
4.19095
4.18861
4.18608
4.18337
4.18051
4.17752
4.17442
4.17123
4.16797
4.16466
4.1613
4.15792
4.15451
4.15108
4.14763
4.14415
4.14065
4.1371
4.13352
4.12987
4.12615
4.12235
4.11845
4.11444
4.11032
4.10606
4.10166
4.09711
4.0924
4.08754
4.08251
4.07732
4.07198
4.06649
4.06086
4.0551
4.04923
4.04327
4.03724
4.03116
4.02505
4.01896
4.0129
4.00691
4.00102
3.99526
3.98967
3.98428
3.97912
3.97422
3.96961
3.96531
3.96135
3.95775
3.95452
3.95169
3.94925
3.94721
3.94558
3.94436
3.94353
3.9431
3.94304
3.94335
3.944
3.94498
3.94627
3.94782
3.94963
3.95166
3.95387
3.95625
3.95875
3.96134
3.964
3.96668
3.96935
3.97199
3.97456
3.97703
3.97939
3.98159
3.98364
3.9855
3.98716
3.98861
3.98985
3.99086
3.99164
3.9922
3.99254
3.99266
3.99257
3.99227
3.99178
3.99109
3.99023
3.9892
3.98801
3.98667
3.9852
3.9836
3.98188
3.98006
3.97816
3.97618
3.97414
3.97207
3.96997
3.96787
3.96578
3.96374
3.96175
3.95985
3.95804
3.95637
3.95484
3.95347
3.95229
3.95132
3.95056
3.95003
3.94974
3.9497
3.94992
3.9504
3.95114
3.95214
3.9534
3.95491
3.95667
3.95867
3.96089
3.96332
3.96596
3.96878
3.97178
3.97493
3.97822
3.98162
3.98513
3.98871
3.99235
3.99603
3.99973
4.00342
4.00709
4.01071
4.01427
4.01774
4.02112
4.02438
4.02752
4.03052
4.03337
4.03607
4.0386
4.04098
4.0432
4.04526
4.04716
4.04891
4.05052
4.052
4.05336
4.0546
4.05575
4.05682
4.05781
4.05875
4.05965
4.06052
4.06137
4.06223
4.0631
4.06399
4.06492
4.06589
4.06692
4.06801
4.06917
4.0704
4.07171
4.0731
4.07457
4.07612
4.07775
4.07947
4.08126
4.08313
4.08507
4.08707
4.08914
4.09126
4.09343
4.09564
4.0979
4.10018
4.10248
4.1048
4.10713
4.10947
4.1118
4.11412
4.11642
4.11871
4.12097
4.12321
4.12541
4.12757
4.1297
4.13178
4.13383
4.13582
4.13777
4.13966
4.14151
4.1433
4.14504
4.14672
4.14833
4.14989
4.15138
4.1528
4.15414
4.15541
4.15659
4.15768
4.15868
4.15958
4.16036
4.16104
4.16158
4.162
4.16227
4.16239
4.16236
4.16215
4.16176
4.16119
4.16041
4.15942
4.15822
4.15678
4.15511
4.1532
4.15104
4.14864
4.14598
4.14307
4.13992
4.13653
4.13291
4.12908
4.12505
4.12085
4.11649
4.11201
4.10743
4.10279
4.09813
4.09347
4.08887
4.08436
4.07998
4.07576
4.07175
4.06797
4.06446
4.06125
4.05835
4.05578
4.05356
4.05168
4.05016
4.04898
4.04813
4.04761
4.04739
4.04746
4.04778
4.04834
4.04912
4.05007
4.05119
4.05245
4.05382
4.05528
4.05681
4.0584
4.06003
4.06167
4.06333
4.06497
4.0666
4.06819
4.06974
4.07122
4.07263
4.07396
4.07518
4.07627
4.07724
4.07804
4.07868
4.07912
4.07935
4.07935
4.07911
4.07861
4.07784
4.07678
4.07542
4.07377
4.07181
4.06954
4.06698
4.06413
4.061
4.05761
4.05398
4.05013
4.04609
4.0419
4.03758
4.03317
4.02871
4.02424
4.0198
4.01543
4.01117
4.00706
4.00314
3.99947
3.99607
3.99299
3.99026
3.98793
3.98603
3.98459
3.98364
3.9832
3.9833
3.98395
3.98516
3.98694
3.98927
3.99216
3.99558
3.99952
4.00393
4.0088
4.01407
4.0197
4.02564
4.03184
4.03825
4.04479
4.05143
4.05809
4.06472
4.07127
4.07767
4.08387
4.08982
4.09547
4.10078
4.1057
4.1102
4.11424
4.11779
4.12083
4.12334
4.1253
4.12669
4.12752
4.12778
4.12747
4.12659
4.12516
4.12319
4.12069
4.11769
4.1142
4.11026
4.10588
4.1011
4.09594
4.09045
4.08463
4.07854
4.0722
4.06565
4.05891
4.05203
4.04503
4.03794
4.03081
4.02366
4.01653
4.00945
4.00246
3.99558
3.98886
3.98231
3.97598
3.9699
3.96409
3.95858
3.95339
3.94855
3.94407
3.93997
3.93626
3.93294
3.93002
3.9275
3.92536
3.9236
3.9222
3.92115
3.92043
3.92
3.91986
3.91997
3.92032
3.92086
3.92159
3.92247
3.92348
3.9246
3.92581
3.92708
3.92841
3.92977
3.93114
3.93253
3.9339
3.93526
3.93659
3.93789
3.93914
3.94034
3.94149
3.94258
3.94361
3.94457
3.94547
3.9463
3.94706
3.94775
3.94837
3.94892
3.94941
3.94983
3.95019
3.9505
3.95075
3.95095
3.95111
3.95122
3.95131
3.95136
3.95139
3.9514
3.9514
3.95139
3.95137
3.95135
3.95133
3.9513
3.95127
3.95123
3.95119
3.95113
3.95106
3.95095
3.95082
3.95065
3.95042
3.95014
3.9498
3.94938
3.94889
3.94831
3.94764
3.94688
3.94603
3.94508
3.94403
3.94289
3.94167
3.94035
3.93896
3.93749
3.93594
3.93434
3.93268
3.93097
3.92921
3.92743
3.92561
3.92378
3.92195
3.92012
3.91831
3.91653
3.9148
3.91312
3.91153
3.91003
3.90866
3.90742
3.90634
3.90544
3.90475
3.90428
3.90406
3.90409
3.90441
3.90501
3.90591
3.90712
3.90864
3.91047
3.9126
3.91502
3.91771
3.92066
3.92385
3.92724
3.93081
3.93453
3.93836
3.94227
3.94622
3.95019
3.95414
3.95802
3.96183
3.96552
3.96906
3.97245
3.97566
3.97867
3.98147
3.98404
3.9864
3.98852
3.99041
3.99207
3.9935
3.99471
3.99569
3.99646
3.99703
3.99739
3.99756
3.99754
3.99734
3.99697
3.99644
3.99576
3.99494
3.99398
3.9929
3.99172
3.99044
3.98909
3.98768
3.98624
3.98477
3.9833
3.98186
3.98046
3.97912
3.97788
3.97674
3.97573
3.97488
3.97419
3.9737
3.97341
3.97335
3.97353
3.97396
3.97465
3.97562
3.97687
3.97841
3.98024
3.98237
3.98481
3.98753
3.99056
3.99386
3.99745
4.00131
4.00542
4.00976
4.01433
4.01909
4.02403
4.02912
4.03433
4.03963
4.04499
4.05039
4.05579
4.06115
4.06645
4.07166
4.07674
4.08167
4.08641
4.09095
4.09525
4.09928
4.10304
4.10648
4.10961
4.11239
4.11482
4.11687
4.11854
4.11981
4.12067
4.12111
4.12113
4.12073
4.11989
4.11863
4.11695
4.11485
4.11235
4.10945
4.10619
4.10257
4.09863
4.09439
4.0899
4.08519
4.08029
4.07526
4.07015
4.065
4.05986
4.05479
4.04983
4.04504
4.04047
4.03616
4.03215
4.02849
4.0252
4.02233
4.01989
4.01789
4.01637
4.01531
4.01474
4.01464
4.015
4.01583
4.01709
4.01877
4.02086
4.02332
4.02612
4.02924
4.03264
4.03628
4.04014
4.04418
4.04835
4.05261
4.05694
4.06128
4.0656
4.06986
4.07403
4.07805
4.0819
4.08554
4.08895
4.09208
4.09492
4.09745
4.09964
4.10148
4.10296
4.10407
4.10483
4.10522
4.10527
4.10498
4.10437
4.10347
4.10231
4.10092
4.09932
4.09756
4.09568
4.0937
4.09168
4.08965
4.08764
4.0857
4.08385
4.08214
4.08057
4.07919
4.078
4.07703
4.07627
4.07574
4.07544
4.07536
4.07549
4.07582
4.07633
4.077
4.07781
4.07874
4.07975
4.08083
4.08195
4.08309
4.08423
4.08534
4.08641
4.08742
4.08838
4.08927
4.0901
4.09086
4.09157
4.09223
4.09286
4.09346
4.09406
4.09467
4.09531
4.09599
4.09672
4.09751
4.09837
4.0993
4.10029
4.10136
4.10248
4.10366
4.10487
4.1061
4.10734
4.10858
4.10979
4.11097
4.1121
4.11316
4.11416
4.11507
4.11591
4.11665
4.1173
4.11786
4.11833
4.11872
4.11902
4.11926
4.11942
4.11953
4.11958
4.1196
4.11957
4.11953
4.11946
4.11939
4.11931
4.11924
4.11919
4.11915
4.11913
4.11914
4.11918
4.11924
4.11935
4.11948
4.11964
4.11983
4.12004
4.12027
4.12051
4.12075
4.12099
4.1212
4.12139
4.12153
4.12161
4.12163
4.12155
4.12138
4.12109
4.12067
4.12011
4.11938
4.11849
4.11742
4.11616
4.1147
4.11304
4.11118
4.10911
4.10684
4.10436
4.10169
4.09882
4.09576
4.09251
4.08909
4.08549
4.08172
4.07779
4.07369
4.06944
4.06502
4.06045
4.05573
4.05085
4.04581
4.04064
4.03532
4.02988
4.02432
4.01867
4.01295
4.00717
4.00138
3.99561
3.98989
3.98426
3.97878
3.97348
3.96841
3.96362
3.95915
3.95505
3.95136
3.94812
3.94536
3.94311
3.94141
3.94025
3.93967
3.93965
3.94021
3.94133
3.943
3.94519
3.94789
3.95106
3.95466
3.95866
3.96301
3.96766
3.97258
3.97772
3.98303
3.98846
3.99398
3.99953
4.00509
4.01062
4.01608
4.02144
4.02669
4.03179
4.03674
4.04151
4.04609
4.05047
4.05464
4.0586
4.06234
4.06586
4.06916
4.07223
4.07508
4.07771
4.08011
4.08229
4.08425
4.08599
4.0875
4.0888
4.08988
4.09073
4.09137
4.09179
4.09199
4.09197
4.09173
4.09128
4.0906
4.08971
4.08861
4.0873
4.08578
4.08406
4.08215
4.08005
4.07778
4.07536
4.0728
4.07012
4.06734
4.0645
4.06162
4.05873
4.05586
4.05306
4.05036
4.04779
4.04541
4.04323
4.04131
4.03967
4.03834
4.03735
4.03671
4.03645
4.03657
4.03707
4.03795
4.0392
4.04082
4.04278
4.04506
4.04764
4.05049
4.05359
4.0569
4.0604
4.06406
4.06785
4.07174
4.0757
4.07971
4.08375
4.0878
4.09183
4.09582
4.09975
4.10361
4.10738
4.11104
4.11458
4.11797
4.12121
4.12428
4.12717
4.12986
4.13234
4.1346
4.13663
4.13842
4.13996
4.14125
4.14229
4.14308
4.14361
4.14389
4.14393
4.14375
4.14335
4.14276
4.142
4.14108
4.14005
4.13893
4.13774
4.13652
4.13531
4.13413
4.13302
4.13201
4.13113
4.13039
4.12984
4.12948
4.12933
4.12941
4.12973
4.13029
4.13109
4.13215
4.13344
4.13497
4.13673
4.13869
4.14086
4.14321
4.14572
4.14838
4.15116
4.15404
4.157
4.16002
4.16307
4.16612
4.16916
4.17217
4.17511
4.17797
4.18073
4.18335
4.18583
4.18814
4.19025
4.19215
4.19383
4.19525
4.1964
4.19726
4.19781
4.19805
4.19795
4.19749
4.19668
4.19548
4.19391
4.19194
4.18957
4.18681
4.18365
4.1801
4.17616
4.17184
4.16715
4.16212
4.15677
4.15111
4.14518
4.139
4.1326
4.12603
4.11931
4.11249
4.10561
4.09869
4.09179
4.08494
4.07817
4.07152
4.06502
4.0587
4.05259
4.0467
4.04106
4.03568
4.03058
4.02576
4.02123
4.01699
4.01304
4.00937
4.00598
4.00286
4
3.99739
3.99503
3.99288
3.99096
3.98923
3.98769
3.98632
3.98512
3.98408
3.98317
3.98241
3.98177
3.98125
3.98085
3.98056
3.98039
3.98033
3.98039
3.98056
3.98086
3.9813
3.98187
3.98259
3.98347
3.98451
3.98574
3.98716
3.98877
3.9906
3.99265
3.99492
3.99742
4.00016
4.00312
4.00631
4.00971
4.01333
4.01713
4.02111
4.02525
4.02951
4.03388
4.03833
4.04281
4.04732
4.0518
4.05623
4.06058
4.06481
4.0689
4.07281
4.07652
4.08
4.08323
4.0862
4.08888
4.09126
4.09333
4.09508
4.09651
4.09762
4.09841
4.09887
4.09903
4.09888
4.09844
4.09773
4.09674
4.09551
4.09405
4.09238
4.09051
4.08847
4.08627
4.08393
4.08147
4.07891
4.07627
4.07357
4.07082
4.06803
4.06522
4.06241
4.0596
4.0568
4.05403
4.05129
4.04859
4.04593
4.04332
4.04076
4.03826
4.03582
4.03345
4.03114
4.02891
4.02675
4.02468
4.02269
4.02079
4.01898
4.01728
4.01567
4.01418
4.0128
4.01154
4.01039
4.00937
4.00847
4.00769
4.00704
4.00652
4.00612
4.00585
4.0057
4.00568
4.00578
4.00601
4.00636
4.00683
4.00743
4.00814
4.00897
4.00992
4.01098
4.01215
4.01342
4.01479
4.01625
4.01778
4.01937
4.02102
4.02271
4.02442
4.02613
4.02783
4.0295
4.03111
4.03267
4.03414
4.03552
4.03679
4.03796
4.03901
4.03994
4.04077
4.04149
4.04212
4.04268
4.04319
4.04365
4.04411
4.04459
4.04511
4.0457
4.04637
4.04717
4.04809
4.04916
4.05039
4.05179
4.05335
4.05507
4.05693
4.05893
4.06104
4.06323
4.06547
4.06773
4.06997
4.07217
4.07427
4.07625
4.07807
4.0797
4.08111
4.08227
4.08318
4.0838
4.08415
4.0842
4.08397
4.08347
4.0827
4.0817
4.08047
4.07905
4.07747
4.07577
4.07397
4.0721
4.07022
4.06834
4.0665
4.06473
4.06306
4.06152
4.06011
4.05887
4.05781
4.05693
4.05627
4.05581
4.05558
4.05558
4.05581
4.05628
4.05701
4.05799
4.05924
4.06076
4.06256
4.06465
4.06702
4.06969
4.07266
4.07593
4.07949
4.08335
4.08749
4.09189
4.09656
4.10145
4.10656
4.11184
4.11727
4.12282
4.12843
4.13408
4.13973
4.14531
4.15081
4.15616
4.16134
4.16631
4.17102
4.17547
4.17962
4.18346
4.18698
4.19018
4.19307
4.19565
4.19796
4.2
4.20181
4.20343
4.20487
4.20617
4.20735
4.20844
4.20947
4.21043
4.21133
4.21219
4.21298
4.2137
4.21434
4.21487
4.21528
4.21555
4.21565
4.21556
4.21528
4.21477
4.21404
4.21306
4.21182
4.21032
4.20854
4.2065
4.20417
4.20155
4.19865
4.19545
4.19196
4.18817
4.18409
4.1797
4.17501
4.17002
4.16473
4.15913
4.15325
4.14707
4.14061
4.13387
4.12688
4.11964
4.11217
4.1045
4.09664
4.08863
4.08049
4.07225
4.06395
4.05562
4.0473
4.03903
4.03084
4.02277
4.01487
4.00716
3.99969
3.9925
3.98561
3.97906
3.97288
3.96709
3.96171
3.95677
3.95228
3.94824
3.94467
3.94157
3.93894
3.93677
3.93504
3.93376
3.9329
3.93244
3.93236
3.93264
3.93326
3.93418
3.93539
3.93686
3.93856
3.94046
3.94256
3.94481
3.94722
3.94976
3.95241
3.95516
3.958
3.96094
3.96395
3.96704
3.97021
3.97346
3.97679
3.9802
3.98371
3.98731
3.99102
3.99483
3.99875
4.0028
4.00696
4.01125
4.01567
4.02021
4.02488
4.02967
4.03457
4.03959
4.0447
4.04991
4.05521
4.06058
4.06601
4.07149
4.077
4.08255
4.08811
4.09367
4.09923
4.10476
4.11028
4.11575
4.12118
4.12656
4.13187
4.13713
4.1423
4.14741
4.15243
4.15736
4.1622
4.16695
4.1716
4.17614
4.18058
4.1849
4.18911
4.19319
4.19715
4.20097
4.20466
4.20821
4.2116
4.21485
4.21793
4.22084
4.22359
4.22615
4.22853
4.23072
4.23272
4.23452
4.23612
4.23751
4.23869
4.23967
4.24044
4.24101
4.24137
4.24154
4.24152
4.2413
4.24092
4.24036
4.23965
4.23879
4.2378
4.23669
4.23547
4.23416
4.23277
4.23132
4.22981
4.22827
4.22669
4.2251
4.22351
4.22191
4.22032
4.21875
4.21719
4.21565
4.21413
4.21264
4.21116
4.2097
4.20825
4.2068
4.20535
4.20389
4.20242
4.20091
4.19937
4.19777
4.19612
4.19439
4.19258
4.19067
4.18865
4.18652
4.18426
4.18185
4.17931
4.1766
4.17374
4.17071
4.16752
4.16416
4.16063
4.15695
4.15312
4.14916
4.14506
4.14085
4.13655
4.13219
4.12777
4.12333
4.11889
4.11448
4.11014
4.10588
4.10175
4.09776
4.09396
4.09036
4.08699
4.08387
4.08104
4.07851
4.07629
4.0744
4.07286
4.07166
4.07082
4.07034
4.0702
4.07042
4.07097
4.07184
4.07302
4.07449
4.07623
4.07821
4.0804
4.08279
4.08533
4.08799
4.09075
4.09358
4.09643
4.09929
4.10212
4.10489
4.10757
4.11015
4.11259
4.11487
4.11698
4.1189
4.12062
4.12212
4.1234
4.12445
4.12527
4.12585
4.1262
4.12632
4.12622
4.1259
4.12537
4.12465
4.12375
4.12269
4.12148
4.12013
4.11868
4.11714
4.11554
4.11389
4.11222
4.11057
4.10894
4.10737
4.10589
4.10451
4.10327
4.10219
4.10129
4.10059
4.10011
4.09987
4.09988
4.10016
4.10072
4.10155
4.10267
4.10407
4.10575
4.10769
4.10989
4.11233
4.11499
4.11785
4.12088
4.12405
4.12734
4.13071
4.13413
4.13756
4.14097
4.14432
4.14759
4.15073
4.15372
4.15652
4.1591
4.16145
4.16353
4.16533
4.16683
4.16801
4.16887
4.1694
4.1696
4.16947
4.16901
4.16824
4.16716
4.16579
4.16416
4.16229
4.16019
4.15791
4.15546
4.15288
4.15021
4.14747
4.14469
4.14191
4.13916
4.13646
4.13383
4.13129
4.12887
4.12657
4.1244
4.12237
4.12049
4.11874
4.11713
4.11565
4.11428
4.11303
4.11188
4.11082
4.10984
4.10893
4.10809
4.10729
4.10655
4.10585
4.1052
4.10459
4.10403
4.10351
4.10304
4.10263
4.10227
4.10198
4.10175
4.1016
4.10151
4.10149
4.10155
4.10166
4.10184
4.10205
4.10231
4.10257
4.10283
4.10306
4.10324
4.10334
4.10332
4.10316
4.10283
4.10229
4.10152
4.10048
4.09914
4.0975
4.09552
4.09318
4.09049
4.08743
4.08399
4.08019
4.07602
4.07149
4.06663
4.06145
4.05597
4.05022
4.04422
4.038
4.0316
4.02505
4.01839
4.01165
4.00487
3.99808
3.99132
3.98462
3.97804
3.97159
3.96532
3.95925
3.95343
3.94788
3.94263
3.93772
3.93317
3.92901
3.92526
3.92194
3.91907
3.91667
3.91476
3.91334
3.91243
3.91203
3.91214
3.91277
3.9139
3.91555
3.91768
3.9203
3.92338
3.92691
3.93086
3.93522
3.93995
3.94502
3.95042
3.9561
3.96203
3.9682
3.97455
3.98106
3.98771
3.99445
4.00126
4.00811
4.01498
4.02183
4.02865
4.0354
4.04208
4.04867
4.05514
4.06149
4.06769
4.07375
4.07965
4.08538
4.09094
4.09633
4.10154
4.10657
4.11142
4.11609
4.12058
4.1249
4.12904
4.13301
4.13682
4.14046
4.14394
4.14727
4.15045
4.15347
4.15635
4.15909
4.16168
4.16412
4.16642
4.16857
4.17056
4.17238
4.17403
4.1755
4.17678
4.17784
4.17868
4.17928
4.17962
4.17969
4.17947
4.17894
4.17809
4.17692
4.17539
4.17351
4.17128
4.16868
4.16571
4.16237
4.15868
4.15463
4.15023
4.1455
4.14044
4.13508
4.12942
4.1235
4.11732
4.11091
4.10429
4.09749
4.09053
4.08344
4.07624
4.06897
4.06165
4.0543
4.04697
4.03969
4.03247
4.02536
4.01838
4.01156
4.00492
3.9985
3.9923
3.98635
3.98066
3.97523
3.97008
3.9652
3.9606
3.95626
3.95219
3.94837
3.9448
3.94147
3.93838
3.93552
3.93288
3.93048
3.9283
3.92635
3.92463
3.92315
3.92191
3.92091
3.92015
3.91964
3.91937
3.91935
3.91957
3.92004
3.92076
3.92171
3.92291
3.92435
3.92604
3.92797
3.93016
3.9326
3.93529
3.93825
3.94148
3.94497
3.94873
3.95276
3.95705
3.96159
3.96637
3.97137
3.97657
3.98193
3.98744
3.99305
3.99873
4.00445
4.01016
4.01582
4.0214
4.02687
4.03219
4.03733
4.04227
4.047
4.05149
4.05574
4.05975
4.06351
4.06703
4.07032
4.07338
4.07625
4.07892
4.08142
4.08378
4.086
4.08812
4.09014
4.09209
4.09399
4.09584
4.09766
4.09945
4.10123
4.103
4.10475
4.1065
4.10822
4.10993
4.11161
4.11326
4.11486
4.11641
4.1179
4.11932
4.12067
4.12192
4.12309
4.12415
4.12511
4.12597
4.1267
4.12733
4.12783
4.12821
4.12848
4.12862
4.12863
4.12853
4.1283
4.12794
4.12746
4.12687
4.12615
4.12531
4.12436
4.1233
4.12213
4.12088
4.11953
4.11812
4.11664
4.11512
4.11358
4.11203
4.11051
4.10903
4.10763
4.10633
4.10516
4.10416
4.10336
4.10278
4.10245
4.10241
4.10267
4.10325
4.10418
4.10546
4.1071
4.10909
4.11145
4.11414
4.11717
4.1205
4.12412
4.12799
4.13208
4.13636
4.14079
4.14534
4.14995
4.1546
4.15925
4.16385
4.16838
4.17279
4.17705
4.18114
4.18503
4.18868
4.19207
4.19518
4.198
4.2005
4.20267
4.2045
4.20599
4.20711
4.20788
4.20829
4.20835
4.20805
4.20741
4.20643
4.20514
4.20354
4.20166
4.1995
4.1971
4.19447
4.19163
4.18861
4.18543
4.1821
4.17866
4.17511
4.17149
4.1678
4.16407
4.16031
4.15652
4.15273
4.14895
4.14517
4.14141
4.13768
4.13397
4.13029
4.12664
4.12303
4.11945
4.1159
4.11238
4.1089
4.10546
4.10205
4.09868
4.09536
4.0921
4.08889
4.08576
4.08272
4.07978
4.07695
4.07427
4.07175
4.06941
4.06728
4.06538
4.06374
4.06238
4.06132
4.06059
4.0602
4.06018
4.06052
4.06125
4.06236
4.06385
4.06572
4.06795
4.07054
4.07346
4.07669
4.08021
4.08398
4.08798
4.09217
4.09653
4.10101
4.10559
4.11023
4.11491
4.11958
4.12424
4.12884
4.13337
4.13781
4.14213
4.14632
4.15036
4.15424
4.15794
4.16146
4.16478
4.16789
4.17079
4.17347
4.17592
4.17814
4.18011
4.18185
4.18333
4.18457
4.18556
4.18628
4.18676
4.18697
4.18693
4.18664
4.18609
4.18529
4.18425
4.18297
4.18145
4.17971
4.17776
4.1756
4.17324
4.17072
4.16803
4.16519
4.16223
4.15917
4.15602
4.15282
4.14958
4.14633
4.14309
4.1399
4.13678
4.13376
4.13086
4.12811
4.12555
4.12318
4.12105
4.11916
4.11755
4.11624
4.11523
4.11454
4.11419
4.11417
4.11449
4.11516
4.11615
4.11746
4.11909
4.121
4.12318
4.1256
4.12824
4.13106
4.13404
4.13715
4.14035
4.14362
4.14691
4.1502
4.15346
4.15665
4.15976
4.16274
4.16558
4.16825
4.17071
4.17296
4.17496
4.17669
4.17813
4.17927
4.18009
4.18056
4.18068
4.18043
4.17981
4.17879
4.17738
4.17557
4.17335
4.17073
4.16771
4.16429
4.16047
4.15627
4.1517
4.14675
4.14146
4.13583
4.12989
4.12365
4.11713
4.11036
4.10335
4.09614
4.08875
4.08121
4.07355
4.06578
4.05795
4.05007
4.04218
4.03431
4.02647
4.0187
4.01102
4.00345
3.99602
3.98875
3.98165
3.97475
3.96806
3.96161
3.9554
3.94946
3.94379
3.93841
3.93334
3.92858
3.92414
3.92004
3.91629
3.91289
3.90985
3.90718
3.90488
3.90296
3.9014
3.90022
3.89941
3.89896
3.89886
3.8991
3.89967
3.90055
3.90171
3.90315
3.90484
3.90676
3.90887
3.91117
3.91362
3.9162
3.91889
3.92166
3.92451
3.92741
3.93035
3.93332
3.93631
3.93931
3.94232
3.94535
3.9484
3.95147
3.95458
3.95772
3.96092
3.96419
3.96755
3.971
3.97456
3.97825
3.98209
3.98607
3.99022
3.99455
3.99906
4.00377
4.00867
4.01376
4.01905
4.02454
4.03022
4.03609
4.04213
4.04833
4.0547
4.0612
4.06782
4.07455
4.08137
4.08826
4.09519
4.10215
4.10912
4.11606
4.12295
4.12978
4.1365
4.14311
4.14956
4.15584
4.16191
4.16776
4.17336
4.17867
4.18368
4.18837
4.19271
4.19668
4.20026
4.20343
4.20618
4.20848
4.21033
4.21171
4.21261
4.21303
4.21294
4.21236
4.21127
4.20967
4.20757
4.20495
4.20184
4.19822
4.19411
4.18951
4.18445
4.17893
4.17296
4.16656
4.15976
4.15258
4.14504
4.13716
4.12899
4.12054
4.11187
4.10299
4.09397
4.08483
4.07562
4.0664
4.05721
4.04809
4.03911
4.03032
4.02176
4.0135
4.00557
3.99803
3.99092
3.9843
3.97819
3.97262
3.96764
3.96326
3.9595
3.95636
3.95386
3.95199
3.95074
3.95011
3.95006
3.95057
3.95162
3.95318
3.9552
3.95765
3.96048
3.96367
3.96716
3.97091
3.97487
3.97902
3.9833
3.98767
3.9921
3.99654
4.00097
4.00535
4.00964
4.01383
4.01789
4.02179
4.02553
4.02908
4.03244
4.03561
4.03857
4.04134
4.04391
4.04629
4.04849
4.05052
4.05238
4.05409
4.05565
4.05706
4.05834
4.05949
4.06051
4.0614
4.06216
4.06278
4.06326
4.06359
4.06377
4.06378
4.06363
4.06331
4.06282
4.06214
4.06129
4.06026
4.05906
4.05768
4.05615
4.05445
4.05261
4.05063
4.04853
4.04631
4.04399
4.04159
4.0391
4.03656
4.03396
4.03131
4.02864
4.02594
4.02322
4.02049
4.01776
4.01502
4.01227
4.00953
4.0068
4.00406
4.00133
3.9986
3.99587
3.99316
3.99046
3.98778
3.98513
3.98252
3.97996
3.97746
3.97504
3.97273
3.97053
3.96847
3.96657
3.96485
3.96335
3.96207
3.96103
3.96027
3.95979
3.9596
3.95973
3.96017
3.96093
3.96201
3.9634
3.96511
3.96712
3.96942
3.97198
3.9748
3.97785
3.9811
3.98455
3.98815
3.99188
3.99573
3.99966
4.00366
4.00771
4.01178
4.01586
4.01993
4.02399
4.02802
4.03202
4.03597
4.03988
4.04374
4.04756
4.05133
4.05504
4.05871
4.06232
4.06588
4.06937
4.07281
4.07616
4.07943
4.0826
4.08566
4.08859
4.09138
4.094
4.09644
4.09868
4.10071
4.1025
4.10405
4.10534
4.10636
4.10711
4.10759
4.10779
4.10772
4.10738
4.10677
4.10592
4.10483
4.10351
4.10199
4.10028
4.0984
4.09637
4.09421
4.09193
4.08956
4.08712
4.08462
4.08209
4.07953
4.07696
4.0744
4.07185
4.06931
4.0668
4.06432
4.06186
4.05943
4.05701
4.0546
4.05219
4.04977
4.04733
4.04485
4.04231
4.03971
4.03704
4.03428
4.03142
4.02846
4.02539
4.02222
4.01895
4.01559
4.01216
4.00866
4.00514
4.0016
3.99808
3.99462
3.99125
3.98802
3.98495
3.9821
3.9795
3.97719
3.97523
3.97363
3.97245
3.9717
3.97142
3.97163
3.97235
3.97359
3.97536
3.97765
3.98046
3.98378
3.9876
3.99189
3.99663
4.00178
4.00731
4.01317
4.01934
4.02575
4.03237
4.03914
4.04602
4.05297
4.05992
4.06685
4.0737
4.08043
4.08701
4.0934
4.09957
4.10549
4.11114
4.1165
4.12155
4.12628
4.13067
4.13472
4.13841
4.14175
4.14472
4.14733
4.14957
4.15143
4.15293
4.15405
4.15481
4.15519
4.1552
4.15485
4.15415
4.15309
4.1517
4.14998
4.14795
4.14564
4.14305
4.14023
4.13719
4.13397
4.13061
4.12714
4.1236
4.12004
4.11649
4.11299
4.10959
4.10632
4.10322
4.10032
4.09766
4.09526
4.09313
4.09131
4.08978
4.08857
4.08767
4.08708
4.08679
4.08678
4.08705
4.08757
4.08833
4.0893
4.09047
4.09182
4.09332
4.09497
4.09674
4.09862
4.1006
4.10266
4.10482
4.10704
4.10934
4.1117
4.11412
4.1166
4.11913
4.1217
4.12432
4.12696
4.12963
4.13231
4.13499
4.13766
4.1403
4.1429
4.14544
4.14791
4.15028
4.15254
4.15468
4.15667
4.15849
4.16013
4.16157
4.16281
4.16382
4.16459
4.16511
4.16539
4.16541
4.16518
4.1647
4.16397
4.16302
4.16184
4.16047
4.15892
4.15721
4.15538
4.15344
4.15142
4.14935
4.14726
4.14516
4.14309
4.14106
4.13909
4.13719
4.13538
4.13365
4.13201
4.13047
4.12901
4.12764
4.12635
4.12513
4.12397
4.12285
4.12176
4.1207
4.11963
4.11856
4.11747
4.11635
4.11517
4.11394
4.11265
4.11129
4.10986
4.10835
4.10678
4.10514
4.10344
4.10169
4.09992
4.09812
4.09633
4.09456
4.09283
4.09116
4.08958
4.08809
4.08673
4.08549
4.0844
4.08346
4.08269
4.08207
4.0816
4.08128
4.08109
4.08103
4.08106
4.08116
4.08132
4.0815
4.08168
4.08183
4.08191
4.08191
4.08178
4.08152
4.08108
4.08045
4.07961
4.07855
4.07724
4.07568
4.07386
4.07177
4.06941
4.06679
4.06391
4.06077
4.05739
4.05377
4.04994
4.04591
4.04169
4.03731
4.03279
4.02816
4.02342
4.01861
4.01375
4.00887
4.00397
3.99909
3.99423
3.98943
3.98469
3.98004
3.97547
3.97102
3.96667
3.96245
3.95837
3.95442
3.95061
3.94695
3.94344
3.94008
3.93688
3.93385
3.93098
3.92827
3.92574
3.92339
3.92121
3.91922
3.91742
3.91582
3.9144
3.91319
3.91218
3.91138
3.91077
3.91038
3.91018
3.91018
3.91038
3.91076
3.91133
3.91206
3.91296
3.91401
3.9152
3.91651
3.91794
3.91946
3.92107
3.92275
3.92449
3.92628
3.9281
3.92995
3.93181
3.93367
3.93554
3.93741
3.93926
3.94112
3.94297
3.94481
3.94666
3.94852
3.9504
3.95231
3.95426
3.95626
3.95834
3.9605
3.96277
3.96515
3.96767
3.97035
3.9732
3.97623
3.97947
3.98292
3.9866
3.99052
3.99468
3.9991
4.00377
4.0087
4.01388
4.01932
4.025
4.03091
4.03704
4.04337
4.0499
4.05659
4.06343
4.07038
4.07743
4.08454
4.0917
4.09886
4.10599
4.11308
4.12008
4.12697
4.13372
4.14031
4.14671
4.1529
4.15887
4.16458
4.17003
4.17522
4.18012
4.18473
4.18906
4.19309
4.19684
4.20031
4.20349
4.20641
4.20906
4.21146
4.21361
4.21552
4.21721
4.21867
4.21992
4.22096
4.22178
4.22239
4.2228
4.22299
4.22296
4.2227
4.22223
4.22152
4.22057
4.21939
4.21797
4.21631
4.21443
4.21232
4.21001
4.2075
4.20481
4.20197
4.199
4.19593
4.19278
4.18959
4.18638
4.18319
4.18004
4.17695
4.17397
4.1711
4.16836
4.16578
4.16336
4.16111
4.15903
4.15713
4.15541
4.15385
4.15244
4.15117
4.15003
4.149
4.14805
4.14717
4.14632
4.14548
4.14463
4.14374
4.14277
4.14172
4.14053
4.13921
4.13771
4.13602
4.13413
4.13201
4.12966
4.12707
4.12424
4.12117
4.11788
4.11437
4.11066
4.10678
4.10275
4.09861
4.0944
4.09016
4.08592
4.08174
4.07765
4.07369
4.06991
4.06633
4.063
4.05993
4.05716
4.05468
4.05253
4.05069
4.04917
4.04797
4.04707
4.04646
4.04613
4.04606
4.04623
4.04662
4.04721
4.04797
4.04889
4.04993
4.05107
4.05229
4.05356
4.05485
4.05614
4.05741
4.05861
4.05973
4.06074
4.06162
4.06233
4.06286
4.06319
4.06329
4.06315
4.06276
4.0621
4.06118
4.05998
4.05852
4.05679
4.0548
4.05257
4.05011
4.04745
4.0446
4.0416
4.03846
4.03521
4.0319
4.02854
4.02517
4.02182
4.01851
4.01529
4.01217
4.00918
4.00634
4.00368
4.00121
3.99894
3.9969
3.99509
3.99351
3.99217
3.99107
3.99021
3.98958
3.98917
3.98898
3.98899
3.98918
3.98955
3.99006
3.99071
3.99148
3.99233
3.99325
3.99421
3.9952
3.99618
3.99714
3.99805
3.99889
3.99963
4.00026
4.00075
4.00108
4.00125
4.00122
4.00099
4.00053
3.99985
3.99893
3.99777
3.99635
3.99467
3.99274
3.99055
3.98812
3.98543
3.98252
3.97938
3.97603
3.97249
3.96879
3.96494
3.96097
3.95691
3.9528
3.94867
3.94456
3.9405
3.93655
3.93273
3.9291
3.92568
3.92253
3.91968
3.91717
3.91503
3.9133
3.91199
3.91113
3.91073
3.91082
3.9114
3.91246
3.91402
3.91607
3.91858
3.92156
3.92499
3.92883
3.93308
3.93769
3.94265
3.94792
3.95346
3.95926
3.96526
3.97144
3.97777
3.98422
3.99075
3.99733
4.00394
4.01056
4.01715
4.02371
4.03021
4.03665
4.043
4.04926
4.05543
4.0615
4.06746
4.07333
4.0791
4.08478
4.09037
4.09588
4.10132
4.1067
4.11201
4.11728
4.12251
4.1277
4.13284
4.13796
4.14303
4.14806
4.15303
4.15795
4.16278
4.16752
4.17215
4.17663
4.18096
4.18509
4.18899
4.19265
4.19603
4.19909
4.20181
4.20416
4.2061
4.20762
4.20868
4.20927
4.20937
4.20896
4.20804
4.20659
4.20461
4.20212
4.1991
4.19557
4.19155
4.18705
4.1821
4.17672
4.17095
4.1648
4.15833
4.15156
4.14453
4.13729
4.12986
4.12229
4.11461
4.10687
4.09909
4.09131
4.08356
4.07586
4.06825
4.06075
4.05338
4.04615
4.03909
4.03221
4.02552
4.01903
4.01276
4.0067
4.00087
3.99526
3.9899
3.98476
3.97987
3.97522
3.97082
3.96666
3.96275
3.9591
3.9557
3.95256
3.94968
3.94707
3.94474
3.94269
3.94093
3.93947
3.9383
3.93745
3.9369
3.93667
3.93676
3.93716
3.93788
3.93891
3.94024
3.94187
3.94377
3.94593
3.94832
3.95094
3.95374
3.95669
3.95978
3.96295
3.96618
3.96943
3.97265
3.97583
3.97891
3.98187
3.98466
3.98727
3.98967
3.99183
3.99372
3.99535
3.99669
3.99774
3.9985
3.99897
3.99916
3.99908
3.99875
3.99817
3.99739
3.99641
3.99527
3.994
3.99262
3.99116
3.98966
3.98814
3.98663
3.98515
3.98374
3.9824
3.98117
3.98006
3.97909
3.97826
3.97759
3.97709
3.97676
3.97661
3.97664
3.97686
3.97727
3.97786
3.97863
3.9796
3.98075
3.98207
3.98358
3.98526
3.98711
3.98913
3.99129
3.99361
3.99606
3.99863
4.00131
4.00408
4.00693
4.00985
4.0128
4.01577
4.01875
4.02172
4.02465
4.02754
4.03036
4.03311
4.03577
4.03834
4.04081
4.04318
4.04545
4.04762
4.04969
4.05167
4.05357
4.0554
4.05716
4.05887
4.06053
4.06216
4.06376
4.06535
4.06692
4.06848
4.07003
4.07158
4.07311
4.07463
4.07613
4.07759
4.07901
4.08038
4.08168
4.08291
4.08404
4.08507
4.08598
4.08677
4.08743
4.08795
4.08833
4.08856
4.08864
4.08857
4.08837
4.08802
4.08755
4.08696
4.08627
4.08547
4.08459
4.08364
4.08264
4.08159
4.08051
4.07943
4.07834
4.07727
4.07623
4.07524
4.07431
4.07345
4.07269
4.07204
4.07151
4.07112
4.0709
4.07087
4.07103
4.07142
4.07206
4.07296
4.07416
4.07566
4.0775
4.07968
4.08222
4.08514
4.08844
4.09212
4.09619
4.10062
4.10542
4.11056
4.11602
4.12176
4.12776
4.13397
4.14035
4.14685
4.15343
4.16004
4.16662
4.17313
4.17953
4.18576
4.19178
4.19756
4.20306
4.20825
4.21309
4.21758
4.22169
4.2254
4.22871
4.2316
4.23409
4.23616
4.23783
4.23911
4.24
4.24051
4.24068
4.2405
4.24001
4.23923
4.23818
4.23689
4.23539
4.23369
4.23185
4.22988
4.22781
4.22569
4.22354
4.2214
4.2193
4.21727
4.21535
4.21358
4.21197
4.21056
4.20937
4.20842
4.20772
4.2073
4.20714
4.20726
4.20764
4.20828
4.20915
4.21023
4.2115
4.21293
4.21448
4.21612
4.21782
4.21953
4.22124
4.22289
4.22447
4.22595
4.22729
4.22848
4.2295
4.23032
4.23094
4.23133
4.2315
4.23143
4.23112
4.23057
4.22979
4.22877
4.22754
4.22608
4.22443
4.2226
4.2206
4.21845
4.21619
4.21383
4.2114
4.20893
4.20645
4.20399
4.20158
4.19924
4.19701
4.19491
4.19298
4.19122
4.18967
4.18834
4.18724
4.18639
4.1858
4.18545
4.18536
4.18551
4.1859
4.18651
4.18733
4.18833
4.18949
4.19078
4.19218
4.19365
4.19517
4.19671
4.19825
4.19974
4.20118
4.20253
4.20377
4.2049
4.20589
4.20672
4.20741
4.20792
4.20828
4.20846
4.20848
4.20833
4.20802
4.20756
4.20694
4.20618
4.20528
4.20425
4.20308
4.20178
4.20036
4.1988
4.19712
4.19531
4.19336
4.19126
4.18903
4.18664
4.1841
4.1814
4.17853
4.1755
4.1723
4.16893
4.1654
4.16171
4.15787
4.1539
4.1498
4.1456
4.14131
4.13697
4.13259
4.12821
4.12387
4.11959
4.11541
4.11138
4.10753
4.1039
4.10053
4.09745
4.09471
4.09232
4.09032
4.08873
4.08757
4.08686
4.08659
4.08678
4.08743
4.08851
4.09003
4.09196
4.09428
4.09698
4.10002
4.10337
4.10701
4.1109
4.11501
4.11932
4.1238
4.12841
4.13313
4.13793
4.14279
4.14769
4.15259
4.1575
4.16238
4.16722
4.17201
4.17672
4.18135
4.18588
4.1903
4.19459
4.19874
4.20274
4.20656
4.2102
4.21363
4.21684
4.21982
4.22254
4.22499
4.22716
4.22902
4.23056
4.23177
4.23264
4.23315
4.2333
4.2331
4.23252
4.23159
4.2303
4.22867
4.2267
4.22442
4.22184
4.21898
4.21587
4.21253
4.20899
4.20529
4.20144
4.19749
4.19345
4.18937
4.18526
4.18115
4.17708
4.17305
4.1691
4.16523
4.16146
4.15781
4.15427
4.15086
4.14758
4.14441
4.14137
4.13843
4.13559
4.13285
4.13018
4.12757
4.12501
4.12249
4.11998
4.11748
4.11498
4.11247
4.10993
4.10736
4.10477
4.10214
4.09949
4.09681
4.09411
4.09141
4.0887
4.08601
4.08334
4.08071
4.07813
4.07562
4.07319
4.07085
4.06862
4.0665
4.06451
4.06264
4.06091
4.05932
4.05787
4.05656
4.05539
4.05436
4.05346
4.05269
4.05205
4.05152
4.05109
4.05078
4.05056
4.05044
4.0504
4.05045
4.05058
4.05079
4.05108
4.05144
4.05188
4.0524
4.05299
4.05366
4.05442
4.05525
4.05616
4.05716
4.05823
4.05939
4.06062
4.06191
4.06328
4.0647
4.06618
4.06769
4.06923
4.07078
4.07233
4.07386
4.07535
4.07678
4.07814
4.07939
4.08053
4.08152
4.08235
4.08299
4.08342
4.08363
4.08359
4.08329
4.08273
4.08188
4.08075
4.07933
4.07763
4.07565
4.0734
4.0709
4.06816
4.06521
4.06206
4.05876
4.05532
4.05179
4.04818
4.04453
4.04087
4.03724
4.03366
4.03016
4.02676
4.02349
4.02037
4.01742
4.01467
4.01212
4.0098
4.00772
4.0059
4.00434
4.00306
4.00206
4.00136
4.00096
4.00087
4.00109
4.00162
4.00246
4.00362
4.00507
4.00683
4.00887
4.01119
4.01378
4.01663
4.01971
4.02301
4.02653
4.03022
4.03409
4.03811
4.04227
4.04654
4.0509
4.05535
4.05986
4.06442
4.06901
4.07363
4.07826
4.08288
4.0875
4.0921
4.09668
4.10122
4.10573
4.1102
4.11463
4.11901
4.12336
4.12765
4.1319
4.13611
4.14028
4.1444
4.1485
4.15255
4.15658
4.16058
4.16456
4.16853
4.17247
4.17641
4.18034
4.18427
4.1882
4.19212
4.19604
4.19996
4.20388
4.20779
4.21169
4.21557
4.21944
4.22327
4.22707
4.23083
4.23454
4.23819
4.24178
4.24529
4.24872
4.25206
4.2553
4.25844
4.26148
4.2644
4.26722
4.26991
4.27249
4.27496
4.27731
4.27956
4.2817
4.28374
4.28568
4.28755
4.28934
4.29106
4.29273
4.29435
4.29593
4.29748
4.29901
4.30052
4.30202
4.30351
4.30498
4.30644
4.30788
4.30928
4.31065
4.31196
4.31321
4.31439
4.31547
4.31645
4.31731
4.31805
4.31865
4.3191
4.31941
4.31956
4.31956
4.31941
4.31912
4.31868
4.3181
4.3174
4.31658
4.31565
4.31462
4.31349
4.31226
4.31095
4.30955
4.30806
4.30648
4.30481
4.30303
4.30114
4.29913
4.29699
4.2947
4.29225
4.28964
4.28684
4.28385
4.28066
4.27726
4.27365
4.26981
4.26576
4.26148
4.25698
4.25226
4.24732
4.24218
4.23683
4.23129
4.22556
4.21967
4.2136
4.20739
4.20103
4.19456
4.18797
4.18128
4.17452
4.1677
4.16084
4.15395
4.14707
4.14022
4.13342
4.12671
4.1201
4.11363
4.10734
4.10125
4.09539
4.0898
4.08451
4.07953
4.0749
4.07063
4.06674
4.06323
4.06013
4.05742
4.0551
4.05316
4.0516
4.0504
4.04953
4.04898
4.04872
4.04873
4.04898
4.04945
4.05011
4.05093
4.0519
4.05298
4.05416
4.05541
4.05671
4.05804
4.05938
4.06071
4.06202
4.06329
4.06451
4.06565
4.06672
4.06769
4.06855
4.06931
4.06994
4.07044
4.07081
4.07104
4.07112
4.07105
4.07082
4.07043
4.06989
4.06918
4.0683
4.06725
4.06604
4.06465
4.06308
4.06134
4.05941
4.05731
4.05502
4.05256
4.04991
4.04708
4.04406
4.04087
4.03751
4.03398
4.03028
4.02643
4.02243
4.0183
4.01405
4.0097
4.00526
4.00076
3.99623
3.99168
3.98714
3.98266
3.97826
3.97398
3.96987
3.96595
3.96227
3.95887
3.9558
3.95309
3.95077
3.94889
3.94746
3.94653
3.9461
3.94619
3.94682
3.94798
3.94968
3.9519
3.95464
3.95789
3.96161
3.96578
3.97039
3.97539
3.98076
3.98645
3.99245
3.99871
4.00519
4.01187
4.01871
4.02567
4.03272
4.03982
4.04695
4.05406
4.06114
4.06815
4.07505
4.08182
4.08844
4.09487
4.10109
4.10708
4.11281
4.11826
4.12341
4.12824
4.13274
4.1369
4.1407
4.14415
4.14724
4.14996
4.15234
4.15437
4.15607
4.15745
4.15855
4.15937
4.15996
4.16034
4.16055
4.16061
4.16056
4.16044
4.16027
4.16008
4.15989
4.15973
4.1596
4.15953
4.1595
4.15953
4.15959
4.15969
4.15979
4.15988
4.15995
4.15995
4.15986
4.15967
4.15933
4.15884
4.15817
4.1573
4.15623
4.15493
4.1534
4.15164
4.14966
4.14746
4.14505
4.14244
4.13965
4.13669
4.13359
4.13036
4.12704
4.12364
4.1202
4.11673
4.11326
4.10981
4.10642
4.1031
4.09988
4.09679
4.09384
4.09106
4.08846
4.08608
4.08393
4.08203
4.0804
4.07906
4.07802
4.0773
4.07692
4.07689
4.07724
4.07796
4.07907
4.08059
4.08251
4.08486
4.08763
4.09082
4.09444
4.09848
4.10294
4.10781
4.11308
4.11873
4.12474
4.1311
4.13778
4.14475
4.15198
4.15944
4.16708
4.17486
4.18276
4.19071
4.19868
4.20663
4.21449
4.22224
4.22981
4.23718
4.24428
4.2511
4.25757
4.26368
4.26939
4.27467
4.27949
4.28384
4.28769
4.29104
4.29387
4.29618
4.29796
4.29922
4.29995
4.30017
4.29988
4.29909
4.29781
4.29605
4.29383
4.29116
4.28804
4.2845
4.28055
4.27621
4.27149
4.2664
4.26098
4.25523
4.24918
4.24285
4.23627
4.22945
4.22244
4.21525
4.20792
4.20048
4.19295
4.18537
4.17777
4.17017
4.16261
4.15511
4.1477
4.14038
4.13319
4.12613
4.11922
4.11245
4.10585
4.0994
4.09311
4.08697
4.08098
4.07513
4.06941
4.06383
4.05837
4.05302
4.04779
4.04267
4.03767
4.03277
4.02799
4.02334
4.01881
4.01442
4.01017
4.00609
4.00218
3.99845
3.99492
3.99162
3.98854
3.98572
3.98316
3.98089
3.97892
3.97726
3.97594
3.97497
3.97436
3.97413
3.9743
3.97488
3.97588
3.97731
3.97919
3.98151
3.9843
3.98754
3.99125
3.99542
4.00004
4.00511
4.01061
4.01653
4.02285
4.02953
4.03655
4.04388
4.05146
4.05927
4.06725
4.07535
4.08352
4.0917
4.09984
4.10787
4.11574
4.12338
4.13075
4.13779
4.14444
4.15066
4.1564
4.16161
4.16627
4.17034
4.17379
4.1766
4.17876
4.18026
4.18109
4.18127
4.18079
4.17967
4.17794
4.17561
4.17272
4.1693
4.16538
4.161
4.1562
4.15101
4.14548
4.13965
4.13354
4.12719
4.12064
4.11392
4.10704
4.10004
4.09293
4.08575
4.0785
4.07121
4.0639
4.05658
4.04928
4.04201
4.03478
4.02762
4.02055
4.01357
4.00671
3.99997
3.99336
3.9869
3.98059
3.97443
3.96844
3.96262
3.95696
3.95148
3.94618
3.94105
3.93612
3.93137
3.92682
3.92248
3.91835
3.91444
3.91076
3.90731
3.90412
3.90117
3.89849
3.89607
3.89392
3.89205
3.89045
3.88914
3.8881
3.88734
3.88686
3.88665
3.88671
3.88704
3.88762
3.88846
3.88955
3.89089
3.89245
3.89425
3.89628
3.89852
3.90098
3.90365
3.90652
3.90958
3.91285
3.9163
3.91993
3.92375
3.92774
3.93191
3.93623
3.94072
3.94536
3.95014
3.95505
3.96009
3.96524
3.97049
3.97582
3.98122
3.98667
3.99215
3.99764
4.00312
4.00857
4.01396
4.01927
4.02449
4.02958
4.03452
4.0393
4.04388
4.04826
4.05241
4.05631
4.05995
4.06332
4.0664
4.06918
4.07166
4.07382
4.07567
4.0772
4.07841
4.0793
4.07988
4.08015
4.08013
4.07982
4.07923
4.07838
4.07728
4.07596
4.07443
4.07271
4.07083
4.06881
4.06668
4.06446
4.06217
4.05986
4.05753
4.05522
4.05296
4.05076
4.04865
4.04666
4.04479
4.04308
4.04152
4.04014
4.03894
4.03793
4.03712
4.03649
4.03606
4.03582
4.03576
4.03587
4.03615
4.03659
4.03717
4.03789
4.03874
4.03971
4.04078
4.04195
4.04321
4.04456
4.04598
4.04748
4.04906
4.0507
4.05241
4.05419
4.05604
4.05795
4.05994
4.06198
4.0641
4.06628
4.06853
4.07083
4.07319
4.0756
4.07806
4.08056
4.08308
4.08562
4.08817
4.09072
4.09324
4.09573
4.09816
4.10053
4.1028
4.10495
4.10696
4.10882
4.11048
4.11193
4.11315
4.11411
4.11478
4.11516
4.11522
4.11495
4.11435
4.11342
4.11215
4.11054
4.10862
4.10639
4.10388
4.1011
4.09807
4.09482
4.09137
4.08776
4.08399
4.08009
4.07609
4.07199
4.06781
4.06356
4.05925
4.05489
4.05046
4.04598
4.04144
4.03684
4.03217
4.02742
4.02259
4.01768
4.01268
4.00758
4.0024
3.99713
3.99176
3.98632
3.98081
3.97523
3.9696
3.96394
3.95825
3.95257
3.94692
3.9413
3.93576
3.93032
3.92499
3.91982
3.91483
3.91005
3.90551
3.90124
3.89726
3.8936
3.89029
3.88735
3.88481
3.88267
3.88095
3.87966
3.87882
3.87841
3.87844
3.87891
3.87979
3.88109
3.88277
3.88481
3.8872
3.8899
3.89288
3.89611
3.89955
3.90318
3.90695
3.91084
3.9148
3.9188
3.92281
3.9268
3.93074
3.93459
3.93834
3.94195
3.9454
3.94868
3.95176
3.95463
3.95729
3.95971
3.96189
3.96384
3.96554
3.96701
3.96826
3.96928
3.97009
3.97071
3.97116
3.97144
3.9716
3.97164
3.97159
3.97148
3.97133
3.97118
3.97103
3.97093
3.9709
3.97096
3.97114
3.97147
3.97195
3.97263
3.97351
3.97462
3.97597
3.97758
3.97946
3.98162
3.98408
3.98683
3.98989
3.99325
3.99691
4.00087
4.00513
4.00967
4.01448
4.01955
4.02486
4.0304
4.03614
4.04206
4.04815
4.05437
4.0607
4.06712
4.0736
4.08012
4.08666
4.0932
4.0997
4.10617
4.11257
4.11889
4.12512
4.13125
4.13726
4.14315
4.1489
4.15452
4.15999
4.16533
4.17052
4.17556
4.18046
4.18522
4.18983
4.1943
4.19862
4.20281
4.20684
4.21073
4.21447
4.21805
4.22146
4.22471
4.22777
4.23064
4.2333
4.23574
4.23794
4.23989
4.24158
4.24297
4.24406
4.24483
4.24526
4.24534
4.24504
4.24437
4.24329
4.24181
4.23991
4.23758
4.23483
4.23163
4.22801
4.22394
4.21944
4.21451
4.20916
4.20338
4.1972
4.19062
4.18365
4.17632
4.16863
4.16061
4.15228
4.14367
4.13479
4.12568
4.11638
4.10691
4.09731
4.08763
4.0779
4.06817
4.05849
4.04891
4.03947
4.03022
4.0212
4.01248
4.00408
3.99606
3.98844
3.98127
3.97457
3.96837
3.96269
3.95754
3.95294
3.94889
3.94538
3.94243
3.94002
3.93815
3.9368
3.93597
3.93564
3.9358
3.93643
3.93752
3.93905
3.94101
3.94337
3.94613
3.94925
3.95272
3.95653
3.96064
3.96502
3.96966
3.97452
3.97957
3.98478
3.99012
3.99555
4.00103
4.00653
4.01203
4.01747
4.02285
4.02812
4.03327
4.03828
4.04314
4.04783
4.05237
4.05675
4.06098
4.06509
4.0691
4.07304
4.07695
4.08085
4.08481
4.08884
4.093
4.09733
4.10185
4.1066
4.1116
4.11686
4.1224
4.1282
4.13426
4.14056
4.14707
4.15377
4.16061
4.16756
4.17457
4.1816
4.1886
4.19554
4.20236
4.20905
4.21556
4.22187
4.22795
4.2338
4.2394
4.24475
4.24984
4.25467
4.25925
4.26358
4.26767
4.27152
4.27513
4.27849
4.2816
4.28445
4.28701
4.28925
4.29116
4.2927
4.29384
4.29453
4.29475
4.29446
4.29363
4.29223
4.29025
4.28767
4.28448
4.28068
4.27628
4.2713
4.26574
4.25964
4.25303
4.24595
4.23843
4.23052
4.22227
4.21372
4.20493
4.19594
4.18681
4.17758
4.1683
4.15903
4.1498
4.14067
4.13168
4.12286
4.11426
4.10592
4.09787
4.09014
4.08277
4.07577
4.06918
4.06302
4.05729
4.05202
4.04721
4.04287
4.039
4.03559
4.03264
4.03014
4.02806
4.0264
4.02514
4.02424
4.0237
4.02348
4.02356
4.02391
4.02451
4.02533
4.02634
4.02752
4.02885
4.03029
4.03183
4.03345
4.03512
4.03682
4.03854
4.04024
4.04192
4.04356
4.04513
4.04664
4.04805
4.04937
4.05058
4.05166
4.05263
4.05345
4.05415
4.05471
4.05513
4.05541
4.05557
4.0556
4.05552
4.05534
4.05507
4.05471
4.0543
4.05384
4.05336
4.05287
4.0524
4.05196
4.05159
4.05129
4.05109
4.05102
4.05109
4.05133
4.05176
4.05239
4.05323
4.0543
4.05561
4.05716
4.05896
4.061
4.06329
4.0658
4.06854
4.07148
4.0746
4.0779
4.08134
4.0849
4.08856
4.09229
4.09606
4.09986
4.10366
4.10743
4.11116
4.11482
4.1184
4.12189
4.12528
4.12855
4.1317
4.13473
4.13764
4.14043
4.14311
4.14569
4.14817
4.15058
4.15292
4.15521
4.15748
4.15974
4.162
4.16429
4.16661
4.16899
4.17144
4.17397
4.17659
4.17929
4.18208
4.18497
4.18794
4.19098
4.19409
4.19726
4.20046
4.20367
4.20689
4.21008
4.21324
4.21633
4.21934
4.22225
4.22505
4.2277
4.23021
4.23256
4.23473
4.23673
4.23854
4.24016
4.24159
4.24284
4.2439
4.24478
4.24549
4.24604
4.24642
4.24665
4.24674
4.24669
4.24651
4.2462
4.24577
4.24523
4.24458
4.24382
4.24295
4.24199
4.24092
4.23976
4.23851
4.23718
4.23576
4.23427
4.2327
4.23108
4.22941
4.22769
4.22594
4.22416
4.22237
4.22058
4.21879
4.21701
4.21525
4.21352
4.21181
4.21013
4.20847
4.20684
4.20522
4.20362
4.20201
4.20039
4.19874
4.19705
4.19531
4.19349
4.19158
4.18956
4.18743
4.18516
4.18273
4.18016
4.17741
4.1745
4.17141
4.16815
4.16472
4.16113
4.15739
4.15352
4.14953
4.14544
4.14127
4.13706
4.13283
4.12861
4.12443
4.12034
4.11636
4.11254
4.10892
4.10553
4.10242
4.09964
4.09721
4.09517
4.09357
4.09243
4.09178
4.09165
4.09205
4.09299
4.09448
4.09653
4.09911
4.10221
4.10583
4.10992
4.11447
4.11943
4.12477
4.13045
4.13643
4.14266
4.14912
4.15576
4.16253
4.16941
4.17635
4.18332
4.19028
4.19721
4.20406
4.21081
4.21742
4.22387
4.23013
4.23616
4.24195
4.24747
4.2527
4.25762
4.26222
4.26647
4.27037
4.27391
4.27708
4.27989
4.28233
4.2844
4.2861
4.28745
4.28844
4.28909
4.2894
4.28939
4.28905
4.2884
4.28744
4.28618
4.28462
4.28276
4.28062
4.27819
4.27547
4.27246
4.26916
4.26558
4.26172
4.25759
4.25318
4.24852
4.24361
4.23847
4.23311
4.22757
4.22186
4.21601
4.21005
4.20401
4.19792
4.19182
4.18572
4.17966
4.17366
4.16774
4.16192
4.15621
4.15063
4.14519
4.13988
4.13472
4.1297
4.12482
4.12009
4.11551
4.11107
4.10677
4.10263
4.09863
4.09479
4.0911
4.08758
4.08423
4.08106
4.07808
4.0753
4.07271
4.07035
4.0682
4.06629
4.06462
4.0632
4.06203
4.06112
4.06048
4.0601
4.05998
4.06013
4.06054
4.06119
4.06209
4.06321
4.06454
4.06607
4.06777
4.06962
4.0716
4.07368
4.07584
4.07805
4.0803
4.08256
4.0848
4.08702
4.0892
4.09132
4.09338
4.09537
4.09729
4.09914
4.10093
4.10266
4.10435
4.106
4.10763
4.10927
4.11092
4.11261
4.11436
4.11618
4.11809
4.12012
4.12229
4.12459
4.12706
4.12971
4.13253
4.13555
4.13877
4.14218
4.14579
4.1496
4.1536
4.15779
4.16215
4.16667
4.17133
4.17613
4.18104
4.18603
4.19109
4.1962
4.20131
4.20642
4.21149
4.21649
4.22139
4.22616
4.23077
4.2352
4.2394
4.24336
4.24704
4.25042
4.25347
4.25616
4.25847
4.26039
4.26189
4.26296
4.26358
4.26375
4.26345
4.26269
4.26145
4.25973
4.25755
4.25491
4.25182
4.24828
4.24431
4.23994
4.23517
4.23002
4.22453
4.21872
4.21261
4.20624
4.19963
4.19282
4.18585
4.17874
4.17155
4.1643
4.15704
4.1498
4.14264
4.13558
4.12866
4.12194
4.11544
4.10919
4.10325
4.09763
4.09236
4.08747
4.08299
4.07892
4.07528
4.07209
4.06934
4.06704
4.06517
4.06373
4.0627
4.06206
4.0618
4.06187
4.06224
4.0629
4.06378
4.06486
4.0661
4.06746
4.06889
4.07035
4.07182
4.07326
4.07463
4.07591
4.07709
4.07813
4.07903
4.07979
4.08039
4.08085
4.08118
4.08137
4.08146
4.08145
4.08137
4.08124
4.08107
4.08089
4.08072
4.08056
4.08044
4.08036
4.08033
4.08035
4.08042
4.08054
4.08069
4.08088
4.08109
4.0813
4.08151
4.0817
4.08186
4.08197
4.08203
4.08203
4.08195
4.0818
4.08157
4.08126
4.08086
4.08039
4.07985
4.07924
4.07858
4.07787
4.07713
4.07637
4.07561
4.07486
4.07412
4.07343
4.07278
4.0722
4.07169
4.07126
4.07093
4.07069
4.07055
4.07052
4.07059
4.07076
4.07103
4.07139
4.07183
4.07236
4.07295
4.07361
4.07432
4.07507
4.07585
4.07667
4.0775
4.07836
4.07922
4.0801
4.08098
4.08188
4.08278
4.0837
4.08464
4.0856
4.08658
4.0876
4.08865
4.08974
4.09087
4.09205
4.09327
4.09455
4.09586
4.09722
4.09862
4.10004
4.10148
4.10294
4.10439
4.10582
4.10723
4.10859
4.10989
4.11113
4.11227
4.11331
4.11424
4.11505
4.11573
4.11626
4.11665
4.11688
4.11696
4.11688
4.11663
4.11623
4.11565
4.11491
4.11401
4.11294
4.11169
4.11028
4.10869
4.10693
4.10501
4.10291
4.10065
4.09823
4.09565
4.09293
4.09008
4.0871
4.08402
4.08086
4.07761
4.07432
4.07099
4.06764
4.0643
4.06097
4.05768
4.05445
4.05128
4.04819
4.04518
4.04227
4.03947
4.03676
4.03416
4.03167
4.02928
4.027
4.02481
4.02271
4.02071
4.01879
4.01696
4.0152
4.01353
4.01192
4.01039
4.00894
4.00757
4.00628
4.00508
4.00398
4.00298
4.00209
4.00133
4.00069
4.00021
3.99988
3.99972
3.99975
3.99996
4.00038
4.00102
4.00187
4.00295
4.00426
4.00581
4.00759
4.0096
4.01184
4.01429
4.01695
4.01981
4.02285
4.02605
4.0294
4.03288
4.03646
4.04012
4.04384
4.04759
4.05134
4.05509
4.05879
4.06242
4.06596
4.06939
4.07268
4.07581
4.07876
4.08151
4.08404
4.08632
4.08836
4.09012
4.0916
4.09278
4.09366
4.09423
4.09449
4.09442
4.09403
4.09333
4.0923
4.09096
4.08932
4.08738
4.08515
4.08265
4.07989
4.07688
4.07363
4.07017
4.06651
4.06267
4.05866
4.05451
4.05024
4.04585
4.04139
4.03685
4.03227
4.02766
4.02305
4.01845
4.0139
4.00941
4.005
4.0007
3.99653
3.99251
3.98867
3.98503
3.98161
3.97842
3.97549
3.97284
3.97046
3.96838
3.96659
3.9651
3.9639
3.96298
3.96234
3.96195
3.9618
3.96185
3.96209
3.96249
3.96301
3.96362
3.96429
3.96499
3.96569
3.96635
3.96695
3.96747
3.96789
3.96818
3.96833
3.96834
3.96819
3.96788
3.96742
3.9668
3.96605
3.96515
3.96414
3.96302
3.96181
3.96052
3.95916
3.95777
3.95634
3.95488
3.95342
3.95194
3.95047
3.949
3.94752
3.94605
3.94457
3.94307
3.94155
3.94001
3.93843
3.93681
3.93515
3.93343
3.93167
3.92985
3.92798
3.92607
3.92412
3.92215
3.92016
3.91816
3.91618
3.91422
3.9123
3.91043
3.90864
3.90693
3.90531
3.90379
3.90239
3.90111
3.89995
3.89892
3.89801
3.89723
3.89657
3.89602
3.89559
3.89526
3.89503
3.89488
3.89481
3.89481
3.89487
3.89497
3.89512
3.89529
3.89548
3.89568
3.89589
3.89609
3.89628
3.89646
3.89661
3.89674
3.89684
3.89691
3.89695
3.89696
3.89693
3.89688
3.89679
3.89669
3.89656
3.89642
3.89626
3.8961
3.89595
3.89579
3.89565
3.89552
3.89542
3.89534
3.89529
3.89526
3.89527
3.89532
3.89539
3.8955
3.89564
3.8958
3.89598
3.89619
3.89641
3.89663
3.89687
3.8971
3.89734
3.89757
3.89779
3.89802
3.89824
3.89847
3.89871
3.89897
3.89927
3.89961
3.90002
3.90051
3.9011
3.9018
3.90265
3.90366
3.90484
3.90623
3.90783
3.90967
3.91176
3.9141
3.91673
3.91963
3.92283
3.92633
3.93012
3.93422
3.93863
3.94335
3.94837
3.95371
3.95936
3.96532
3.97159
3.97816
3.98505
3.99224
3.99974
4.00753
4.0156
4.02395
4.03257
4.04144
4.05054
4.05984
4.06933
4.07898
4.08876
4.09863
4.10856
4.11851
4.12845
4.13834
4.14814
4.15781
4.16731
4.17659
4.18563
4.19439
4.20282
4.21089
4.21858
4.22584
4.23265
4.23899
4.24482
4.25014
4.25491
4.25912
4.26277
4.26583
4.26832
4.27021
4.27152
4.27226
4.27241
4.27201
4.27106
4.26958
4.26758
4.2651
4.26215
4.25877
4.25498
4.2508
4.24628
4.24144
4.23631
4.23092
4.2253
4.2195
4.21352
4.20742
4.2012
4.19491
4.18857
4.18219
4.17582
4.16946
4.16315
4.1569
4.15073
4.14466
4.1387
4.13287
4.12719
4.12167
4.11631
4.11114
4.10615
4.10135
4.09676
4.09237
4.08819
4.08421
4.08045
4.0769
4.07356
4.07043
4.0675
4.06477
4.06224
4.05989
4.05773
4.05573
4.05391
4.05223
4.05071
4.04932
4.04806
4.04692
4.04588
4.04495
4.04412
4.04338
4.04272
4.04215
4.04167
4.04127
4.04097
4.04076
4.04065
4.04066
4.0408
4.04106
4.04148
4.04205
4.04279
4.04372
4.04484
4.04617
4.0477
4.04946
4.05143
4.05363
4.05605
4.05869
4.06155
4.06461
4.06788
4.07134
4.07497
4.07877
4.08273
4.08681
4.09102
4.09532
4.09972
4.10417
4.10867
4.1132
4.11773
4.12225
4.12673
4.13115
4.13549
4.13972
4.14382
4.14776
4.15152
4.15508
4.15841
4.16149
4.1643
4.16682
4.16902
4.1709
4.17244
4.17362
4.17445
4.17491
4.17501
4.17475
4.17413
4.17317
4.17187
4.17027
4.16837
4.16621
4.16381
4.16121
4.15843
4.15551
4.15249
4.14941
4.14631
4.14322
4.1402
4.13727
4.13447
4.13184
4.12942
4.12723
4.12529
4.12364
4.12229
4.12125
4.12053
4.12014
4.12008
4.12034
4.1209
4.12177
4.12291
4.1243
4.12592
4.12774
4.12972
4.13183
4.13404
4.1363
4.13858
4.14084
4.14306
4.14518
4.14718
4.14904
4.15071
4.15219
4.15344
4.15445
4.1552
4.15569
4.15591
4.15586
4.15554
4.15495
4.15412
4.15305
4.15176
4.15027
4.14861
4.1468
4.14487
4.14285
4.14078
4.13868
4.1366
4.13455
4.13258
4.13072
4.12899
4.12742
4.12604
4.12487
4.12392
4.12322
4.12278
4.12259
4.12268
4.12304
4.12367
4.12457
4.12573
4.12714
4.12879
4.13067
4.13276
4.13504
4.1375
4.14012
4.14287
4.14575
4.14872
4.15177
4.15487
4.15802
4.16118
4.16434
4.16747
4.17056
4.17359
4.17654
4.1794
4.18214
4.18474
4.1872
4.18948
4.19159
4.1935
4.19521
4.19669
4.19793
4.19893
4.19968
4.20017
4.2004
4.20035
4.20004
4.19946
4.19862
4.19752
4.19617
4.19459
4.19278
4.19077
4.18858
4.18621
4.18371
4.1811
4.1784
4.17564
4.17285
4.17007
4.16732
4.16464
4.16205
4.15958
4.15727
4.15513
4.15319
4.15147
4.14998
4.14874
4.14775
4.14702
4.14655
4.14633
4.14637
4.14664
4.14714
4.14785
4.14875
4.14981
4.15102
4.15235
4.15378
4.15529
4.15685
4.15845
4.16006
4.16167
4.16327
4.16485
4.16639
4.1679
4.16937
4.17081
4.17222
4.1736
4.17496
4.17632
4.17767
4.17904
4.18043
4.18186
4.18333
4.18484
4.18641
4.18804
4.18974
4.19149
4.19331
4.19518
4.1971
4.19906
4.20104
4.20304
4.20503
4.207
4.20893
4.2108
4.21259
4.21428
4.21585
4.21727
4.21852
4.21958
4.22043
4.22105
4.22142
4.22151
4.22132
4.22081
4.21999
4.21883
4.21733
4.21547
4.21324
4.21063
4.20765
4.20428
4.20053
4.1964
4.19189
4.18701
4.18176
4.17616
4.17022
4.16395
4.15739
4.15053
4.14342
4.13606
4.1285
4.12075
4.11285
4.10483
4.0967
4.08851
4.08027
4.07203
4.06379
4.05559
4.04745
4.03939
4.03143
4.02359
4.0159
4.00838
4.00104
3.99391
3.98702
3.98038
3.97404
3.96801
3.96232
3.95702
3.95213
3.94769
3.94373
3.94027
3.93736
3.93501
3.93325
3.93209
3.93156
3.93165
3.93237
3.93372
3.93568
3.93824
3.94137
3.94504
3.94922
3.95388
3.95896
3.96442
3.97022
3.9763
3.98262
3.98912
3.99576
4.00249
4.00927
4.01604
4.02277
4.02941
4.03593
4.0423
4.04848
4.05445
4.06017
4.06563
4.0708
4.07568
4.08023
4.08446
4.08835
4.0919
4.09511
4.09796
4.10048
4.10265
4.10449
4.10602
4.10723
4.10815
4.10879
4.10919
4.10935
4.1093
4.10908
4.10871
4.10823
4.10766
4.10705
4.10642
4.10581
4.10526
4.10479
4.10444
4.10425
4.10422
4.1044
4.1048
4.10545
4.10635
4.10751
4.10895
4.11067
4.11266
4.11493
4.11745
4.12023
4.12324
4.12647
4.12989
4.13347
4.13719
4.14101
4.14492
4.14886
4.15282
4.15675
4.16063
4.16443
4.16811
4.17165
4.17502
4.1782
4.18118
4.18392
4.18642
4.18867
4.19065
4.19236
4.19378
4.19492
4.19578
4.19635
4.19664
4.19665
4.19639
4.19586
4.19507
4.19404
4.19276
4.19127
4.18956
4.18766
4.1856
4.18338
4.18102
4.17857
4.17603
4.17344
4.17082
4.1682
4.16561
4.16308
4.16064
4.15832
4.15613
4.15412
4.15229
4.15069
4.14931
4.14819
4.14734
4.14677
4.14649
4.1465
4.14682
4.14743
4.14834
4.14954
4.15103
4.15278
4.15479
4.15704
4.15952
4.1622
4.16505
4.16807
4.17121
4.17447
4.17781
4.1812
4.18463
4.18807
4.1915
4.1949
4.19824
4.2015
4.20467
4.20774
4.21068
4.21349
4.21615
4.21865
4.22099
4.22315
4.22514
4.22693
4.22853
4.22993
4.23113
4.23211
4.23288
4.23342
4.23374
4.23382
4.23366
4.23326
4.2326
4.23168
4.23051
4.22906
4.22735
4.22537
4.22312
4.2206
4.21783
4.21479
4.21151
4.20799
4.20425
4.20031
4.19617
4.19186
4.1874
4.18281
4.17812
4.17334
4.16851
4.16365
4.15878
4.15393
4.14913
4.14438
4.13972
4.13517
4.13075
4.12647
4.12234
4.11839
4.11463
4.11106
4.1077
4.10456
4.10163
4.09892
4.09644
4.09418
4.09215
4.09033
4.08872
4.08732
4.08611
4.08509
4.08423
4.08352
4.08296
4.08251
4.08216
4.0819
4.0817
4.08154
4.08141
4.08129
4.08116
4.081
4.0808
4.08055
4.08024
4.07986
4.07939
4.07885
4.07822
4.07751
4.07672
4.07585
4.07493
4.07394
4.07292
4.07186
4.07079
4.06972
4.06866
4.06763
4.06664
4.0657
4.06483
4.06403
4.0633
4.06265
4.06208
4.06158
4.06115
4.06077
4.06043
4.06011
4.05981
4.05949
4.05914
4.05875
4.05829
4.05774
4.0571
4.05635
4.05547
4.05446
4.05331
4.05202
4.05059
4.04903
4.04732
4.04549
4.04354
4.04148
4.03933
4.03709
4.03478
4.03242
4.03002
4.0276
4.02518
4.02277
4.0204
4.01808
4.01582
4.01365
4.01158
4.00963
4.00782
4.00615
4.00465
4.00333
4.00219
4.00127
4.00056
4.00008
3.99983
3.99984
4.0001
4.00062
4.00142
4.00249
4.00384
4.00548
4.0074
4.00961
4.0121
4.01487
4.01791
4.02123
4.02481
4.02864
4.03272
4.03702
4.04153
4.04624
4.05113
4.05618
4.06136
4.06666
4.07206
4.07753
4.08304
4.08857
4.0941
4.0996
4.10504
4.11041
4.11567
4.1208
4.12578
4.13059
4.1352
4.1396
4.14377
4.14769
4.15135
4.15474
4.15785
4.16066
4.16318
4.1654
4.16733
4.16896
4.1703
4.17136
4.17215
4.17268
4.17296
4.17302
4.17287
4.17252
4.172
4.17132
4.17052
4.1696
4.1686
4.16752
4.16639
4.16524
4.16406
4.16288
4.16172
4.16058
4.15947
4.1584
4.15739
4.15643
4.15553
4.15469
4.15391
4.1532
4.15256
4.15198
4.15148
4.15104
4.15068
4.15038
4.15016
4.15002
4.14996
4.14999
4.1501
4.15031
4.15061
4.15102
4.15154
4.15218
4.15293
4.15381
4.15482
4.15595
4.15722
4.15862
4.16014
4.1618
4.16357
4.16546
4.16745
4.16954
4.17171
4.17394
4.17622
4.17853
4.18084
4.18315
4.18542
4.18764
4.18977
4.1918
4.1937
4.19545
4.19703
4.1984
4.19955
4.20047
4.20112
4.2015
4.20158
4.20135
4.20081
4.19993
4.19871
4.19714
4.19522
4.19295
4.19033
4.18735
4.18403
4.18037
4.17637
4.17206
4.16743
4.16251
4.15731
4.15185
4.14615
4.14022
4.13409
4.12778
4.12131
4.11471
4.108
4.1012
4.09435
4.08747
4.08059
4.07374
4.06695
4.06025
4.05367
4.04725
4.04102
4.03502
4.02927
4.02381
4.01867
4.0139
4.0095
4.00552
4.00198
3.99889
3.99628
3.99416
3.99254
3.99143
3.99083
3.99074
3.99114
3.99203
3.9934
3.99521
3.99746
4.00012
4.00316
4.00654
4.01025
4.01424
4.01848
4.02294
4.02758
4.03238
4.03728
4.04227
4.0473
4.05235
4.05738
4.06236
4.06726
4.07206
4.07673
4.08124
4.08557
4.08971
4.09362
4.0973
4.10072
4.10387
4.10673
4.10931
4.11157
4.11353
4.11517
4.11648
4.11746
4.11812
4.11845
4.11846
4.11814
4.11751
4.11657
4.11533
4.1138
4.112
4.10993
4.10762
4.10507
4.10232
4.09936
4.09623
4.09295
4.08952
4.08597
4.08233
4.0786
4.07482
4.07099
4.06714
4.06329
4.05945
4.05563
4.05186
4.04816
4.04453
4.04099
4.03756
4.03426
4.03109
4.02808
4.02525
4.0226
4.02015
4.01793
4.01594
4.01421
4.01275
4.01157
4.01069
4.01012
4.00987
4.00995
4.01037
4.01113
4.01223
4.01366
4.01543
4.01751
4.0199
4.02257
4.0255
4.02867
4.03205
4.0356
4.03929
4.04309
4.04694
4.05081
4.05467
4.05846
4.06214
4.06567
4.06902
4.07214
4.075
4.07756
4.07979
4.08166
4.08315
4.08423
4.08489
4.0851
4.08487
4.08418
4.08303
4.08142
4.07935
4.07682
4.07386
4.07048
4.06668
4.0625
4.05795
4.05306
4.04786
4.04237
4.03665
4.0307
4.02459
4.01833
4.01196
4.00554
3.99908
3.99264
3.98624
3.97992
3.97372
3.96768
3.96181
3.95615
3.95073
3.94557
3.94069
3.93611
3.93186
3.92794
3.92437
3.92115
3.9183
3.91582
3.91371
3.91197
3.9106
3.90958
3.90892
3.90861
3.90863
3.90897
3.90961
3.91055
3.91177
3.91325
3.91498
3.91696
3.91916
3.92158
3.92421
3.92704
3.93008
3.93332
3.93676
3.94041
3.94425
3.9483
3.95256
3.95703
3.9617
3.96658
3.97166
3.97694
3.98242
3.98807
3.9939
3.99989
4.00603
4.0123
4.01868
4.02516
4.03172
4.03835
4.04502
4.05173
4.05844
4.06515
4.07184
4.07849
4.0851
4.09163
4.09809
4.10445
4.11071
4.11685
4.12285
4.1287
4.13439
4.13991
4.14525
4.15039
4.15532
4.16002
4.16449
4.16872
4.17269
4.17639
4.17981
4.18294
4.18576
4.18828
4.19047
4.19233
4.19385
4.19502
4.19582
4.19626
4.19633
4.19602
4.19531
4.19422
4.19273
4.19084
4.18855
4.18586
4.18278
4.17931
4.17546
4.17124
4.16666
4.16175
4.15653
4.15102
4.14526
4.13927
4.13309
4.12676
4.12032
4.11382
4.1073
4.10081
4.09438
4.08808
4.08193
4.07599
4.07029
4.06486
4.05974
4.05496
4.05054
4.0465
4.04285
4.0396
4.03677
4.03435
4.03234
4.03074
4.02955
4.02874
4.0283
4.02823
4.02849
4.02908
4.02997
4.03114
4.03257
4.03423
4.03611
4.03817
4.0404
4.04277
4.04527
4.04788
4.05057
4.05333
4.05614
4.05899
4.06187
4.06477
4.06766
4.07055
4.07342
4.07626
4.07907
4.08184
4.08456
4.08723
4.08985
4.09241
4.09491
4.09734
4.09971
4.10201
4.10424
4.10641
4.10852
4.11056
4.11253
4.11443
4.11627
4.11804
4.11973
4.12135
4.12288
4.12432
4.12565
4.12688
4.12798
4.12893
4.12974
4.13037
4.13082
4.13106
4.13108
4.13087
4.13039
4.12965
4.12863
4.12731
4.12568
4.12374
4.12148
4.1189
4.11599
4.11276
4.10921
4.10534
4.10118
4.09672
4.09198
4.08699
4.08175
4.07628
4.07062
4.06478
4.05878
4.05267
4.04646
4.04019
4.03389
4.0276
4.02135
4.01518
4.00912
4.00322
3.9975
3.99201
3.98677
3.98183
3.97721
3.97294
3.96905
3.96556
3.96248
3.95984
3.95764
3.95588
3.95458
3.95372
3.95331
3.95332
3.95375
3.95459
3.9558
3.95736
3.95926
3.96145
3.96391
3.96661
3.96951
3.97258
3.97578
3.97908
3.98244
3.98583
3.98921
3.99255
3.99582
3.99898
4.002
4.00486
4.00753
4.00998
4.01219
4.01414
4.0158
4.01716
4.01821
4.01892
4.0193
4.01932
4.01898
4.01828
4.01721
4.01578
4.01399
4.01185
4.00937
4.00655
4.00342
4
3.9963
3.99235
3.98818
3.98382
3.9793
3.97467
3.96995
3.96519
3.96043
3.95571
3.95108
3.94657
3.94222
3.93808
3.93419
3.93058
3.92728
3.92433
3.92175
3.91955
3.91777
3.9164
3.91545
3.91493
3.91483
3.91513
3.91582
3.91689
3.9183
3.92004
3.92206
3.92434
3.92684
3.92954
3.9324
3.93538
3.93847
3.94162
3.94482
3.94804
3.95127
3.95448
3.95765
3.96079
3.96387
3.96689
3.96984
3.97271
3.9755
3.97821
3.98082
3.98335
3.98577
3.98809
3.99031
3.99242
3.99442
3.9963
3.99806
3.99971
4.00123
4.00262
4.0039
4.00505
4.00609
4.00703
4.00786
4.00859
4.00925
4.00984
4.01038
4.01089
4.01137
4.01186
4.01236
4.0129
4.01349
4.01414
4.01488
4.01571
4.01665
4.0177
4.01888
4.02019
4.02163
4.02321
4.02492
4.02677
4.02876
4.03089
4.03314
4.03552
4.03803
4.04065
4.04338
4.04623
4.04917
4.05221
4.05533
4.05855
4.06184
4.0652
4.06863
4.07213
4.07569
4.07929
4.08295
4.08666
4.09041
4.09419
4.098
4.10184
4.1057
4.10957
4.11345
4.11732
4.12117
4.125
4.1288
4.13254
4.13621
4.13981
4.14331
4.1467
4.14996
4.15307
4.15602
4.15879
4.16136
4.16372
4.16585
4.16773
4.16935
4.1707
4.17175
4.17251
4.17295
4.17307
4.17287
4.17232
4.17144
4.17022
4.16865
4.16675
4.16451
4.16194
4.15904
4.15584
4.15234
4.14856
4.14451
4.14022
4.1357
4.13097
4.12606
4.12098
4.11577
4.11045
4.10505
4.09958
4.09409
4.08859
4.08313
4.07772
4.0724
4.06721
4.06218
4.05733
4.0527
4.04832
4.04423
4.04043
4.03697
4.03385
4.03108
4.02869
4.02667
4.02503
4.02374
4.02282
4.02223
4.02197
4.022
4.02231
4.02288
4.02367
4.02467
4.02585
4.02719
4.02868
4.0303
4.03204
4.03388
4.03583
4.03787
4.04
4.04222
4.04453
4.04692
4.0494
4.05194
4.05456
4.05723
4.05996
4.06271
4.06548
4.06825
4.071
4.0737
4.07632
4.07885
4.08125
4.08349
4.08554
4.08738
4.08897
4.0903
4.09132
4.09203
4.09239
4.09239
4.09201
4.09125
4.09009
4.08854
4.08658
4.08424
4.08152
4.07845
4.07504
4.07133
4.06736
4.06318
4.05883
4.05437
4.04987
4.04541
4.04105
4.03687
4.03297
4.02942
4.02632
4.02375
4.02178
4.02051
4.01999
4.02029
4.02146
4.02353
4.02653
4.03046
4.03532
4.04107
4.04769
4.05512
4.06328
4.0721
4.0815
4.09138
4.10163
4.11216
4.12287
4.13364
4.14439
4.15502
4.16544
4.17557
4.18533
4.19466
4.2035
4.21179
4.2195
4.22659
4.23302
4.23878
4.24385
4.24822
4.25188
4.25485
4.25712
4.2587
4.25962
4.2599
4.25956
4.25862
4.25714
4.25513
4.25265
4.24974
4.24644
4.2428
4.23887
4.23471
4.23036
4.22588
4.22132
4.21673
4.21215
4.20764
4.20322
4.19894
4.19484
4.19093
4.18725
4.18381
4.18062
4.17768
4.175
4.17258
4.1704
4.16845
4.1667
4.16515
4.16376
4.1625
4.16135
4.16028
4.15925
4.15824
4.15721
4.15615
4.15501
4.15379
4.15245
4.15098
4.14938
4.14762
4.14571
4.14364
4.14142
4.13904
4.13653
4.13388
4.13113
4.12829
4.12537
4.1224
4.11941
4.11641
4.11343
4.1105
4.10764
4.10486
4.10218
4.09962
4.0972
4.09492
4.09278
4.0908
4.08897
4.0873
4.08577
4.08438
4.08312
4.08199
4.08097
4.08006
4.07926
4.07856
4.07797
4.07749
4.07713
4.07692
4.07687
4.07702
4.0774
4.07804
4.07898
4.08027
4.08193
4.08399
4.08646
4.08937
4.09269
4.09643
4.10054
4.10499
4.10974
4.11471
4.11984
4.12508
4.13034
4.13556
4.14069
4.14565
4.1504
4.15489
4.15907
4.16293
4.16642
4.16952
4.17222
4.1745
4.17636
4.17779
4.17879
4.17935
4.17949
4.1792
4.1785
4.17738
4.17587
4.17397
4.17169
4.16906
4.16608
4.16279
4.1592
4.15534
4.15125
4.14694
4.14245
4.13783
4.1331
4.12829
4.12345
4.1186
4.11378
4.10902
4.10433
4.09973
4.09525
4.09089
4.08666
4.08257
4.07862
4.07481
4.07113
4.06759
4.06419
4.06093
4.0578
4.05481
4.05195
4.04924
4.04668
4.04426
4.042
4.0399
4.03796
4.03618
4.03455
4.03309
4.03179
4.03064
4.02962
4.02875
4.02799
4.02735
4.0268
4.02634
4.02595
4.02562
4.02534
4.02509
4.02486
4.02466
4.02446
4.02427
4.02407
4.02388
4.02369
4.02349
4.0233
4.02311
4.02294
4.02277
4.02264
4.02252
4.02245
4.02242
4.02244
4.02252
4.02268
4.02291
4.02323
4.02365
4.02417
4.02481
4.02557
4.02647
4.02749
4.02866
4.02996
4.03141
4.033
4.03473
4.03658
4.03855
4.04063
4.0428
4.04504
4.04735
4.04969
4.05204
4.05438
4.0567
4.05896
4.06114
4.06323
4.06521
4.06705
4.06875
4.07029
4.07167
4.07289
4.07394
4.07483
4.07556
4.07615
4.07659
4.07692
4.07715
4.07729
4.07736
4.07739
4.07739
4.07738
4.07738
4.07741
4.07749
4.07762
4.07781
4.07809
4.07846
4.07891
4.07947
4.08012
4.08087
4.08173
4.08268
4.08373
4.08489
4.08614
4.0875
4.08895
4.09051
4.09217
4.09394
4.09582
4.09782
4.09994
4.10218
4.10455
4.10705
4.10969
4.11246
4.11537
4.1184
4.12157
4.12485
4.12825
4.13174
4.13532
4.13896
4.14266
4.14639
4.15013
4.15385
4.15755
4.16119
4.16475
4.16822
4.17157
4.1748
4.17787
4.18078
4.18353
4.18609
4.18846
4.19064
4.19263
4.19442
4.19601
4.1974
4.1986
4.1996
4.20041
4.20103
4.20146
4.20169
4.20174
4.20159
4.20126
4.20074
4.20003
4.19913
4.19804
4.19676
4.1953
4.19365
4.19183
4.18983
4.18765
4.18531
4.1828
4.18013
4.1773
4.17431
4.17116
4.16785
4.16437
4.16072
4.1569
4.15289
4.14869
4.14429
4.1397
4.1349
4.1299
4.12469
4.1193
4.11373
4.108
4.10214
4.09616
4.0901
4.084
4.07789
4.07181
4.0658
4.05991
4.05416
4.04861
4.04329
4.03822
4.03344
4.02897
4.02484
4.02104
4.01761
4.01453
4.0118
4.00943
4.00739
4.00567
4.00426
4.00313
4.00226
4.00163
4.0012
4.00095
4.00086
4.00089
4.00103
4.00125
4.00153
4.00184
4.00218
4.00253
4.00288
4.00322
4.00353
4.00382
4.00409
4.00432
4.00453
4.0047
4.00485
4.00498
4.00508
4.00517
4.00525
4.00532
4.00538
4.00544
4.00549
4.00556
4.00563
4.0057
4.0058
4.0059
4.00603
4.00617
4.00635
4.00655
4.0068
4.00708
4.00742
4.00781
4.00827
4.0088
4.00941
4.01012
4.01093
4.01185
4.01288
4.01405
4.01534
4.01679
4.01838
4.02012
4.02203
4.0241
4.02633
4.02873
4.0313
4.03404
4.03694
4.04
4.04322
4.04659
4.05011
4.05376
4.05755
4.06146
4.06548
4.0696
4.07382
4.07813
4.08251
4.08696
4.09147
4.09604
4.10065
