0.423664
0.423505
0.423279
0.422987
0.422628
0.422203
0.421711
0.421154
0.420531
0.419842
0.419088
0.418268
0.417384
0.416435
0.415421
0.414344
0.413202
0.411998
0.41073
0.4094
0.408007
0.406553
0.405037
0.403461
0.401825
0.400128
0.398372
0.396558
0.394686
0.392756
0.390769
0.388727
0.386629
0.384476
0.382269
0.380009
0.377696
0.375331
0.372916
0.370451
0.367937
0.365374
0.362764
0.360108
0.357407
0.354661
0.351872
0.34904
0.346167
0.343254
0.340302
0.337313
0.334286
0.331224
0.328128
0.324999
0.321838
0.318647
0.315426
0.312178
0.308903
0.305603
0.30228
0.298934
0.295567
0.292181
0.288778
0.285357
0.281923
0.278474
0.275014
0.271544
0.268066
0.26458
0.261089
0.257594
0.254098
0.2506
0.247104
0.243611
0.240123
0.23664
0.233166
0.229701
0.226247
0.222807
0.219381
0.215971
0.212579
0.209208
0.205857
0.202529
0.199226
0.19595
0.192701
0.189482
0.186294
0.183138
0.180017
0.176931
0.173883
0.170874
0.167905
0.164977
0.162093
0.159253
0.156458
0.153711
0.151012
0.148363
0.145765
0.143218
0.140725
0.138285
0.135901
0.133573
0.131302
0.129089
0.126935
0.124841
0.122807
0.120834
0.118923
0.117074
0.115289
0.113566
0.111908
0.110314
0.108784
0.107319
0.10592
0.104586
0.103317
0.102114
0.100976
0.0999042
0.0988976
0.0979564
0.0970804
0.0962693
0.0955228
0.0948407
0.0942226
0.093668
0.0931764
0.0927474
0.0923804
0.0920749
0.09183
0.0916452
0.0915198
0.091453
0.0914439
0.0914917
0.0915956
0.0917547
0.091968
0.0922346
0.0925534
0.0929235
0.0933438
0.0938132
0.0943306
0.0948949
0.0955049
0.0961596
0.0968577
0.097598
0.0983794
0.0992005
0.10006
0.100957
0.10189
0.102858
0.10386
0.104894
0.105959
0.107053
0.108176
0.109327
0.110503
0.111704
0.112928
0.114174
0.115441
0.116728
0.118033
0.119355
0.120694
0.122047
0.123413
0.124792
0.126181
0.127581
0.12899
0.130406
0.131829
0.133257
0.13469
0.136126
0.137564
0.139003
0.140443
0.141882
0.143319
0.144754
0.146184
0.147611
0.149031
0.150446
0.151853
0.153253
0.154643
0.156024
0.157395
0.158754
0.160102
0.161437
0.16276
0.164068
0.165362
0.166641
0.167904
0.169151
0.170382
0.171595
0.172791
0.173968
0.175127
0.176266
0.177386
0.178487
0.179567
0.180627
0.181665
0.182683
0.183679
0.184653
0.185606
0.186536
0.187444
0.18833
0.189192
0.190032
0.190849
0.191643
0.192414
0.193161
0.193886
0.194587
0.195264
0.195919
0.19655
0.197158
0.197743
0.198304
0.198843
0.199359
0.199852
0.200322
0.20077
0.201195
0.201598
0.201979
0.202338
0.202676
0.202992
0.203288
0.203562
0.203816
0.204049
0.204263
0.204456
0.20463
0.204786
0.204922
0.20504
0.20514
0.205222
0.205287
0.205335
0.205366
0.205381
0.20538
0.205364
0.205333
0.205288
0.205229
0.205155
0.205069
0.20497
0.204859
0.204736
0.204602
0.204457
0.204301
0.204136
0.203961
0.203777
0.203585
0.203385
0.203178
0.202964
0.202743
0.202517
0.202285
0.202049
0.201808
0.201563
0.201315
0.201064
0.200811
0.200556
0.2003
0.200043
0.199786
0.199529
0.199272
0.199017
0.198764
0.198513
0.198264
0.198019
0.197777
0.19754
0.197307
0.197078
0.196856
0.196639
0.196429
0.196225
0.196028
0.19584
0.195659
0.195486
0.195322
0.195167
0.195022
0.194886
0.194761
0.194646
0.194542
0.194449
0.194367
0.194297
0.194239
0.194193
0.19416
0.194139
0.194131
0.194137
0.194155
0.194187
0.194233
0.194292
0.194366
0.194453
0.194554
0.19467
0.1948
0.194945
0.195103
0.195277
0.195464
0.195667
0.195884
0.196115
0.196361
0.196621
0.196895
0.197184
0.197487
0.197804
0.198135
0.19848
0.198839
0.199211
0.199597
0.199996
0.200408
0.200833
0.201271
0.201721
0.202183
0.202657
0.203143
0.203641
0.20415
0.204669
0.2052
0.205741
0.206291
0.206852
0.207422
0.208002
0.20859
0.209187
0.209792
0.210404
0.211024
0.211652
0.212286
0.212926
0.213573
0.214225
0.214883
0.215545
0.216213
0.216884
0.217559
0.218238
0.218919
0.219604
0.22029
0.220979
0.221669
0.22236
0.223052
0.223744
0.224437
0.225129
0.22582
0.22651
0.227199
0.227885
0.22857
0.229252
0.229931
0.230607
0.231279
0.231947
0.23261
0.233269
0.233923
0.234571
0.235214
0.235851
0.236481
0.237105
0.237722
0.238331
0.238933
0.239527
0.240112
0.240689
0.241258
0.241817
0.242367
0.242908
0.243439
0.243959
0.24447
0.244969
0.245459
0.245937
0.246404
0.246859
0.247303
0.247735
0.248155
0.248563
0.248959
0.249342
0.249712
0.25007
0.250415
0.250746
0.251064
0.251369
0.251661
0.251939
0.252203
0.252454
0.25269
0.252913
0.253122
0.253317
0.253497
0.253664
0.253816
0.253954
0.254078
0.254188
0.254283
0.254364
0.254431
0.254484
0.254522
0.254546
0.254556
0.254552
0.254534
0.254502
0.254456
0.254396
0.254322
0.254235
0.254134
0.25402
0.253892
0.253751
0.253597
0.253429
0.253249
0.253056
0.25285
0.252632
0.252402
0.252159
0.251905
0.251638
0.25136
0.251071
0.25077
0.250458
0.250135
0.249802
0.249458
0.249104
0.24874
0.248365
0.247982
0.247588
0.247186
0.246774
0.246354
0.245926
0.245489
0.245044
0.244592
0.244131
0.243664
0.24319
0.242708
0.242221
0.241727
0.241227
0.240721
0.24021
0.239694
0.239172
0.238646
0.238116
0.237581
0.237043
0.2365
0.235955
0.235406
0.234854
0.2343
0.233744
0.233185
0.232625
0.232063
0.231499
0.230935
0.23037
0.229804
0.229238
0.228672
0.228106
0.227541
0.226976
0.226413
0.22585
0.225289
0.224729
0.224171
0.223616
0.223063
0.222512
0.221964
0.221419
0.220877
0.220338
0.219803
0.219272
0.218745
0.218222
0.217703
0.217189
0.216679
0.216175
0.215675
0.215181
0.214692
0.214208
0.213731
0.213259
0.212793
0.212333
0.211879
0.211432
0.210991
0.210557
0.21013
0.209709
0.209296
0.208889
0.20849
0.208098
0.207713
0.207335
0.206965
0.206603
0.206248
0.2059
0.205561
0.205229
0.204905
0.204589
0.204281
0.203981
0.203688
0.203404
0.203128
0.202859
0.202599
0.202347
0.202102
0.201866
0.201638
0.201418
0.201205
0.201001
0.200805
0.200616
0.200436
0.200263
0.200099
0.199942
0.199792
0.199651
0.199517
0.199391
0.199272
0.199161
0.199058
0.198962
0.198873
0.198791
0.198717
0.198649
0.198589
0.198536
0.19849
0.19845
0.198417
0.198391
0.198372
0.198359
0.198352
0.198352
0.198358
0.19837
0.198388
0.198412
0.198441
0.198477
0.198518
0.198565
0.198617
0.198675
0.198738
0.198805
0.198878
0.198956
0.199039
0.199126
0.199218
0.199315
0.199416
0.199521
0.19963
0.199743
0.19986
0.199982
0.200106
0.200235
0.200367
0.200502
0.20064
0.200782
0.200927
0.201074
0.201225
0.201378
0.201533
0.201691
0.201852
0.202014
0.202179
0.202346
0.202515
0.202685
0.202857
0.203031
0.203206
0.203382
0.20356
0.203739
0.203919
0.204099
0.204281
0.204463
0.204646
0.204829
0.205012
0.205196
0.20538
0.205564
0.205748
0.205931
0.206115
0.206298
0.20648
0.206662
0.206844
0.207025
0.207204
0.207383
0.207561
0.207738
0.207913
0.208088
0.208261
0.208432
0.208602
0.20877
0.208937
0.209101
0.209264
0.209425
0.209584
0.209741
0.209896
0.210048
0.210198
0.210346
0.210491
0.210634
0.210774
0.210912
0.211047
0.211179
0.211309
0.211435
0.211559
0.21168
0.211798
0.211913
0.212024
0.212133
0.212239
0.212341
0.21244
0.212536
0.212629
0.212718
0.212804
0.212887
0.212966
0.213042
0.213114
0.213183
0.213249
0.213311
0.21337
0.213425
0.213477
0.213525
0.21357
0.213611
0.213649
0.213683
0.213714
0.213742
0.213766
0.213787
0.213804
0.213819
0.213829
0.213837
0.213841
0.213842
0.21384
0.213835
0.213826
0.213815
0.2138
0.213783
0.213763
0.213739
0.213713
0.213685
0.213653
0.213619
0.213582
0.213543
0.213502
0.213458
0.213412
0.213363
0.213313
0.21326
0.213206
0.21315
0.213091
0.213032
0.21297
0.212907
0.212843
0.212777
0.21271
0.212642
0.212573
0.212503
0.212432
0.21236
0.212288
0.212215
0.212142
0.212069
0.211995
0.211922
0.211848
0.211775
0.211701
0.211629
0.211556
0.211485
0.211414
0.211344
0.211275
0.211207
0.21114
0.211075
0.211011
0.210948
0.210887
0.210828
0.210771
0.210716
0.210663
0.210612
0.210563
0.210517
0.210474
0.210433
0.210394
0.210359
0.210326
0.210297
0.21027
0.210247
0.210227
0.210211
0.210198
0.210188
0.210182
0.21018
0.210181
0.210186
0.210195
0.210208
0.210225
0.210246
0.210271
0.2103
0.210333
0.21037
0.210412
0.210458
0.210508
0.210562
0.21062
0.210683
0.21075
0.210821
0.210896
0.210976
0.21106
0.211148
0.21124
0.211336
0.211437
0.211541
0.211649
0.211762
0.211878
0.211998
0.212122
0.212249
0.21238
0.212515
0.212653
0.212795
0.212939
0.213087
0.213239
0.213393
0.21355
0.21371
0.213872
0.214037
0.214205
0.214374
0.214546
0.214721
0.214897
0.215075
0.215254
0.215436
0.215618
0.215802
0.215987
0.216173
0.21636
0.216548
0.216737
0.216926
0.217115
0.217304
0.217493
0.217683
0.217872
0.21806
0.218248
0.218436
0.218622
0.218808
0.218992
0.219175
0.219357
0.219538
0.219716
0.219893
0.220068
0.220241
0.220411
0.220579
0.220745
0.220908
0.221069
0.221227
0.221381
0.221533
0.221682
0.221827
0.221969
0.222107
0.222242
0.222373
0.2225
0.222624
0.222743
0.222859
0.22297
0.223077
0.22318
0.223278
0.223372
0.223462
0.223547
0.223627
0.223703
0.223773
0.223839
0.2239
0.223957
0.224008
0.224054
0.224095
0.224132
0.224163
0.224189
0.224209
0.224225
0.224236
0.224241
0.224241
0.224236
0.224226
0.22421
0.22419
0.224164
0.224133
0.224096
0.224055
0.224009
0.223957
0.2239
0.223838
0.223772
0.2237
0.223623
0.223541
0.223455
0.223364
0.223267
0.223167
0.223061
0.222951
0.222836
0.222717
0.222593
0.222465
0.222333
0.222196
0.222056
0.221911
0.221762
0.22161
0.221453
0.221293
0.221129
0.220962
0.220791
0.220617
0.220439
0.220258
0.220075
0.219888
0.219698
0.219506
0.219311
0.219113
0.218913
0.218711
0.218507
0.2183
0.218091
0.217881
0.217669
0.217455
0.21724
0.217023
0.216805
0.216586
0.216366
0.216145
0.215923
0.215701
0.215478
0.215254
0.215031
0.214807
0.214583
0.214359
0.214136
0.213912
0.21369
0.213468
0.213246
0.213026
0.212806
0.212587
0.21237
0.212154
0.21194
0.211727
0.211515
0.211306
0.211098
0.210893
0.210689
0.210488
0.210289
0.210093
0.209899
0.209708
0.20952
0.209335
0.209153
0.208974
0.208798
0.208625
0.208456
0.20829
0.208128
0.20797
0.207815
0.207665
0.207518
0.207376
0.207237
0.207103
0.206973
0.206847
0.206726
0.20661
0.206498
0.206391
0.206288
0.206191
0.206098
0.20601
0.205927
0.20585
0.205777
0.20571
0.205648
0.205591
0.205539
0.205493
0.205453
0.205418
0.205388
0.205364
0.205345
0.205332
0.205325
0.205324
0.205328
0.205338
0.205354
0.205375
0.205402
0.205435
0.205474
0.205519
0.205569
0.205626
0.205688
0.205756
0.20583
0.205909
0.205995
0.206086
0.206183
0.206286
0.206394
0.206508
0.206628
0.206753
0.206884
0.207021
0.207163
0.207311
0.207464
0.207622
0.207785
0.207954
0.208128
0.208308
0.208492
0.208681
0.208875
0.209074
0.209278
0.209486
0.209699
0.209916
0.210138
0.210364
0.210595
0.210829
0.211067
0.211309
0.211555
0.211805
0.212058
0.212314
0.212574
0.212837
0.213103
0.213372
0.213643
0.213917
0.214194
0.214473
0.214754
0.215037
0.215322
0.215608
0.215897
0.216186
0.216477
0.21677
0.217063
0.217356
0.217651
0.217946
0.218241
0.218537
0.218832
0.219127
0.219422
0.219716
0.22001
0.220303
0.220595
0.220885
0.221174
0.221462
0.221748
0.222032
0.222315
0.222595
0.222872
0.223148
0.22342
0.22369
0.223957
0.22422
0.224481
0.224738
0.224991
0.225241
0.225486
0.225728
0.225966
0.226199
0.226428
0.226652
0.226872
0.227087
0.227297
0.227501
0.227701
0.227895
0.228084
0.228268
0.228445
0.228617
0.228784
0.228944
0.229098
0.229246
0.229388
0.229524
0.229653
0.229776
0.229892
0.230002
0.230105
0.230202
0.230291
0.230374
0.23045
0.230519
0.230582
0.230637
0.230685
0.230727
0.230761
0.230788
0.230808
0.230821
0.230827
0.230826
0.230817
0.230802
0.230779
0.23075
0.230713
0.230669
0.230618
0.23056
0.230496
0.230424
0.230345
0.23026
0.230167
0.230068
0.229962
0.22985
0.229731
0.229605
0.229473
0.229334
0.229189
0.229038
0.228881
0.228718
0.228548
0.228373
0.228192
0.228005
0.227812
0.227614
0.227411
0.227202
0.226988
0.226768
0.226544
0.226315
0.226081
0.225843
0.2256
0.225352
0.2251
0.224844
0.224585
0.224321
0.224053
0.223782
0.223507
0.223229
0.222948
0.222664
0.222377
0.222087
0.221794
0.221499
0.221201
0.220902
0.2206
0.220296
0.219991
0.219684
0.219376
0.219066
0.218755
0.218443
0.21813
0.217817
0.217503
0.217189
0.216874
0.21656
0.216245
0.215931
0.215616
0.215303
0.21499
0.214678
0.214367
0.214057
0.213748
0.213441
0.213135
0.21283
0.212528
0.212228
0.211929
0.211633
0.211339
0.211048
0.210759
0.210473
0.21019
0.20991
0.209633
0.20936
0.209089
0.208823
0.208559
0.2083
0.208044
0.207793
0.207545
0.207302
0.207063
0.206828
0.206598
0.206373
0.206152
0.205936
0.205725
0.205519
0.205318
0.205123
0.204932
0.204747
0.204568
0.204394
0.204225
0.204063
0.203906
0.203755
0.203609
0.20347
0.203337
0.20321
0.203089
0.202975
0.202867
0.202765
0.202669
0.20258
0.202498
0.202422
0.202353
0.20229
0.202235
0.202185
0.202143
0.202108
0.202079
0.202057
0.202042
0.202034
0.202033
0.202039
0.202052
0.202072
0.202099
0.202133
0.202174
0.202222
0.202277
0.202338
0.202407
0.202483
0.202566
0.202655
0.202752
0.202855
0.202965
0.203082
0.203206
0.203337
0.203474
0.203618
0.203768
0.203925
0.204088
0.204257
0.204433
0.204615
0.204804
0.204998
0.205198
0.205404
0.205616
0.205834
0.206057
0.206286
0.20652
0.206759
0.207003
0.207252
0.207507
0.207766
0.208029
0.208297
0.208569
0.208846
0.209126
0.209411
0.209699
0.20999
0.210285
0.210583
0.210885
0.211189
0.211496
0.211805
0.212117
0.212431
0.212747
0.213065
0.213384
0.213705
0.214027
0.214351
0.214675
0.215
0.215325
0.215651
0.215977
0.216303
0.216629
0.216954
0.217279
0.217603
0.217926
0.218248
0.218569
0.218888
0.219205
0.21952
0.219834
0.220145
0.220453
0.220759
0.221063
0.221363
0.22166
0.221954
0.222244
0.222531
0.222814
0.223093
0.223369
0.223639
0.223906
0.224168
0.224425
0.224678
0.224925
0.225168
0.225405
0.225637
0.225863
0.226084
0.2263
0.226509
0.226713
0.22691
0.227102
0.227287
0.227466
0.227639
0.227805
0.227965
0.228118
0.228265
0.228405
0.228538
0.228664
0.228783
0.228895
0.229001
0.229099
0.22919
0.229274
0.229351
0.229421
0.229483
0.229538
0.229587
0.229627
0.229661
0.229687
0.229707
0.229718
0.229723
0.229721
0.229711
0.229694
0.22967
0.229639
0.229601
0.229556
0.229504
0.229445
0.229379
0.229306
0.229226
0.22914
0.229047
0.228948
0.228842
0.228729
0.22861
0.228485
0.228354
0.228217
0.228074
0.227924
0.227769
0.227609
0.227443
0.227271
0.227094
0.226911
0.226724
0.226532
0.226334
0.226132
0.225925
0.225714
0.225499
0.225279
0.225055
0.224827
0.224595
0.22436
0.224121
0.223879
0.223633
0.223385
0.223134
0.222879
0.222623
0.222363
0.222102
0.221838
0.221573
0.221306
0.221037
0.220766
0.220494
0.220221
0.219948
0.219673
0.219398
0.219122
0.218846
0.218569
0.218293
0.218017
0.217741
0.217466
0.217191
0.216917
0.216644
0.216372
0.216102
0.215833
0.215565
0.215299
0.215036
0.214774
0.214514
0.214256
0.214001
0.213749
0.213499
0.213252
0.213007
0.212766
0.212528
0.212294
0.212062
0.211835
0.21161
0.21139
0.211173
0.21096
0.210751
0.210546
0.210346
0.210149
0.209957
0.209769
0.209585
0.209406
0.209231
0.20906
0.208894
0.208733
0.208576
0.208424
0.208277
0.208134
0.207996
0.207862
0.207733
0.207609
0.207489
0.207374
0.207263
0.207158
0.207056
0.206959
0.206867
0.206779
0.206695
0.206616
0.206541
0.20647
0.206403
0.20634
0.206281
0.206226
0.206175
0.206128
0.206084
0.206044
0.206008
0.205974
0.205944
0.205918
0.205894
0.205873
0.205856
0.205841
0.205828
0.205819
0.205811
0.205807
0.205804
0.205803
0.205805
0.205808
0.205813
0.20582
0.205828
0.205838
0.205849
0.205861
0.205875
0.205889
0.205905
0.205921
0.205938
0.205955
0.205973
0.205991
0.206009
0.206028
0.206047
0.206066
0.206084
0.206103
0.206121
0.206139
0.206156
0.206173
0.206189
0.206204
0.206219
0.206233
0.206246
0.206259
0.20627
0.20628
0.206289
0.206297
0.206303
0.206309
0.206313
0.206316
0.206317
0.206318
0.206316
0.206314
0.20631
0.206304
0.206297
0.206288
0.206278
0.206267
0.206254
0.206239
0.206223
0.206205
0.206186
0.206166
0.206144
0.20612
0.206096
0.206069
0.206042
0.206013
0.205983
0.205951
0.205918
0.205884
0.205849
0.205813
0.205776
0.205738
0.205699
0.205658
0.205618
0.205576
0.205533
0.20549
0.205447
0.205402
0.205358
0.205312
0.205267
0.205221
0.205175
0.205129
0.205083
0.205037
0.204991
0.204946
0.2049
0.204855
0.204811
0.204767
0.204724
0.204681
0.204639
0.204599
0.204559
0.20452
0.204483
0.204446
0.204412
0.204378
0.204346
0.204316
0.204288
0.204262
0.204237
0.204215
0.204195
0.204177
0.204161
0.204148
0.204138
0.20413
0.204125
0.204122
0.204123
0.204127
0.204133
0.204144
0.204157
0.204174
0.204194
0.204217
0.204245
0.204276
0.204311
0.204349
0.204392
0.204439
0.20449
0.204544
0.204603
0.204667
0.204734
0.204806
0.204883
0.204964
0.205049
0.205139
0.205233
0.205333
0.205436
0.205545
0.205658
0.205776
0.205898
0.206025
0.206157
0.206294
0.206435
0.206581
0.206731
0.206887
0.207047
0.207211
0.20738
0.207554
0.207732
0.207915
0.208102
0.208294
0.20849
0.20869
0.208894
0.209103
0.209315
0.209532
0.209753
0.209977
0.210206
0.210438
0.210673
0.210913
0.211155
0.211401
0.211651
0.211903
0.212159
0.212418
0.212679
0.212944
0.213211
0.213481
0.213753
0.214027
0.214304
0.214583
0.214864
0.215147
0.215432
0.215719
0.216007
0.216297
0.216588
0.216881
0.217174
0.217469
0.217765
0.218061
0.218359
0.218657
0.218955
0.219254
0.219553
0.219852
0.220152
0.220451
0.22075
0.221049
0.221348
0.221646
0.221944
0.222241
0.222538
0.222833
0.223128
0.223421
0.223713
0.224005
0.224294
0.224583
0.22487
0.225155
0.225438
0.22572
0.226
0.226278
0.226553
0.226827
0.227098
0.227367
0.227633
0.227897
0.228159
0.228417
0.228673
0.228926
0.229176
0.229423
0.229667
0.229907
0.230145
0.230379
0.230609
0.230836
0.23106
0.231279
0.231495
0.231707
0.231915
0.232119
0.232319
0.232515
0.232707
0.232894
0.233077
0.233255
0.233429
0.233599
0.233763
0.233923
0.234078
0.234229
0.234374
0.234514
0.23465
0.23478
0.234905
0.235024
0.235139
0.235248
0.235352
0.23545
0.235543
0.23563
0.235711
0.235787
0.235857
0.235922
0.235981
0.236033
0.23608
0.236121
0.236157
0.236186
0.236209
0.236226
0.236238
0.236243
0.236242
0.236235
0.236222
0.236203
0.236177
0.236146
0.236108
0.236065
0.236015
0.235959
0.235897
0.235829
0.235755
0.235675
0.235589
0.235496
0.235398
0.235294
0.235184
0.235068
0.234946
0.234818
0.234684
0.234545
0.2344
0.234249
0.234093
0.233931
0.233764
0.233591
0.233412
0.233229
0.23304
0.232846
0.232646
0.232442
0.232233
0.232018
0.231799
0.231575
0.231346
0.231113
0.230875
0.230633
0.230386
0.230135
0.22988
0.22962
0.229357
0.22909
0.228818
0.228543
0.228264
0.227982
0.227696
0.227407
0.227114
0.226819
0.22652
0.226218
0.225913
0.225605
0.225295
0.224981
0.224666
0.224348
0.224027
0.223704
0.223379
0.223052
0.222723
0.222392
0.222059
0.221725
0.221389
0.221052
0.220713
0.220372
0.220031
0.219688
0.219345
0.219
0.218655
0.218309
0.217962
0.217614
0.217266
0.216918
0.21657
0.216221
0.215872
0.215523
0.215174
0.214825
0.214477
0.214128
0.213781
0.213433
0.213087
0.21274
0.212395
0.212051
0.211707
0.211364
0.211023
0.210683
0.210344
0.210006
0.20967
0.209335
0.209002
0.20867
0.20834
0.208012
0.207686
0.207362
0.20704
0.20672
0.206402
0.206086
0.205773
0.205463
0.205154
0.204849
0.204546
0.204246
0.203948
0.203654
0.203362
0.203073
0.202788
0.202505
0.202226
0.20195
0.201678
0.201409
0.201143
0.200881
0.200623
0.200368
0.200117
0.19987
0.199627
0.199387
0.199152
0.19892
0.198693
0.19847
0.198251
0.198036
0.197826
0.19762
0.197418
0.197221
0.197028
0.19684
0.196657
0.196478
0.196303
0.196134
0.195969
0.195809
0.195653
0.195503
0.195357
0.195216
0.195081
0.19495
0.194824
0.194703
0.194586
0.194475
0.194369
0.194268
0.194172
0.194081
0.193995
0.193914
0.193838
0.193767
0.193701
0.19364
0.193584
0.193533
0.193487
0.193445
0.193409
0.193378
0.193351
0.19333
0.193313
0.193301
0.193293
0.193291
0.193293
0.193299
0.19331
0.193326
0.193346
0.193371
0.1934
0.193434
0.193471
0.193513
0.193559
0.19361
0.193664
0.193722
0.193785
0.193851
0.193921
0.193995
0.194072
0.194153
0.194238
0.194326
0.194417
0.194512
0.19461
0.194712
0.194816
0.194923
0.195034
0.195147
0.195263
0.195382
0.195504
0.195628
0.195755
0.195885
0.196016
0.196151
0.196287
0.196426
0.196566
0.196709
0.196854
0.197001
0.19715
0.1973
0.197453
0.197607
0.197763
0.19792
0.198079
0.198239
0.198401
0.198564
0.198728
0.198894
0.199061
0.19923
0.199399
0.199569
0.199741
0.199914
0.200087
0.200262
0.200437
0.200614
0.200791
0.200969
0.201148
0.201328
0.201508
0.201689
0.201871
0.202054
0.202237
0.202421
0.202605
0.20279
0.202976
0.203162
0.203348
0.203536
0.203723
0.203912
0.204101
0.20429
0.204479
0.20467
0.20486
0.205051
0.205243
0.205434
0.205627
0.205819
0.206012
0.206206
0.206399
0.206593
0.206788
0.206982
0.207177
0.207373
0.207568
0.207764
0.20796
0.208156
0.208352
0.208549
0.208746
0.208943
0.20914
0.209337
0.209535
0.209732
0.209929
0.210127
0.210325
0.210522
0.21072
0.210917
0.211114
0.211311
0.211508
0.211705
0.211902
0.212098
0.212295
0.212491
0.212686
0.212881
0.213076
0.21327
0.213464
0.213658
0.213851
0.214043
0.214235
0.214426
0.214616
0.214806
0.214995
0.215183
0.215371
0.215557
0.215743
0.215928
0.216111
0.216294
0.216476
0.216656
0.216836
0.217014
0.217192
0.217368
0.217542
0.217716
0.217888
0.218059
0.218228
0.218396
0.218563
0.218728
0.218891
0.219053
0.219214
0.219372
0.219529
0.219685
0.219838
0.21999
0.220141
0.220289
0.220436
0.22058
0.220723
0.220864
0.221003
0.22114
0.221275
0.221408
0.22154
0.221669
0.221796
0.221921
0.222044
0.222164
0.222283
0.2224
0.222514
0.222627
0.222737
0.222845
0.222951
0.223055
0.223156
0.223256
0.223353
0.223448
0.223541
0.223631
0.22372
0.223806
0.22389
0.223972
0.224051
0.224129
0.224204
0.224277
0.224348
0.224417
0.224484
0.224548
0.224611
0.224671
0.224729
0.224785
0.224839
0.224891
0.224941
0.224988
0.225034
0.225078
0.225119
0.225159
0.225196
0.225232
0.225266
0.225297
0.225327
0.225355
0.225381
0.225405
0.225428
0.225448
0.225467
0.225483
0.225498
0.225512
0.225523
0.225533
0.225541
0.225547
0.225552
0.225554
0.225556
0.225555
0.225553
0.22555
0.225545
0.225538
0.22553
0.22552
0.225508
0.225496
0.225481
0.225466
0.225449
0.22543
0.225411
0.225389
0.225367
0.225343
0.225318
0.225292
0.225264
0.225236
0.225206
0.225175
0.225143
0.225109
0.225075
0.22504
0.225004
0.224966
0.224928
0.224889
0.224849
0.224809
0.224767
0.224725
0.224682
0.224638
0.224594
0.224549
0.224504
0.224458
0.224411
0.224365
0.224317
0.22427
0.224222
0.224173
0.224125
0.224076
0.224028
0.223979
0.22393
0.223881
0.223833
0.223784
0.223735
0.223687
0.223639
0.223591
0.223544
0.223497
0.22345
0.223404
0.223358
0.223313
0.223268
0.223224
0.223181
0.223139
0.223097
0.223056
0.223016
0.222977
0.222938
0.222901
0.222865
0.222829
0.222795
0.222762
0.222729
0.222698
0.222668
0.222639
0.222612
0.222585
0.22256
0.222535
0.222512
0.222491
0.22247
0.222451
0.222433
0.222416
0.2224
0.222385
0.222372
0.22236
0.222348
0.222338
0.222329
0.222322
0.222315
0.222309
0.222304
0.2223
0.222297
0.222295
0.222293
0.222293
0.222293
0.222293
0.222295
0.222296
0.222298
0.222301
0.222304
0.222307
0.22231
0.222314
0.222317
0.222321
0.222324
0.222327
0.22233
0.222333
0.222335
0.222336
0.222337
0.222337
0.222337
0.222335
0.222332
0.222329
0.222324
0.222318
0.222311
0.222302
0.222291
0.222279
0.222266
0.22225
0.222233
0.222213
0.222192
0.222168
0.222142
0.222113
0.222083
0.222049
0.222014
0.221975
0.221934
0.22189
0.221843
0.221793
0.22174
0.221685
0.221626
0.221563
0.221498
0.221429
0.221357
0.221282
0.221203
0.221121
0.221036
0.220947
0.220854
0.220758
0.220659
0.220556
0.220449
0.220339
0.220226
0.220109
0.219988
0.219864
0.219737
0.219606
0.219472
0.219335
0.219194
0.21905
0.218903
0.218753
0.218599
0.218443
0.218284
0.218122
0.217958
0.21779
0.217621
0.217448
0.217274
0.217097
0.216918
0.216737
0.216554
0.21637
0.216183
0.215995
0.215806
0.215616
0.215424
0.215231
0.215038
0.214844
0.214649
0.214454
0.214258
0.214063
0.213867
0.213672
0.213477
0.213282
0.213088
0.212895
0.212703
0.212512
0.212322
0.212134
0.211947
0.211762
0.211579
0.211398
0.211219
0.211042
0.210868
0.210696
0.210527
0.210361
0.210198
0.210038
0.209882
0.209729
0.209579
0.209433
0.209291
0.209153
0.209019
0.208889
0.208763
0.208641
0.208524
0.208412
0.208304
0.2082
0.208102
0.208008
0.207919
0.207835
0.207757
0.207683
0.207615
0.207551
0.207494
0.207441
0.207394
0.207352
0.207315
0.207284
0.207259
0.207238
0.207224
0.207215
0.207211
0.207213
0.20722
0.207233
0.207251
0.207275
0.207304
0.207338
0.207378
0.207423
0.207474
0.20753
0.207591
0.207657
0.207728
0.207804
0.207886
0.207972
0.208063
0.208159
0.20826
0.208365
0.208475
0.208589
0.208708
0.208831
0.208959
0.20909
0.209226
0.209365
0.209509
0.209656
0.209807
0.209961
0.210118
0.210279
0.210444
0.210611
0.210781
0.210954
0.21113
0.211309
0.211489
0.211673
0.211858
0.212046
0.212235
0.212427
0.21262
0.212815
0.213011
0.213208
0.213407
0.213607
0.213808
0.214009
0.214211
0.214414
0.214617
0.214821
0.215024
0.215228
0.215431
0.215634
0.215837
0.216039
0.21624
0.216441
0.216641
0.21684
0.217037
0.217234
0.217429
0.217622
0.217814
0.218004
0.218192
0.218378
0.218561
0.218743
0.218922
0.219099
0.219274
0.219445
0.219614
0.21978
0.219943
0.220103
0.220259
0.220413
0.220563
0.22071
0.220853
0.220992
0.221128
0.22126
0.221388
0.221513
0.221633
0.221749
0.221861
0.221969
0.222073
0.222172
0.222267
0.222358
0.222444
0.222525
0.222602
0.222674
0.222742
0.222805
0.222863
0.222917
0.222965
0.223009
0.223048
0.223082
0.223111
0.223136
0.223155
0.223169
0.223179
0.223183
0.223183
0.223178
0.223167
0.223152
0.223132
0.223107
0.223077
0.223042
0.223002
0.222957
0.222907
0.222853
0.222793
0.222729
0.22266
0.222586
0.222508
0.222425
0.222338
0.222245
0.222149
0.222047
0.221942
0.221832
0.221717
0.221599
0.221476
0.221349
0.221217
0.221082
0.220943
0.2208
0.220653
0.220502
0.220348
0.22019
0.220029
0.219864
0.219695
0.219523
0.219349
0.219171
0.218989
0.218805
0.218618
0.218429
0.218236
0.218041
0.217844
0.217644
0.217442
0.217238
0.217031
0.216823
0.216613
0.216401
0.216187
0.215971
0.215755
0.215536
0.215317
0.215096
0.214875
0.214652
0.214429
0.214205
0.21398
0.213755
0.21353
0.213304
0.213078
0.212853
0.212627
0.212401
0.212176
0.211951
0.211727
0.211503
0.211281
0.211059
0.210838
0.210618
0.210399
0.210182
0.209966
0.209752
0.209539
0.209328
0.209119
0.208912
0.208706
0.208503
0.208303
0.208104
0.207908
0.207715
0.207524
0.207336
0.20715
0.206968
0.206788
0.206612
0.206438
0.206268
0.206101
0.205937
0.205777
0.20562
0.205467
0.205318
0.205172
0.20503
0.204891
0.204757
0.204626
0.204499
0.204376
0.204257
0.204143
0.204032
0.203925
0.203823
0.203724
0.20363
0.20354
0.203455
0.203373
0.203296
0.203223
0.203154
0.20309
0.203029
0.202973
0.202922
0.202874
0.202831
0.202792
0.202757
0.202727
0.2027
0.202678
0.20266
0.202646
0.202636
0.20263
0.202628
0.20263
0.202636
0.202646
0.20266
0.202677
0.202698
0.202723
0.202752
0.202784
0.20282
0.20286
0.202902
0.202949
0.202998
0.203051
0.203107
0.203166
0.203228
0.203294
0.203362
0.203433
0.203507
0.203584
0.203664
0.203746
0.203831
0.203918
0.204008
0.2041
0.204195
0.204291
0.20439
0.204491
0.204594
0.204699
0.204806
0.204915
0.205026
0.205138
0.205252
0.205368
0.205485
0.205603
0.205723
0.205845
0.205967
0.206091
0.206217
0.206343
0.20647
0.206599
0.206728
0.206858
0.206989
0.207121
0.207254
0.207388
0.207522
0.207657
0.207792
0.207928
0.208065
0.208202
0.208339
0.208477
0.208616
0.208754
0.208893
0.209033
0.209172
0.209312
0.209452
0.209593
0.209733
0.209874
0.210015
0.210156
0.210297
0.210438
0.210579
0.21072
0.210862
0.211003
0.211144
0.211285
0.211427
0.211568
0.211709
0.21185
0.211991
0.212132
0.212273
0.212413
0.212554
0.212694
0.212834
0.212974
0.213114
0.213254
0.213393
0.213532
0.213671
0.213809
0.213947
0.214085
0.214222
0.214359
0.214496
0.214632
0.214768
0.214903
0.215037
0.215171
0.215305
0.215438
0.21557
0.215701
0.215832
0.215962
0.216091
0.216219
0.216347
0.216473
0.216598
0.216723
0.216846
0.216969
0.21709
0.21721
0.217329
0.217446
0.217562
0.217677
0.21779
0.217902
0.218013
0.218121
0.218229
0.218334
0.218438
0.21854
0.21864
0.218739
0.218835
0.21893
0.219023
0.219114
0.219202
0.219289
0.219373
0.219456
0.219536
0.219614
0.219689
0.219763
0.219834
0.219903
0.219969
0.220034
0.220095
0.220155
0.220212
0.220266
0.220319
0.220368
0.220416
0.220461
0.220503
0.220543
0.220581
0.220616
0.220649
0.220679
0.220707
0.220733
0.220756
0.220777
0.220796
0.220813
0.220827
0.22084
0.22085
0.220858
0.220864
0.220867
0.220869
0.220869
0.220867
0.220864
0.220858
0.220851
0.220842
0.220832
0.22082
0.220806
0.220792
0.220775
0.220758
0.220739
0.220719
0.220698
0.220676
0.220652
0.220628
0.220603
0.220578
0.220551
0.220524
0.220496
0.220468
0.220439
0.22041
0.220381
0.220351
0.220321
0.220291
0.220261
0.22023
0.2202
0.22017
0.220139
0.220109
0.22008
0.22005
0.220021
0.219992
0.219964
0.219936
0.219908
0.219881
0.219855
0.219829
0.219804
0.21978
0.219756
0.219733
0.219711
0.219689
0.219669
0.219649
0.21963
0.219613
0.219596
0.219579
0.219564
0.21955
0.219537
0.219525
0.219514
0.219503
0.219494
0.219486
0.219479
0.219472
0.219467
0.219463
0.21946
0.219457
0.219456
0.219456
0.219457
0.219458
0.219461
0.219464
0.219469
0.219474
0.21948
0.219487
0.219495
0.219504
0.219513
0.219524
0.219535
0.219546
0.219559
0.219572
0.219586
0.2196
0.219615
0.21963
0.219646
0.219663
0.219679
0.219697
0.219714
0.219732
0.21975
0.219769
0.219787
0.219806
0.219825
0.219844
0.219863
0.219882
0.219901
0.21992
0.219939
0.219957
0.219976
0.219994
0.220012
0.220029
0.220046
0.220063
0.220079
0.220094
0.220109
0.220124
0.220137
0.22015
0.220162
0.220173
0.220184
0.220193
0.220202
0.22021
0.220216
0.220222
0.220226
0.220229
0.220231
0.220231
0.220231
0.220228
0.220225
0.22022
0.220214
0.220206
0.220196
0.220185
0.220172
0.220158
0.220142
0.220124
0.220104
0.220082
0.220059
0.220034
0.220006
0.219977
0.219946
0.219913
0.219877
0.21984
0.2198
0.219759
0.219715
0.219669
0.219621
0.219571
0.219518
0.219464
0.219407
0.219347
0.219286
0.219222
0.219156
0.219087
0.219017
0.218944
0.218868
0.21879
0.21871
0.218628
0.218543
0.218457
0.218367
0.218276
0.218182
0.218086
0.217988
0.217887
0.217785
0.21768
0.217573
0.217464
0.217353
0.217239
0.217124
0.217007
0.216888
0.216767
0.216644
0.216519
0.216392
0.216264
0.216134
0.216002
0.215869
0.215734
0.215597
0.21546
0.21532
0.21518
0.215038
0.214895
0.214751
0.214606
0.214459
0.214312
0.214164
0.214015
0.213866
0.213715
0.213564
0.213413
0.213261
0.213109
0.212956
0.212803
0.21265
0.212497
0.212343
0.21219
0.212037
0.211884
0.211732
0.211579
0.211427
0.211276
0.211125
0.210974
0.210825
0.210676
0.210528
0.210381
0.210235
0.210089
0.209945
0.209802
0.209661
0.20952
0.209381
0.209244
0.209108
0.208973
0.20884
0.208709
0.208579
0.208451
0.208325
0.208201
0.208079
0.207958
0.20784
0.207724
0.20761
0.207498
0.207388
0.207281
0.207176
0.207073
0.206973
0.206875
0.206779
0.206686
0.206596
0.206508
0.206423
0.20634
0.20626
0.206183
0.206109
0.206037
0.205968
0.205902
0.205839
0.205779
0.205721
0.205667
0.205616
0.205567
0.205522
0.20548
0.205441
0.205405
0.205372
0.205342
0.205316
0.205293
0.205273
0.205256
0.205243
0.205232
0.205226
0.205222
0.205223
0.205226
0.205233
0.205243
0.205257
0.205275
0.205296
0.20532
0.205348
0.20538
0.205415
0.205454
0.205497
0.205544
0.205594
0.205647
0.205705
0.205766
0.205831
0.2059
0.205973
0.206049
0.20613
0.206214
0.206302
0.206394
0.20649
0.20659
0.206693
0.206801
0.206912
0.207027
0.207147
0.20727
0.207397
0.207527
0.207662
0.207801
0.207943
0.208089
0.20824
0.208393
0.208551
0.208712
0.208877
0.209046
0.209218
0.209394
0.209574
0.209757
0.209943
0.210133
0.210326
0.210522
0.210722
0.210924
0.21113
0.211339
0.21155
0.211765
0.211982
0.212202
0.212424
0.212648
0.212876
0.213105
0.213336
0.21357
0.213805
0.214042
0.214281
0.214521
0.214762
0.215005
0.215249
0.215494
0.21574
0.215986
0.216233
0.21648
0.216727
0.216975
0.217222
0.21747
0.217716
0.217962
0.218208
0.218452
0.218696
0.218938
0.219179
0.219418
0.219655
0.21989
0.220124
0.220355
0.220583
0.220809
0.221032
0.221252
0.221469
0.221683
0.221893
0.2221
0.222302
0.222501
0.222696
0.222887
0.223073
0.223254
0.223431
0.223603
0.22377
0.223932
0.224089
0.224241
0.224387
0.224527
0.224662
0.22479
0.224913
0.22503
0.225141
0.225246
0.225344
0.225436
0.225522
0.225601
0.225673
0.225739
0.225798
0.225851
0.225897
0.225936
0.225968
0.225993
0.226012
0.226023
0.226028
0.226026
0.226017
0.226002
0.225979
0.22595
0.225913
0.225871
0.225821
0.225765
0.225702
0.225633
0.225557
0.225475
0.225386
0.225291
0.22519
0.225083
0.22497
0.224851
0.224726
0.224596
0.22446
0.224318
0.224171
0.224019
0.223862
0.2237
0.223533
0.223361
0.223185
0.223004
0.222819
0.22263
0.222436
0.222239
0.222039
0.221834
0.221627
0.221416
0.221202
0.220985
0.220765
0.220543
0.220318
0.220091
0.219862
0.219631
0.219398
0.219164
0.218928
0.218691
0.218453
0.218214
0.217974
0.217733
0.217492
0.217251
0.217009
0.216768
0.216526
0.216285
0.216044
0.215804
0.215565
0.215326
0.215089
0.214853
0.214618
0.214384
0.214152
0.213922
0.213694
0.213467
0.213243
0.213021
0.212801
0.212584
0.212369
0.212157
0.211948
0.211741
0.211537
0.211337
0.21114
0.210945
0.210755
0.210567
0.210383
0.210203
0.210027
0.209854
0.209684
0.209519
0.209358
0.2092
0.209047
0.208897
0.208752
0.208611
0.208473
0.208341
0.208212
0.208088
0.207968
0.207852
0.207741
0.207634
0.207531
0.207433
0.207339
0.20725
0.207165
0.207084
0.207008
0.206936
0.206868
0.206805
0.206746
0.206692
0.206641
0.206595
0.206553
0.206516
0.206482
0.206453
0.206427
0.206406
0.206389
0.206375
0.206365
0.20636
0.206358
0.20636
0.206365
0.206374
0.206386
0.206403
0.206422
0.206445
0.206471
0.2065
0.206533
0.206568
0.206607
0.206648
0.206692
0.206739
0.206789
0.206842
0.206897
0.206954
0.207014
0.207076
0.207141
0.207207
0.207276
0.207347
0.20742
0.207494
0.207571
0.207649
0.207729
0.20781
0.207893
0.207978
0.208064
0.208151
0.208239
0.208329
0.208419
0.208511
0.208604
0.208697
0.208792
0.208887
0.208983
0.20908
0.209178
0.209276
0.209374
0.209473
0.209573
0.209672
0.209773
0.209873
0.209974
0.210075
0.210176
0.210277
0.210379
0.21048
0.210582
0.210684
0.210785
0.210887
0.210988
0.211089
0.211191
0.211292
0.211393
0.211493
0.211594
0.211694
0.211794
0.211894
0.211993
0.212092
0.212191
0.212289
0.212387
0.212485
0.212583
0.212679
0.212776
0.212872
0.212968
0.213063
0.213158
0.213252
0.213346
0.21344
0.213532
0.213625
0.213717
0.213808
0.213899
0.213989
0.214079
0.214168
0.214256
0.214344
0.214432
0.214518
0.214604
0.21469
0.214775
0.214859
0.214942
0.215025
0.215107
0.215189
0.215269
0.215349
0.215428
0.215507
0.215584
0.215661
0.215737
0.215812
0.215887
0.21596
0.216033
0.216104
0.216175
0.216245
0.216314
0.216381
0.216448
0.216514
0.216579
0.216643
0.216706
0.216768
0.216829
0.216888
0.216947
0.217004
0.217061
0.217116
0.21717
0.217223
0.217274
0.217325
0.217374
0.217422
0.217469
0.217514
0.217558
0.217601
0.217643
0.217683
0.217722
0.21776
0.217797
0.217832
0.217865
0.217898
0.217929
0.217958
0.217987
0.218013
0.218039
0.218063
0.218085
0.218107
0.218126
0.218145
0.218162
0.218177
0.218191
0.218204
0.218215
0.218225
0.218233
0.21824
0.218245
0.218249
0.218251
0.218252
0.218252
0.21825
0.218246
0.218241
0.218235
0.218227
0.218218
0.218207
0.218194
0.218181
0.218165
0.218149
0.21813
0.218111
0.21809
0.218067
0.218043
0.218017
0.21799
0.217962
0.217932
0.217901
0.217868
0.217834
0.217798
0.217761
0.217723
0.217683
0.217642
0.2176
0.217556
0.21751
0.217464
0.217416
0.217367
0.217316
0.217265
0.217212
0.217158
0.217102
0.217046
0.216988
0.216929
0.216869
0.216807
0.216745
0.216682
0.216617
0.216552
0.216485
0.216418
0.21635
0.216281
0.216211
0.21614
0.216068
0.215996
0.215923
0.215849
0.215774
0.215699
0.215624
0.215548
0.215472
0.215395
0.215318
0.21524
0.215162
0.215084
0.215006
0.214928
0.21485
0.214771
0.214693
0.214615
0.214537
0.214459
0.214382
0.214305
0.214228
0.214152
0.214076
0.214001
0.213926
0.213852
0.213779
0.213706
0.213634
0.213564
0.213494
0.213425
0.213357
0.21329
0.213225
0.21316
0.213097
0.213035
0.212974
0.212915
0.212857
0.2128
0.212745
0.212692
0.212639
0.212589
0.21254
0.212493
0.212447
0.212403
0.212361
0.21232
0.212282
0.212245
0.212209
0.212176
0.212144
0.212114
0.212086
0.21206
0.212036
0.212013
0.211993
0.211974
0.211957
0.211942
0.211928
0.211917
0.211907
0.211899
0.211893
0.211889
0.211886
0.211886
0.211886
0.211889
0.211894
0.2119
0.211907
0.211917
0.211928
0.211941
0.211955
0.211971
0.211988
0.212007
0.212028
0.21205
0.212073
0.212098
0.212125
0.212152
0.212182
0.212212
0.212244
0.212277
0.212312
0.212348
0.212385
0.212423
0.212463
0.212504
0.212546
0.212589
0.212633
0.212679
0.212726
0.212773
0.212822
0.212872
0.212923
0.212974
0.213027
0.213081
0.213136
0.213191
0.213248
0.213305
0.213363
0.213422
0.213482
0.213542
0.213604
0.213666
0.213728
0.213792
0.213856
0.21392
0.213986
0.214051
0.214118
0.214184
0.214251
0.214319
0.214387
0.214455
0.214524
0.214593
0.214662
0.214731
0.214801
0.214871
0.21494
0.21501
0.21508
0.21515
0.21522
0.21529
0.215359
0.215429
0.215498
0.215567
0.215636
0.215705
0.215773
0.215841
0.215908
0.215975
0.216042
0.216108
0.216173
0.216238
0.216302
0.216366
0.216429
0.216491
0.216553
0.216614
0.216674
0.216733
0.216792
0.216849
0.216906
0.216962
0.217017
0.217071
0.217124
0.217176
0.217228
0.217278
0.217327
0.217375
0.217422
0.217468
0.217514
0.217557
0.2176
0.217642
0.217683
0.217722
0.217761
0.217798
0.217834
0.217869
0.217903
0.217935
0.217967
0.217997
0.218026
0.218053
0.21808
0.218105
0.218129
0.218152
0.218173
0.218193
0.218212
0.21823
0.218246
0.218261
0.218275
0.218287
0.218298
0.218308
0.218316
0.218323
0.218328
0.218332
0.218335
0.218336
0.218336
0.218335
0.218331
0.218327
0.218321
0.218313
0.218304
0.218294
0.218282
0.218269
0.218254
0.218237
0.218219
0.2182
0.218179
0.218156
0.218132
0.218106
0.218079
0.218051
0.21802
0.217989
0.217956
0.217921
0.217885
0.217847
0.217808
0.217767
0.217725
0.217682
0.217637
0.217591
0.217544
0.217495
0.217445
0.217393
0.21734
0.217286
0.217231
0.217175
0.217118
0.217059
0.216999
0.216939
0.216877
0.216815
0.216751
0.216687
0.216622
0.216556
0.21649
0.216422
0.216355
0.216286
0.216217
0.216148
0.216078
0.216008
0.215938
0.215868
0.215797
0.215726
0.215655
0.215584
0.215514
0.215443
0.215373
0.215303
0.215233
0.215164
0.215095
0.215027
0.214959
0.214892
0.214826
0.21476
0.214696
0.214632
0.214569
0.214508
0.214448
0.214388
0.214331
0.214274
0.214219
0.214165
0.214113
0.214062
0.214014
0.213966
0.213921
0.213877
0.213835
0.213796
0.213758
0.213722
0.213688
0.213656
0.213627
0.2136
0.213574
0.213552
0.213531
0.213513
0.213497
0.213484
0.213473
0.213464
0.213458
0.213455
0.213454
0.213455
0.213459
0.213466
0.213475
0.213486
0.2135
0.213517
0.213536
0.213557
0.213582
0.213608
0.213637
0.213668
0.213702
0.213738
0.213777
0.213818
0.213861
0.213906
0.213953
0.214003
0.214054
0.214108
0.214164
0.214221
0.21428
0.214342
0.214404
0.214469
0.214535
0.214603
0.214672
0.214742
0.214814
0.214887
0.214961
0.215036
0.215112
0.215189
0.215267
0.215345
0.215424
0.215504
0.215584
0.215665
0.215746
0.215827
0.215908
0.21599
0.216071
0.216152
0.216233
0.216313
0.216393
0.216473
0.216552
0.21663
0.216708
0.216785
0.216861
0.216936
0.21701
0.217082
0.217154
0.217224
0.217293
0.21736
0.217426
0.21749
0.217553
0.217614
0.217673
0.217731
0.217786
0.217839
0.217891
0.21794
0.217988
0.218033
0.218076
0.218117
0.218155
0.218191
0.218225
0.218257
0.218286
0.218313
0.218337
0.218358
0.218378
0.218394
0.218409
0.21842
0.218429
0.218436
0.21844
0.218441
0.21844
0.218437
0.218431
0.218422
0.218411
0.218398
0.218382
0.218363
0.218342
0.218319
0.218293
0.218265
0.218235
0.218202
0.218167
0.21813
0.218091
0.21805
0.218007
0.217961
0.217914
0.217865
0.217814
0.217761
0.217707
0.217651
0.217593
0.217534
0.217473
0.21741
0.217347
0.217282
0.217216
0.217148
0.21708
0.21701
0.21694
0.216868
0.216796
0.216723
0.216649
0.216575
0.2165
0.216425
0.216349
0.216273
0.216196
0.216119
0.216042
0.215965
0.215888
0.215811
0.215734
0.215657
0.215581
0.215504
0.215428
0.215353
0.215277
0.215203
0.215128
0.215055
0.214981
0.214909
0.214837
0.214766
0.214696
0.214626
0.214558
0.21449
0.214423
0.214357
0.214292
0.214228
0.214165
0.214103
0.214042
0.213983
0.213924
0.213866
0.213809
0.213754
0.213699
0.213646
0.213594
0.213543
0.213493
0.213444
0.213396
0.213349
0.213303
0.213258
0.213214
0.213172
0.21313
0.213089
0.213049
0.21301
0.212972
0.212935
0.212899
0.212863
0.212828
0.212794
0.212761
0.212728
0.212696
0.212665
0.212634
0.212604
0.212574
0.212545
0.212516
0.212488
0.212459
0.212432
0.212404
0.212377
0.212349
0.212322
0.212296
0.212269
0.212242
0.212215
0.212188
0.212161
0.212134
0.212107
0.212079
0.212052
0.212024
0.211996
0.211967
0.211938
0.211909
0.211879
0.211849
0.211818
0.211787
0.211755
0.211723
0.21169
0.211657
0.211623
0.211589
0.211553
0.211518
0.211481
0.211444
0.211406
0.211368
0.211329
0.21129
0.211249
0.211208
0.211167
0.211125
0.211082
0.211039
0.210995
0.210951
0.210906
0.21086
0.210815
0.210768
0.210721
0.210674
0.210627
0.210579
0.210531
0.210482
0.210433
0.210385
0.210335
0.210286
0.210237
0.210188
0.210139
0.21009
0.210041
0.209992
0.209944
0.209896
0.209848
0.2098
0.209754
0.209707
0.209661
0.209616
0.209571
0.209528
0.209484
0.209442
0.209401
0.209361
0.209321
0.209283
0.209246
0.20921
0.209175
0.209142
0.209109
0.209079
0.209049
0.209021
0.208995
0.20897
0.208947
0.208925
0.208905
0.208887
0.20887
0.208856
0.208843
0.208832
0.208823
0.208815
0.20881
0.208807
0.208805
0.208806
0.208808
0.208813
0.208819
0.208828
0.208839
0.208851
0.208866
0.208883
0.208902
0.208923
0.208946
0.208971
0.208998
0.209027
0.209058
0.209091
0.209126
0.209163
0.209201
0.209242
0.209285
0.209329
0.209376
0.209424
0.209474
0.209526
0.20958
0.209635
0.209692
0.209751
0.209811
0.209873
0.209936
0.210001
0.210068
0.210136
0.210205
0.210276
0.210348
0.210421
0.210496
0.210572
0.21065
0.210728
0.210808
0.210889
0.210971
0.211054
0.211139
0.211224
0.21131
0.211398
0.211486
0.211575
0.211666
0.211757
0.211849
0.211942
0.212036
0.212131
0.212227
0.212324
0.212421
0.212519
0.212618
0.212718
0.212819
0.212921
0.213023
0.213126
0.21323
0.213335
0.213441
0.213547
0.213655
0.213763
0.213872
0.213982
0.214092
0.214204
0.214316
0.21443
0.214544
0.214659
0.214775
0.214891
0.215009
0.215128
0.215247
0.215368
0.215489
0.215611
0.215734
0.215858
0.215983
0.216109
0.216236
0.216364
0.216493
0.216622
0.216752
0.216884
0.217016
0.217149
0.217283
0.217418
0.217553
0.217689
0.217826
0.217964
0.218102
0.218241
0.218381
0.218521
0.218661
0.218802
0.218944
0.219086
0.219228
0.219371
0.219514
0.219657
0.2198
0.219943
0.220086
0.220229
0.220372
0.220515
0.220657
0.220799
0.220941
0.221082
0.221222
0.221362
0.221501
0.221639
0.221776
0.221913
0.222048
0.222181
0.222314
0.222445
0.222575
0.222703
0.222829
0.222954
0.223077
0.223198
0.223317
0.223434
0.223548
0.22366
0.22377
0.223878
0.223983
0.224085
0.224185
0.224282
0.224376
0.224467
0.224555
0.22464
0.224722
0.224801
0.224877
0.224949
0.225018
0.225083
0.225145
0.225204
0.225258
0.22531
0.225357
0.225401
0.225442
0.225478
0.225511
0.22554
0.225566
0.225587
0.225605
0.225619
0.225629
0.225635
0.225638
0.225637
0.225632
0.225624
0.225611
0.225595
0.225576
0.225552
0.225526
0.225495
0.225462
0.225424
0.225384
0.22534
0.225293
0.225243
0.225189
0.225133
0.225073
0.225011
0.224946
0.224878
0.224808
0.224735
0.224659
0.224581
0.224501
0.224419
0.224334
0.224248
0.22416
0.22407
0.223978
0.223885
0.223791
0.223695
0.223598
0.223499
0.2234
0.2233
0.223199
0.223098
0.222996
0.222893
0.222791
0.222688
0.222585
0.222482
0.222379
0.222276
0.222174
0.222072
0.221971
0.22187
0.221771
0.221672
0.221574
0.221477
0.221381
0.221286
0.221193
0.221101
0.22101
0.220921
0.220834
0.220748
0.220665
0.220582
0.220502
0.220424
0.220348
0.220273
0.220201
0.220131
0.220063
0.219997
0.219933
0.219872
0.219812
0.219755
0.219701
0.219648
0.219598
0.21955
0.219504
0.219461
0.219419
0.21938
0.219344
0.219309
0.219276
0.219246
0.219218
0.219192
0.219167
0.219145
0.219125
0.219106
0.219089
0.219074
0.219061
0.219049
0.219039
0.21903
0.219023
0.219017
0.219013
0.219009
0.219007
0.219006
0.219006
0.219006
0.219008
0.21901
0.219013
0.219016
0.21902
0.219024
0.219029
0.219034
0.219039
0.219044
0.219049
0.219054
0.219059
0.219064
0.219068
0.219072
0.219075
0.219078
0.21908
0.219082
0.219083
0.219083
0.219082
0.21908
0.219077
0.219073
0.219067
0.219061
0.219053
0.219044
0.219034
0.219022
0.219009
0.218995
0.218978
0.218961
0.218941
0.21892
0.218897
0.218873
0.218847
0.218819
0.218789
0.218758
0.218725
0.21869
0.218653
0.218614
0.218574
0.218531
0.218487
0.218441
0.218393
0.218344
0.218292
0.218239
0.218184
0.218128
0.218069
0.218009
0.217947
0.217884
0.217819
0.217752
0.217684
0.217615
0.217544
0.217471
0.217397
0.217322
0.217245
0.217167
0.217088
0.217007
0.216926
0.216843
0.21676
0.216675
0.21659
0.216503
0.216416
0.216328
0.216239
0.21615
0.21606
0.21597
0.215879
0.215788
0.215696
0.215604
0.215512
0.21542
0.215328
0.215235
0.215143
0.21505
0.214958
0.214866
0.214774
0.214683
0.214592
0.214501
0.214411
0.214321
0.214232
0.214144
0.214056
0.213969
0.213883
0.213798
0.213713
0.21363
0.213547
0.213466
0.213385
0.213306
0.213228
0.213151
0.213075
0.213
0.212927
0.212855
0.212784
0.212715
0.212647
0.212581
0.212515
0.212452
0.212389
0.212329
0.212269
0.212211
0.212155
0.2121
0.212046
0.211994
0.211944
0.211894
0.211847
0.2118
0.211755
0.211712
0.21167
0.211629
0.211589
0.211551
0.211514
0.211478
0.211443
0.21141
0.211378
0.211346
0.211316
0.211287
0.211258
0.211231
0.211204
0.211178
0.211153
0.211129
0.211105
0.211082
0.211059
0.211036
0.211014
0.210993
0.210971
0.21095
0.210929
0.210908
0.210887
0.210866
0.210845
0.210823
0.210802
0.21078
0.210757
0.210734
0.210711
0.210687
0.210663
0.210638
0.210612
0.210585
0.210557
0.210529
0.210499
0.210469
0.210437
0.210405
0.210371
0.210336
0.2103
0.210262
0.210223
0.210183
0.210141
0.210098
0.210053
0.210007
0.20996
0.209911
0.20986
0.209808
0.209754
0.209699
0.209642
0.209584
0.209524
0.209462
0.209399
0.209335
0.209269
0.209201
0.209132
0.209061
0.208989
0.208916
0.208841
0.208765
0.208688
0.208609
0.208529
0.208449
0.208367
0.208284
0.2082
0.208115
0.208029
0.207942
0.207855
0.207767
0.207678
0.207589
0.2075
0.20741
0.20732
0.20723
0.207139
0.207049
0.206959
0.206869
0.206779
0.206689
0.2066
0.206511
0.206423
0.206336
0.20625
0.206164
0.206079
0.205996
0.205914
0.205832
0.205753
0.205674
0.205598
0.205522
0.205449
0.205377
0.205307
0.20524
0.205174
0.20511
0.205049
0.204989
0.204933
0.204878
0.204826
0.204777
0.20473
0.204686
0.204644
0.204606
0.20457
0.204537
0.204507
0.20448
0.204456
0.204435
0.204417
0.204402
0.20439
0.204382
0.204377
0.204374
0.204375
0.204379
0.204387
0.204397
0.204411
0.204428
0.204448
0.204471
0.204497
0.204527
0.204559
0.204595
0.204633
0.204675
0.204719
0.204766
0.204817
0.20487
0.204925
0.204984
0.205045
0.205109
0.205175
0.205244
0.205315
0.205388
0.205464
0.205542
0.205622
0.205704
0.205788
0.205874
0.205961
0.206051
0.206142
0.206234
0.206329
0.206424
0.206521
0.206619
0.206718
0.206818
0.20692
0.207022
0.207125
0.207228
0.207333
0.207437
0.207543
0.207648
0.207754
0.20786
0.207967
0.208073
0.20818
0.208286
0.208392
0.208498
0.208603
0.208708
0.208813
0.208917
0.209021
0.209123
0.209225
0.209327
0.209427
0.209527
0.209625
0.209722
0.209819
0.209914
0.210008
0.210101
0.210192
0.210282
0.210371
0.210458
0.210544
0.210628
0.210711
0.210792
0.210872
0.21095
0.211026
0.211101
0.211174
0.211245
0.211315
0.211383
0.211449
0.211513
0.211576
0.211636
0.211695
0.211752
0.211808
0.211861
0.211913
0.211963
0.212011
0.212057
0.212101
0.212144
0.212185
0.212225
0.212262
0.212298
0.212332
0.212365
0.212396
0.212425
0.212453
0.212479
0.212504
0.212527
0.212549
0.212569
0.212588
0.212606
0.212622
0.212637
0.212651
0.212664
0.212676
0.212686
0.212696
0.212705
0.212712
0.212719
0.212725
0.21273
0.212735
0.212739
0.212742
0.212745
0.212747
0.212749
0.21275
0.212751
0.212752
0.212753
0.212754
0.212755
0.212755
0.212756
0.212757
0.212758
0.21276
0.212762
0.212764
0.212767
0.21277
0.212774
0.212779
0.212784
0.21279
0.212797
0.212805
0.212814
0.212824
0.212836
0.212848
0.212862
0.212877
0.212893
0.212911
0.21293
0.212951
0.212973
0.212997
0.213022
0.21305
0.213079
0.21311
0.213143
0.213178
0.213215
0.213253
0.213294
0.213337
0.213382
0.213429
0.213479
0.21353
0.213584
0.21364
0.213698
0.213758
0.213821
0.213886
0.213954
0.214024
0.214096
0.21417
0.214247
0.214326
0.214408
0.214492
0.214578
0.214667
0.214757
0.214851
0.214946
0.215044
0.215144
0.215246
0.21535
0.215457
0.215565
0.215676
0.215789
0.215904
0.216021
0.21614
0.21626
0.216383
0.216508
0.216634
0.216762
0.216891
0.217023
0.217155
0.21729
0.217426
0.217563
0.217701
0.217841
0.217982
0.218123
0.218266
0.21841
0.218555
0.218701
0.218847
0.218994
0.219142
0.21929
0.219438
0.219587
0.219736
0.219885
0.220034
0.220183
0.220332
0.220481
0.22063
0.220778
0.220925
0.221072
0.221218
0.221364
0.221508
0.221652
0.221794
0.221936
0.222076
0.222214
0.222351
0.222487
0.22262
0.222752
0.222882
0.22301
0.223136
0.22326
0.223381
0.2235
0.223617
0.22373
0.223841
0.22395
0.224055
0.224157
0.224257
0.224353
0.224445
0.224535
0.224621
0.224703
0.224782
0.224857
0.224928
0.224995
0.225058
0.225118
0.225173
0.225224
0.22527
0.225313
0.225351
0.225384
0.225413
0.225438
0.225457
0.225473
0.225483
0.225489
0.22549
0.225486
0.225477
0.225463
0.225445
0.225421
0.225393
0.225359
0.22532
0.225277
0.225228
0.225175
0.225116
0.225052
0.224984
0.22491
0.224831
0.224748
0.224659
0.224565
0.224467
0.224364
0.224256
0.224143
0.224025
0.223903
0.223776
0.223644
0.223508
0.223367
0.223222
0.223073
0.222919
0.222761
0.222599
0.222433
0.222263
0.222089
0.221911
0.22173
0.221545
0.221356
0.221164
0.220968
0.22077
0.220568
0.220363
0.220155
0.219945
0.219732
0.219516
0.219298
0.219077
0.218854
0.218629
0.218402
0.218174
0.217943
0.217711
0.217477
0.217242
0.217006
0.216769
0.216531
0.216292
0.216052
0.215811
0.21557
0.215329
0.215088
0.214846
0.214605
0.214364
0.214123
0.213883
0.213643
0.213404
0.213166
0.212929
0.212693
0.212458
0.212224
0.211992
0.211762
0.211533
0.211306
0.211081
0.210859
0.210638
0.21042
0.210204
0.209991
0.20978
0.209572
0.209367
0.209165
0.208966
0.20877
0.208578
0.208388
0.208203
0.20802
0.207842
0.207667
0.207496
0.207328
0.207165
0.207006
0.206851
0.2067
0.206553
0.206411
0.206273
0.206139
0.20601
0.205885
0.205765
0.20565
0.205539
0.205433
0.205332
0.205236
0.205145
0.205058
0.204976
0.204899
0.204828
0.204761
0.204699
0.204642
0.204591
0.204544
0.204502
0.204466
0.204434
0.204408
0.204387
0.20437
0.204359
0.204353
0.204352
0.204356
0.204365
0.204379
0.204398
0.204422
0.20445
0.204484
0.204523
0.204566
0.204614
0.204667
0.204725
0.204787
0.204854
0.204926
0.205002
0.205083
0.205168
0.205257
0.205351
0.205449
0.205552
0.205658
0.205769
0.205884
0.206003
0.206126
0.206252
0.206383
0.206517
0.206655
0.206796
0.206941
0.20709
0.207242
0.207397
0.207555
0.207717
0.207882
0.20805
0.20822
0.208394
0.20857
0.20875
0.208931
0.209116
0.209302
0.209492
0.209683
0.209877
0.210073
0.210271
0.210471
0.210672
0.210876
0.211081
0.211288
0.211497
0.211707
0.211919
0.212131
0.212346
0.212561
0.212777
0.212994
0.213213
0.213432
0.213652
0.213872
0.214094
0.214315
0.214537
0.21476
0.214983
0.215206
0.215429
0.215653
0.215876
0.2161
0.216323
0.216546
0.216768
0.216991
0.217213
0.217434
0.217655
0.217876
0.218096
0.218315
0.218533
0.21875
0.218967
0.219182
0.219397
0.219611
0.219823
0.220034
0.220244
0.220453
0.22066
0.220866
0.221071
0.221274
0.221476
0.221676
0.221875
0.222072
0.222267
0.22246
0.222652
0.222842
0.22303
0.223217
0.223401
0.223584
0.223764
0.223943
0.224119
0.224293
0.224466
0.224636
0.224804
0.22497
0.225134
0.225295
0.225454
0.225611
0.225766
0.225918
0.226068
0.226216
0.226361
0.226504
0.226644
0.226782
0.226917
0.22705
0.227181
0.227309
0.227434
0.227557
0.227677
0.227794
0.227909
0.228021
0.228131
0.228238
0.228342
0.228443
0.228542
0.228638
0.228731
0.228822
0.228909
0.228994
0.229076
0.229155
0.229232
0.229305
0.229376
0.229443
0.229508
0.22957
0.229629
0.229685
0.229738
0.229788
0.229835
0.229879
0.22992
0.229958
0.229993
0.230025
0.230054
0.23008
0.230103
0.230122
0.230139
0.230153
0.230163
0.23017
0.230175
0.230176
0.230174
0.230169
0.23016
0.230149
0.230135
0.230117
0.230096
0.230073
0.230046
0.230016
0.229983
0.229947
0.229907
0.229865
0.229819
0.229771
0.229719
0.229665
0.229607
0.229546
0.229483
0.229416
0.229347
0.229274
0.229198
0.22912
0.229038
0.228954
0.228867
0.228777
0.228684
0.228589
0.22849
0.228389
0.228285
0.228179
0.228069
0.227958
0.227843
0.227726
0.227606
0.227484
0.227359
0.227232
0.227102
0.22697
0.226836
0.226699
0.22656
0.226419
0.226275
0.226129
0.225981
0.225831
0.225679
0.225524
0.225368
0.22521
0.225049
0.224887
0.224723
0.224557
0.224389
0.22422
0.224049
0.223876
0.223702
0.223526
0.223348
0.223169
0.222989
0.222807
0.222624
0.222439
0.222253
0.222066
0.221878
0.221689
0.221499
0.221307
0.221115
0.220922
0.220728
0.220533
0.220337
0.220141
0.219944
0.219746
0.219548
0.21935
0.219151
0.218952
0.218752
0.218552
0.218352
0.218152
0.217952
0.217752
0.217552
0.217352
0.217152
0.216953
0.216754
0.216555
0.216356
0.216159
0.215962
0.215765
0.215569
0.215374
0.21518
0.214987
0.214795
0.214603
0.214413
0.214224
0.214036
0.21385
0.213665
0.213481
0.213299
0.213119
0.21294
0.212762
0.212587
0.212413
0.212241
0.212071
0.211902
0.211736
0.211572
0.21141
0.21125
0.211092
0.210937
0.210784
0.210633
0.210485
0.210339
0.210195
0.210054
0.209915
0.209779
0.209646
0.209515
0.209387
0.209262
0.209139
0.209019
0.208901
0.208787
0.208675
0.208566
0.20846
0.208356
0.208255
0.208158
0.208063
0.20797
0.207881
0.207794
0.20771
0.207629
0.207551
0.207475
0.207403
0.207333
0.207265
0.207201
0.207139
0.20708
0.207023
0.206969
0.206918
0.206869
0.206823
0.206779
0.206738
0.206699
0.206662
0.206628
0.206597
0.206567
0.20654
0.206515
0.206492
0.206472
0.206453
0.206436
0.206422
0.206409
0.206398
0.20639
0.206383
0.206377
0.206374
0.206372
0.206371
0.206372
0.206375
0.206379
0.206385
0.206392
0.2064
0.206409
0.20642
0.206431
0.206444
0.206458
0.206472
0.206488
0.206504
0.206522
0.206539
0.206558
0.206577
0.206597
0.206617
0.206638
0.206659
0.20668
0.206701
0.206723
0.206745
0.206767
0.206789
0.206812
0.206834
0.206856
0.206878
0.206899
0.206921
0.206942
0.206963
0.206983
0.207003
0.207023
0.207042
0.20706
0.207078
0.207095
0.207112
0.207128
0.207143
0.207158
0.207171
0.207184
0.207196
0.207208
0.207218
0.207228
0.207237
0.207245
0.207252
0.207258
0.207263
0.207268
0.207271
0.207274
0.207276
0.207277
0.207277
0.207276
0.207275
0.207272
0.207269
0.207266
0.207261
0.207256
0.207251
0.207244
0.207238
0.20723
0.207223
0.207215
0.207206
0.207197
0.207188
0.207179
0.20717
0.207161
0.207151
0.207142
0.207133
0.207124
0.207115
0.207107
0.207099
0.207091
0.207084
0.207077
0.207071
0.207066
0.207062
0.207058
0.207055
0.207054
0.207053
0.207054
0.207055
0.207058
0.207062
0.207068
0.207074
0.207083
0.207093
0.207104
0.207117
0.207131
0.207147
0.207165
0.207185
0.207206
0.207229
0.207254
0.207281
0.20731
0.20734
0.207373
0.207407
0.207444
0.207482
0.207522
0.207564
0.207608
0.207653
0.207701
0.20775
0.207801
0.207854
0.207909
0.207965
0.208023
0.208083
0.208145
0.208207
0.208272
0.208338
0.208405
0.208474
0.208544
0.208615
0.208687
0.208761
0.208836
0.208911
0.208988
0.209065
0.209143
0.209222
0.209301
0.209381
0.209462
0.209543
0.209624
0.209705
0.209787
0.209869
0.209951
0.210033
0.210115
0.210197
0.210278
0.210359
0.21044
0.210521
0.210601
0.21068
0.210759
0.210837
0.210915
0.210992
0.211068
0.211143
0.211217
0.211291
0.211363
0.211435
0.211505
0.211575
0.211643
0.211711
0.211777
0.211842
0.211906
0.211969
0.21203
0.212091
0.21215
0.212209
0.212266
0.212322
0.212376
0.21243
0.212483
0.212534
0.212585
0.212634
0.212683
0.212731
0.212777
0.212823
0.212868
0.212912
0.212955
0.212998
0.213039
0.213081
0.213121
0.213161
0.213201
0.21324
0.213279
0.213318
0.213356
0.213394
0.213432
0.21347
0.213508
0.213547
0.213585
0.213623
0.213662
0.213701
0.213741
0.213781
0.213822
0.213863
0.213905
0.213948
0.213991
0.214036
0.214081
0.214128
0.214175
0.214224
0.214274
0.214325
0.214378
0.214431
0.214487
0.214544
0.214602
0.214662
0.214724
0.214788
0.214853
0.21492
0.214989
0.215059
0.215132
0.215207
0.215283
0.215362
0.215442
0.215525
0.215609
0.215696
0.215785
0.215876
0.215969
0.216064
0.216161
0.21626
0.216362
0.216465
0.216571
0.216678
0.216788
0.2169
0.217013
0.217129
0.217247
0.217366
0.217488
0.217611
0.217736
0.217863
0.217991
0.218121
0.218253
0.218386
0.218521
0.218656
0.218794
0.218932
0.219072
0.219213
0.219355
0.219497
0.219641
0.219785
0.21993
0.220076
0.220222
0.220369
0.220516
0.220663
0.22081
0.220957
0.221104
0.221251
0.221398
0.221545
0.221691
0.221836
0.221981
0.222125
0.222268
0.22241
0.222551
0.222691
0.22283
0.222967
0.223103
0.223237
0.22337
0.223501
0.22363
0.223757
0.223882
0.224005
0.224126
0.224244
0.22436
0.224473
0.224584
0.224693
0.224798
0.224901
0.225001
0.225098
0.225192
0.225282
0.22537
0.225454
0.225535
0.225613
0.225687
0.225758
0.225825
0.225889
0.225949
0.226005
0.226058
0.226106
0.226151
0.226192
0.226229
0.226262
0.226291
0.226316
0.226337
0.226354
0.226367
0.226375
0.226379
0.226379
0.226375
0.226367
0.226354
0.226337
0.226316
0.226291
0.226261
0.226227
0.226188
0.226146
0.226099
0.226047
0.225992
0.225932
0.225867
0.225799
0.225726
0.225649
0.225568
0.225482
0.225392
0.225298
0.2252
0.225098
0.224992
0.224881
0.224767
0.224649
0.224526
0.2244
0.22427
0.224136
0.223998
0.223857
0.223712
0.223563
0.223411
0.223255
0.223095
0.222933
0.222767
0.222597
0.222425
0.222249
0.22207
0.221889
0.221704
0.221517
0.221326
0.221133
0.220938
0.22074
0.220539
0.220337
0.220132
0.219924
0.219715
0.219504
0.219291
0.219076
0.218859
0.218641
0.218421
0.2182
0.217978
0.217754
0.21753
0.217304
0.217077
0.21685
0.216622
0.216394
0.216165
0.215935
0.215706
0.215476
0.215246
0.215016
0.214787
0.214557
0.214329
0.2141
0.213872
0.213645
0.213418
0.213193
0.212968
0.212745
0.212523
0.212301
0.212082
0.211864
0.211647
0.211432
0.211218
0.211007
0.210797
0.21059
0.210384
0.210181
0.20998
0.209781
0.209585
0.209391
0.2092
0.209011
0.208825
0.208642
0.208462
0.208284
0.20811
0.207938
0.20777
0.207605
0.207443
0.207285
0.207129
0.206977
0.206829
0.206684
0.206542
0.206404
0.20627
0.206139
0.206012
0.205889
0.205769
0.205654
0.205542
0.205434
0.20533
0.20523
0.205133
0.205041
0.204953
0.204868
0.204788
0.204712
0.20464
0.204572
0.204508
0.204448
0.204392
0.204341
0.204293
0.20425
0.204211
0.204176
0.204145
0.204119
0.204096
0.204078
0.204064
0.204054
0.204048
0.204046
0.204048
0.204054
0.204065
0.204079
0.204098
0.20412
0.204147
0.204177
0.204211
0.20425
0.204292
0.204337
0.204387
0.20444
0.204497
0.204558
0.204622
0.20469
0.204761
0.204836
0.204914
0.204995
0.20508
0.205167
0.205258
0.205352
0.205449
0.205549
0.205651
0.205757
0.205865
0.205975
0.206088
0.206204
0.206321
0.206441
0.206563
0.206687
0.206813
0.206941
0.207071
0.207202
0.207334
0.207468
0.207604
0.20774
0.207878
0.208016
0.208156
0.208296
0.208437
0.208578
0.20872
0.208862
0.209004
0.209146
0.209289
0.209431
0.209573
0.209714
0.209855
0.209996
0.210135
0.210274
0.210412
0.210549
0.210685
0.21082
0.210953
0.211085
0.211216
0.211345
0.211472
0.211598
0.211721
0.211843
0.211963
0.212081
0.212196
0.21231
0.212421
0.21253
0.212637
0.212741
0.212843
0.212942
0.213038
0.213133
0.213224
0.213313
0.213399
0.213483
0.213563
0.213641
0.213717
0.213789
0.213859
0.213926
0.213991
0.214052
0.214111
0.214168
0.214221
0.214272
0.214321
0.214367
0.21441
0.214451
0.214489
0.214525
0.214559
0.21459
0.214619
0.214646
0.214671
0.214693
0.214714
0.214733
0.21475
0.214765
0.214778
0.21479
0.2148
0.214808
0.214815
0.214821
0.214826
0.214829
0.214832
0.214833
0.214833
0.214833
0.214832
0.21483
0.214828
0.214825
0.214822
0.214818
0.214814
0.21481
0.214806
0.214802
0.214798
0.214795
0.214791
0.214788
0.214785
0.214783
0.214782
0.214781
0.21478
0.214781
0.214782
0.214784
0.214787
0.214792
0.214797
0.214803
0.214811
0.21482
0.21483
0.214841
0.214854
0.214869
0.214884
0.214902
0.21492
0.214941
0.214962
0.214986
0.215011
0.215038
0.215066
0.215097
0.215128
0.215162
0.215197
0.215235
0.215273
0.215314
0.215356
0.2154
0.215446
0.215494
0.215543
0.215594
0.215647
0.215701
0.215757
0.215815
0.215875
0.215936
0.215998
0.216063
0.216129
0.216196
0.216265
0.216335
0.216407
0.216481
0.216556
0.216632
0.216709
0.216788
0.216868
0.21695
0.217032
0.217116
0.217201
0.217287
0.217375
0.217463
0.217552
0.217642
0.217733
0.217825
0.217918
0.218012
0.218106
0.218201
0.218297
0.218394
0.218491
0.218589
0.218687
0.218786
0.218885
0.218984
0.219084
0.219185
0.219285
0.219386
0.219487
0.219588
0.219689
0.21979
0.219892
0.219993
0.220094
0.220195
0.220296
0.220397
0.220498
0.220598
0.220698
0.220797
0.220896
0.220995
0.221093
0.221191
0.221287
0.221384
0.221479
0.221574
0.221668
0.221761
0.221853
0.221944
0.222034
0.222123
0.222211
0.222298
0.222384
0.222468
0.222551
0.222632
0.222713
0.222791
0.222868
0.222944
0.223018
0.22309
0.22316
0.223229
0.223296
0.223361
0.223424
0.223485
0.223544
0.223601
0.223656
0.223708
0.223759
0.223807
0.223852
0.223896
0.223937
0.223975
0.224012
0.224045
0.224076
0.224104
0.22413
0.224153
0.224174
0.224191
0.224206
0.224218
0.224228
0.224234
0.224238
0.224239
0.224237
0.224232
0.224224
0.224213
0.224199
0.224183
0.224163
0.224141
0.224115
0.224087
0.224055
0.224021
0.223984
0.223944
0.223901
0.223855
0.223807
0.223755
0.223701
0.223644
0.223584
0.223522
0.223457
0.223389
0.223319
0.223246
0.223171
0.223093
0.223012
0.22293
0.222845
0.222757
0.222668
0.222576
0.222483
0.222387
0.222289
0.222189
0.222088
0.221984
0.221879
0.221772
0.221664
0.221554
0.221443
0.22133
0.221216
0.221101
0.220984
0.220867
0.220748
0.220629
0.220508
0.220387
0.220265
0.220143
0.22002
0.219896
0.219772
0.219648
0.219524
0.219399
0.219274
0.21915
0.219025
0.2189
0.218776
0.218652
0.218528
0.218405
0.218282
0.21816
0.218038
0.217917
0.217797
0.217677
0.217559
0.217441
0.217325
0.217209
0.217095
0.216982
0.21687
0.21676
0.21665
0.216543
0.216436
0.216332
0.216228
0.216127
0.216027
0.215928
0.215832
0.215737
0.215644
0.215553
0.215463
0.215376
0.215291
0.215207
0.215126
0.215046
0.214969
0.214893
0.21482
0.214749
0.21468
0.214613
0.214548
0.214485
0.214425
0.214367
0.214311
0.214257
0.214205
0.214156
0.214108
0.214063
0.214021
0.21398
0.213942
0.213906
0.213872
0.21384
0.213811
0.213783
0.213758
0.213735
0.213715
0.213696
0.21368
0.213666
0.213654
0.213644
0.213636
0.21363
0.213626
0.213625
0.213625
0.213628
0.213632
0.213639
0.213647
0.213658
0.21367
0.213685
0.213701
0.213719
0.213739
0.213761
0.213785
0.21381
0.213837
0.213866
0.213897
0.213929
0.213963
0.213998
0.214036
0.214074
0.214115
0.214156
0.2142
0.214244
0.21429
0.214338
0.214386
0.214436
0.214488
0.21454
0.214594
0.214649
0.214705
0.214762
0.214819
0.214878
0.214938
0.214999
0.215061
0.215123
0.215186
0.21525
0.215314
0.21538
0.215445
0.215511
0.215578
0.215645
0.215713
0.21578
0.215848
0.215917
0.215985
0.216054
0.216122
0.216191
0.216259
0.216327
0.216396
0.216464
0.216531
0.216599
0.216666
0.216732
0.216798
0.216864
0.216929
0.216994
0.217057
0.21712
0.217182
0.217244
0.217304
0.217364
0.217423
0.21748
0.217537
0.217592
0.217646
0.2177
0.217751
0.217802
0.217851
0.217899
0.217946
0.217991
0.218035
0.218077
0.218118
0.218157
0.218194
0.21823
0.218265
0.218297
0.218328
0.218357
0.218385
0.218411
0.218435
0.218457
0.218478
0.218496
0.218513
0.218528
0.218541
0.218552
0.218562
0.218569
0.218575
0.218578
0.21858
0.21858
0.218578
0.218574
0.218569
0.218561
0.218552
0.21854
0.218527
0.218512
0.218495
0.218476
0.218456
0.218433
0.218409
0.218383
0.218355
0.218326
0.218294
0.218262
0.218227
0.21819
0.218152
0.218113
0.218072
0.218029
0.217984
0.217939
0.217891
0.217842
0.217792
0.21774
0.217687
0.217633
0.217577
0.21752
0.217462
0.217403
0.217342
0.21728
0.217217
0.217153
0.217088
0.217022
0.216955
0.216888
0.216819
0.216749
0.216679
0.216608
0.216536
0.216463
0.21639
0.216316
0.216242
0.216167
0.216091
0.216015
0.215939
0.215862
0.215785
0.215707
0.21563
0.215552
0.215474
0.215395
0.215317
0.215239
0.21516
0.215081
0.215003
0.214924
0.214846
0.214767
0.214689
0.21461
0.214532
0.214454
0.214377
0.214299
0.214222
0.214145
0.214068
0.213991
0.213915
0.213839
0.213764
0.213688
0.213613
0.213539
0.213464
0.21339
0.213317
0.213243
0.213171
0.213098
0.213026
0.212954
0.212882
0.212811
0.21274
0.212669
0.212598
0.212528
0.212458
0.212389
0.212319
0.21225
0.212181
0.212112
0.212043
0.211975
0.211906
0.211838
0.211769
0.211701
0.211633
0.211564
0.211496
0.211428
0.21136
0.211291
0.211223
0.211154
0.211085
0.211016
0.210947
0.210878
0.210809
0.210739
0.210669
0.210599
0.210529
0.210458
0.210387
0.210316
0.210245
0.210173
0.210101
0.210028
0.209955
0.209882
0.209809
0.209735
0.209661
0.209587
0.209512
0.209437
0.209362
0.209287
0.209211
0.209135
0.209058
0.208982
0.208905
0.208828
0.208751
0.208674
0.208596
0.208519
0.208441
0.208363
0.208286
0.208208
0.20813
0.208053
0.207975
0.207898
0.207821
0.207744
0.207668
0.207591
0.207515
0.20744
0.207365
0.20729
0.207216
0.207142
0.207069
0.206997
0.206925
0.206854
0.206784
0.206714
0.206646
0.206578
0.206511
0.206446
0.206381
0.206318
0.206255
0.206194
0.206134
0.206075
0.206017
0.205961
0.205907
0.205853
0.205801
0.205751
0.205702
0.205655
0.20561
0.205566
0.205524
0.205483
0.205445
0.205408
0.205373
0.205339
0.205308
0.205279
0.205251
0.205226
0.205202
0.205181
0.205161
0.205144
0.205129
0.205115
0.205104
0.205095
0.205088
0.205084
0.205081
0.205081
0.205083
0.205087
0.205093
0.205101
0.205112
0.205125
0.20514
0.205157
0.205176
0.205198
0.205221
0.205247
0.205275
0.205305
0.205338
0.205372
0.205409
0.205447
0.205488
0.205531
0.205576
0.205623
0.205671
0.205722
0.205775
0.205829
0.205886
0.205944
0.206004
0.206066
0.20613
0.206196
0.206263
0.206332
0.206402
0.206475
0.206548
0.206624
0.2067
0.206778
0.206858
0.206939
0.207021
0.207105
0.20719
0.207276
0.207364
0.207452
0.207542
0.207632
0.207724
0.207817
0.207911
0.208005
0.208101
0.208197
0.208294
0.208392
0.20849
0.208589
0.208689
0.20879
0.208891
0.208992
0.209094
0.209197
0.209299
0.209403
0.209506
0.20961
0.209714
0.209818
0.209923
0.210028
0.210133
0.210238
0.210343
0.210448
0.210553
0.210658
0.210763
0.210868
0.210973
0.211078
0.211183
0.211287
0.211392
0.211496
0.2116
0.211704
0.211807
0.21191
0.212013
0.212116
0.212218
0.212319
0.212421
0.212522
0.212622
0.212722
0.212822
0.212921
0.213019
0.213117
0.213215
0.213311
0.213408
0.213503
0.213598
0.213693
0.213787
0.21388
0.213972
0.214064
0.214155
0.214245
0.214335
0.214423
0.214511
0.214598
0.214685
0.21477
0.214855
0.214938
0.215021
0.215103
0.215184
0.215263
0.215342
0.21542
0.215497
0.215573
0.215647
0.215721
0.215794
0.215865
0.215935
0.216004
0.216072
0.216138
0.216203
0.216267
0.21633
0.216391
0.216451
0.21651
0.216567
0.216623
0.216677
0.21673
0.216781
0.216831
0.216879
0.216926
0.216971
0.217015
0.217056
0.217097
0.217135
0.217172
0.217208
0.217241
0.217273
0.217303
0.217331
0.217358
0.217382
0.217405
0.217427
0.217446
0.217463
0.217479
0.217493
0.217505
0.217515
0.217524
0.21753
0.217535
0.217537
0.217538
0.217537
0.217535
0.21753
0.217524
0.217516
0.217506
0.217494
0.21748
0.217465
0.217448
0.21743
0.217409
0.217387
0.217363
0.217338
0.217311
0.217283
0.217253
0.217222
0.217189
0.217154
0.217119
0.217081
0.217043
0.217003
0.216962
0.21692
0.216877
0.216833
0.216787
0.216741
0.216693
0.216645
0.216596
0.216546
0.216495
0.216443
0.216391
0.216338
0.216285
0.216231
0.216177
0.216122
0.216067
0.216011
0.215956
0.2159
0.215844
0.215788
0.215732
0.215676
0.21562
0.215564
0.215509
0.215453
0.215398
0.215343
0.215289
0.215235
0.215182
0.215129
0.215077
0.215025
0.214974
0.214924
0.214874
0.214825
0.214777
0.21473
0.214684
0.214639
0.214595
0.214551
0.214509
0.214468
0.214428
0.214389
0.214351
0.214314
0.214278
0.214244
0.214211
0.214179
0.214148
0.214118
0.21409
0.214063
0.214037
0.214012
0.213989
0.213967
0.213946
0.213927
0.213908
0.213891
0.213876
0.213861
0.213848
0.213836
0.213825
0.213815
0.213807
0.213799
0.213793
0.213788
0.213784
0.213781
0.213779
0.213778
0.213779
0.21378
0.213782
0.213785
0.21379
0.213795
0.213801
0.213808
0.213815
0.213824
0.213833
0.213843
0.213854
0.213866
0.213879
0.213892
0.213906
0.21392
0.213935
0.213951
0.213968
0.213985
0.214002
0.214021
0.214039
0.214059
0.214079
0.214099
0.21412
0.214142
0.214164
0.214186
0.214209
0.214232
0.214256
0.214281
0.214306
0.214331
0.214357
0.214383
0.21441
0.214437
0.214465
0.214493
0.214521
0.21455
0.21458
0.21461
0.21464
0.214671
0.214703
0.214735
0.214767
0.2148
0.214833
0.214867
0.214902
0.214937
0.214973
0.215009
0.215045
0.215083
0.21512
0.215159
0.215198
0.215237
0.215278
0.215319
0.21536
0.215402
0.215445
0.215488
0.215532
0.215577
0.215623
0.215669
0.215716
0.215763
0.215812
0.215861
0.21591
0.215961
0.216012
0.216064
0.216117
0.21617
0.216224
0.216279
0.216335
0.216392
0.216449
0.216507
0.216566
0.216626
0.216687
0.216748
0.21681
0.216873
0.216937
0.217002
0.217067
0.217134
0.217201
0.217268
0.217337
0.217406
0.217477
0.217548
0.217619
0.217692
0.217765
0.217839
0.217914
0.217989
0.218065
0.218142
0.218219
0.218298
0.218376
0.218456
0.218536
0.218616
0.218697
0.218779
0.218861
0.218944
0.219027
0.21911
0.219194
0.219278
0.219363
0.219448
0.219533
0.219618
0.219703
0.219789
0.219874
0.21996
0.220046
0.220131
0.220217
0.220302
0.220387
0.220472
0.220556
0.22064
0.220724
0.220807
0.22089
0.220972
0.221053
0.221134
0.221213
0.221292
0.221371
0.221448
0.221524
0.221599
0.221673
0.221745
0.221817
0.221887
0.221956
0.222023
0.222088
0.222153
0.222215
0.222276
0.222335
0.222392
0.222447
0.2225
0.222552
0.222601
0.222648
0.222693
0.222736
0.222776
0.222815
0.22285
0.222884
0.222915
0.222943
0.222969
0.222993
0.223014
0.223032
0.223047
0.22306
0.22307
0.223078
0.223082
0.223084
0.223083
0.223079
0.223072
0.223062
0.22305
0.223034
0.223016
0.222995
0.22297
0.222943
0.222913
0.22288
0.222844
0.222805
0.222764
0.222719
0.222671
0.222621
0.222568
0.222511
0.222452
0.222391
0.222326
0.222259
0.222188
0.222115
0.22204
0.221962
0.221881
0.221797
0.221711
0.221623
0.221531
0.221438
0.221342
0.221243
0.221143
0.22104
0.220934
0.220827
0.220717
0.220606
0.220492
0.220376
0.220258
0.220139
0.220017
0.219894
0.219769
0.219642
0.219513
0.219383
0.219252
0.219119
0.218985
0.218849
0.218712
0.218574
0.218434
0.218294
0.218153
0.21801
0.217867
0.217723
0.217578
0.217433
0.217287
0.21714
0.216993
0.216845
0.216697
0.216549
0.2164
0.216252
0.216103
0.215954
0.215805
0.215657
0.215508
0.21536
0.215213
0.215065
0.214918
0.214772
0.214626
0.214481
0.214336
0.214193
0.21405
0.213908
0.213767
0.213627
0.213488
0.213351
0.213214
0.213079
0.212945
0.212813
0.212682
0.212552
0.212424
0.212298
0.212173
0.21205
0.211929
0.211809
0.211692
0.211576
0.211462
0.211351
0.211241
0.211133
0.211028
0.210924
0.210823
0.210724
0.210627
0.210533
0.210441
0.210351
0.210263
0.210178
0.210096
0.210016
0.209938
0.209863
0.20979
0.20972
0.209653
0.209588
0.209525
0.209466
0.209409
0.209354
0.209302
0.209253
0.209207
0.209163
0.209122
0.209083
0.209048
0.209014
0.208984
0.208956
0.208931
0.208908
0.208889
0.208871
0.208857
0.208845
0.208836
0.208829
0.208825
0.208823
0.208824
0.208827
0.208833
0.208842
0.208852
0.208866
0.208881
0.208899
0.208919
0.208942
0.208967
0.208994
0.209023
0.209054
0.209087
0.209123
0.20916
0.2092
0.209241
0.209285
0.20933
0.209377
0.209426
0.209476
0.209528
0.209582
0.209637
0.209694
0.209752
0.209812
0.209873
0.209935
0.209998
0.210063
0.210129
0.210196
0.210264
0.210332
0.210402
0.210472
0.210544
0.210616
0.210688
0.210762
0.210835
0.210909
0.210984
0.211059
0.211134
0.21121
0.211285
0.211361
0.211437
0.211512
0.211588
0.211663
0.211739
0.211814
0.211888
0.211963
0.212036
0.21211
0.212183
0.212255
0.212326
0.212397
0.212467
0.212537
0.212605
0.212672
0.212739
0.212804
0.212869
0.212932
0.212994
0.213055
0.213114
0.213173
0.213229
0.213285
0.213339
0.213392
0.213443
0.213493
0.213541
0.213587
0.213632
0.213675
0.213717
0.213757
0.213795
0.213831
0.213866
0.213899
0.21393
0.21396
0.213987
0.214013
0.214037
0.214059
0.21408
0.214098
0.214115
0.21413
0.214144
0.214155
0.214165
0.214173
0.21418
0.214184
0.214188
0.214189
0.214189
0.214188
0.214184
0.21418
0.214174
0.214166
0.214158
0.214148
0.214136
0.214124
0.21411
0.214096
0.21408
0.214063
0.214045
0.214027
0.214008
0.213988
0.213967
0.213946
0.213924
0.213902
0.213879
0.213856
0.213833
0.21381
0.213787
0.213764
0.21374
0.213717
0.213695
0.213672
0.21365
0.213628
0.213607
0.213587
0.213567
0.213548
0.21353
0.213513
0.213496
0.213481
0.213467
0.213454
0.213443
0.213432
0.213423
0.213416
0.21341
0.213406
0.213403
0.213402
0.213403
0.213405
0.213409
0.213416
0.213424
0.213434
0.213446
0.21346
0.213476
0.213494
0.213514
0.213536
0.21356
0.213587
0.213615
0.213646
0.213679
0.213714
0.213751
0.21379
0.213831
0.213875
0.21392
0.213968
0.214017
0.214068
0.214122
0.214177
0.214234
0.214293
0.214353
0.214416
0.214479
0.214545
0.214612
0.21468
0.21475
0.214821
0.214894
0.214967
0.215042
0.215118
0.215194
0.215272
0.21535
0.215429
0.215508
0.215588
0.215668
0.215749
0.21583
0.215911
0.215992
0.216073
0.216154
0.216235
0.216316
0.216396
0.216475
0.216554
0.216632
0.21671
0.216787
0.216862
0.216937
0.217011
0.217083
0.217154
0.217224
0.217293
0.21736
0.217425
0.217489
0.217551
0.217611
0.21767
0.217726
0.217781
0.217834
0.217885
0.217933
0.21798
0.218025
0.218067
0.218107
0.218145
0.21818
0.218214
0.218245
0.218273
0.2183
0.218324
0.218345
0.218365
0.218382
0.218397
0.218409
0.218419
0.218427
0.218432
0.218436
0.218437
0.218435
0.218432
0.218427
0.218419
0.21841
0.218398
0.218385
0.218369
0.218352
0.218333
0.218312
0.218289
0.218265
0.21824
0.218213
0.218184
0.218154
0.218123
0.218091
0.218057
0.218022
0.217987
0.21795
0.217913
0.217875
0.217836
0.217797
0.217757
0.217717
0.217677
0.217636
0.217595
0.217554
0.217513
0.217472
0.217432
0.217391
0.217351
0.217312
0.217273
0.217234
0.217197
0.21716
0.217123
0.217088
0.217054
0.217021
0.216989
0.216958
0.216929
0.216901
0.216875
0.21685
0.216826
0.216805
0.216785
0.216767
0.21675
0.216736
0.216724
0.216713
0.216705
0.216699
0.216695
0.216693
0.216694
0.216697
0.216702
0.216709
0.216719
0.216732
0.216747
0.216764
0.216784
0.216806
0.216831
0.216859
0.216889
0.216921
0.216957
0.216994
0.217035
0.217078
0.217123
0.217171
0.217221
0.217274
0.217329
0.217387
0.217447
0.21751
0.217575
0.217642
0.217711
0.217783
0.217857
0.217932
0.21801
0.21809
0.218172
0.218256
0.218341
0.218429
0.218518
0.218608
0.218701
0.218794
0.218889
0.218985
0.219083
0.219182
0.219281
0.219382
0.219484
0.219586
0.219689
0.219793
0.219897
0.220002
0.220107
0.220213
0.220318
0.220424
0.220529
0.220635
0.22074
0.220845
0.22095
0.221054
0.221158
0.221261
0.221363
0.221464
0.221564
0.221664
0.221762
0.221859
0.221955
0.222049
0.222142
0.222234
0.222324
0.222412
0.222498
0.222583
0.222665
0.222746
0.222824
0.222901
0.222975
0.223046
0.223116
0.223183
0.223247
0.223309
0.223369
0.223425
0.223479
0.22353
0.223579
0.223624
0.223667
0.223706
0.223743
0.223776
0.223806
0.223833
0.223857
0.223878
0.223896
0.22391
0.223921
0.223928
0.223932
0.223933
0.22393
0.223924
0.223914
0.223901
0.223885
0.223865
0.223841
0.223814
0.223784
0.223749
0.223712
0.223671
0.223626
0.223578
0.223526
0.223471
0.223412
0.22335
0.223284
0.223215
0.223143
0.223067
0.222988
0.222905
0.22282
0.222731
0.222638
0.222543
0.222444
0.222343
0.222238
0.22213
0.222019
0.221906
0.221789
0.22167
0.221548
0.221423
0.221296
0.221166
0.221033
0.220899
0.220761
0.220622
0.22048
0.220336
0.22019
0.220042
0.219893
0.219741
0.219588
0.219433
0.219276
0.219118
0.218958
0.218798
0.218636
0.218472
0.218308
0.218143
0.217977
0.21781
0.217643
0.217475
0.217307
0.217138
0.216969
0.2168
0.216631
0.216461
0.216292
0.216124
0.215955
0.215787
0.215619
0.215452
0.215286
0.215121
0.214956
0.214793
0.21463
0.214469
0.214309
0.21415
0.213993
0.213837
0.213683
0.213531
0.21338
0.213232
0.213085
0.212941
0.212798
0.212658
0.21252
0.212384
0.21225
0.212119
0.211991
0.211865
0.211742
0.211622
0.211504
0.211389
0.211277
0.211167
0.211061
0.210958
0.210857
0.21076
0.210666
0.210575
0.210487
0.210402
0.210321
0.210242
0.210167
0.210095
0.210027
0.209961
0.209899
0.209841
0.209785
0.209733
0.209684
0.209639
0.209596
0.209557
0.209522
0.209489
0.20946
0.209434
0.209412
0.209392
0.209376
0.209363
0.209353
0.209346
0.209342
0.209342
0.209344
0.20935
0.209358
0.20937
0.209384
0.209401
0.209422
0.209445
0.209471
0.209499
0.209531
0.209565
0.209601
0.209641
0.209682
0.209727
0.209774
0.209823
0.209875
0.209929
0.209985
0.210044
0.210105
0.210168
0.210233
0.210301
0.21037
0.210441
0.210514
0.21059
0.210666
0.210745
0.210825
0.210907
0.210991
0.211076
0.211163
0.211251
0.21134
0.211431
0.211523
0.211616
0.21171
0.211806
0.211902
0.212
0.212098
0.212197
0.212297
0.212397
0.212498
0.2126
0.212702
0.212805
0.212908
0.213011
0.213114
0.213218
0.213322
0.213425
0.213529
0.213633
0.213736
0.213839
0.213942
0.214044
0.214146
0.214247
0.214348
0.214448
0.214547
0.214645
0.214743
0.214839
0.214935
0.215029
0.215122
0.215214
0.215305
0.215394
0.215482
0.215568
0.215653
0.215736
0.215817
0.215896
0.215974
0.21605
0.216124
0.216196
0.216265
0.216333
0.216398
0.216462
0.216522
0.216581
0.216637
0.216691
0.216742
0.216791
0.216837
0.216881
0.216922
0.21696
0.216995
0.217028
0.217058
0.217085
0.21711
0.217131
0.21715
0.217165
0.217178
0.217188
0.217195
0.217199
0.217199
0.217197
0.217192
0.217184
0.217173
0.217159
0.217142
0.217122
0.2171
0.217074
0.217045
0.217013
0.216979
0.216941
0.216901
0.216858
0.216812
0.216764
0.216712
0.216658
0.216601
0.216542
0.21648
0.216415
0.216348
0.216279
0.216207
0.216133
0.216056
0.215977
0.215896
0.215813
0.215727
0.21564
0.21555
0.215459
0.215365
0.21527
0.215173
0.215074
0.214973
0.21487
0.214766
0.214661
0.214554
0.214445
0.214335
0.214224
0.214111
0.213997
0.213882
0.213766
0.213649
0.21353
0.213411
0.21329
0.213169
0.213046
0.212923
0.212799
0.212674
0.212548
0.212422
0.212295
0.212167
0.212039
0.21191
0.211781
0.211651
0.21152
0.211389
0.211258
0.211126
0.210993
0.210861
0.210727
0.210594
0.21046
0.210326
0.210192
0.210057
0.209922
0.209787
0.209651
0.209516
0.20938
0.209244
0.209107
0.208971
0.208834
0.208698
0.208561
0.208424
0.208287
0.20815
0.208012
0.207875
0.207738
0.207601
0.207464
0.207327
0.20719
0.207053
0.206916
0.206779
0.206643
0.206507
0.206371
0.206236
0.2061
0.205966
0.205831
0.205697
0.205564
0.205431
0.205299
0.205167
0.205037
0.204907
0.204778
0.204649
0.204522
0.204396
0.204271
0.204147
0.204024
0.203903
0.203783
0.203665
0.203548
0.203433
0.203319
0.203208
0.203098
0.20299
0.202885
0.202781
0.20268
0.202581
0.202485
0.202391
0.2023
0.202211
0.202126
0.202043
0.201964
0.201887
0.201814
0.201744
0.201678
0.201615
0.201556
0.2015
0.201449
0.201401
0.201357
0.201318
0.201282
0.201251
0.201224
0.201202
0.201184
0.201171
0.201162
0.201158
0.201159
0.201165
0.201176
0.201192
0.201213
0.201239
0.20127
0.201306
0.201347
0.201394
0.201446
0.201504
0.201566
0.201635
0.201708
0.201787
0.201871
0.201961
0.202056
0.202156
0.202262
0.202373
0.20249
0.202612
0.202738
0.202871
0.203008
0.203151
0.203298
0.203451
0.203608
0.203771
0.203938
0.20411
0.204286
0.204467
0.204653
0.204843
0.205037
0.205235
0.205438
0.205644
0.205854
0.206068
0.206286
0.206507
0.206731
0.206959
0.20719
0.207423
0.20766
0.207899
0.208141
0.208385
0.208632
0.208881
0.209131
0.209384
0.209638
0.209893
0.21015
0.210409
0.210668
0.210928
0.211189
0.211451
0.211713
0.211975
0.212238
0.2125
0.212763
0.213025
0.213286
0.213547
0.213808
0.214067
0.214325
0.214582
0.214838
0.215093
0.215345
0.215596
0.215845
0.216092
0.216337
0.21658
0.21682
0.217058
0.217293
0.217525
0.217754
0.217981
0.218204
0.218424
0.218641
0.218854
0.219064
0.21927
0.219473
0.219672
0.219866
0.220057
0.220244
0.220427
0.220606
0.22078
0.22095
0.221116
0.221277
0.221434
0.221586
0.221734
0.221877
0.222015
0.222149
0.222278
0.222402
0.222522
0.222636
0.222746
0.222851
0.222952
0.223047
0.223138
0.223224
0.223305
0.223382
0.223453
0.22352
0.223582
0.223639
0.223692
0.22374
0.223784
0.223823
0.223857
0.223887
0.223912
0.223934
0.22395
0.223963
0.223971
0.223976
0.223976
0.223972
0.223965
0.223954
0.223938
0.22392
0.223897
0.223872
0.223843
0.22381
0.223775
0.223736
0.223694
0.22365
0.223602
0.223552
0.2235
0.223444
0.223387
0.223327
0.223265
0.223201
0.223135
0.223067
0.222998
0.222927
0.222854
0.22278
0.222705
0.222628
0.222551
0.222472
0.222393
0.222313
0.222232
0.222151
0.222069
0.221988
0.221905
0.221823
0.221741
0.221659
0.221577
0.221495
0.221414
0.221333
0.221252
0.221172
0.221093
0.221015
0.220937
0.220861
0.220785
0.22071
0.220637
0.220564
0.220493
0.220423
0.220355
0.220287
0.220222
0.220157
0.220095
0.220033
0.219974
0.219916
0.219859
0.219804
0.219751
0.2197
0.21965
0.219602
0.219555
0.21951
0.219468
0.219426
0.219387
0.219349
0.219313
0.219278
0.219246
0.219215
0.219185
0.219157
0.219131
0.219107
0.219084
0.219062
0.219042
0.219024
0.219007
0.218991
0.218977
0.218965
0.218953
0.218943
0.218934
0.218927
0.21892
0.218915
0.218911
0.218908
0.218907
0.218906
0.218906
0.218907
0.21891
0.218913
0.218917
0.218922
0.218928
0.218934
0.218941
0.21895
0.218958
0.218968
0.218978
0.218989
0.219001
0.219013
0.219025
0.219039
0.219053
0.219067
0.219082
0.219098
0.219114
0.21913
0.219147
0.219165
0.219182
0.219201
0.21922
0.219239
0.219259
0.219279
0.219299
0.21932
0.219342
0.219364
0.219386
0.219409
0.219432
0.219455
0.219479
0.219504
0.219528
0.219553
0.219579
0.219605
0.219631
0.219658
0.219685
0.219713
0.219741
0.219769
0.219797
0.219827
0.219856
0.219886
0.219916
0.219946
0.219977
0.220008
0.22004
0.220072
0.220104
0.220136
0.220169
0.220201
0.220234
0.220268
0.220301
0.220334
0.220368
0.220402
0.220436
0.220469
0.220503
0.220537
0.220571
0.220605
0.220638
0.220671
0.220705
0.220738
0.22077
0.220803
0.220835
0.220867
0.220898
0.220929
0.220959
0.220989
0.221018
0.221046
0.221074
0.221101
0.221128
0.221153
0.221178
0.221202
0.221224
0.221246
0.221267
0.221286
0.221305
0.221322
0.221338
0.221353
0.221366
0.221378
0.221388
0.221397
0.221405
0.22141
0.221415
0.221417
0.221418
0.221417
0.221414
0.22141
0.221403
0.221395
0.221385
0.221372
0.221358
0.221342
0.221323
0.221302
0.22128
0.221255
0.221227
0.221198
0.221166
0.221132
0.221095
0.221057
0.221015
0.220972
0.220926
0.220877
0.220826
0.220773
0.220717
0.220659
0.220598
0.220534
0.220469
0.2204
0.220329
0.220256
0.22018
0.220101
0.22002
0.219936
0.21985
0.219762
0.219671
0.219577
0.219481
0.219383
0.219282
0.219179
0.219073
0.218965
0.218855
0.218742
0.218627
0.21851
0.218391
0.21827
0.218146
0.218021
0.217893
0.217763
0.217632
0.217498
0.217363
0.217226
0.217087
0.216947
0.216805
0.216661
0.216516
0.216369
0.216221
0.216071
0.215921
0.215769
0.215616
0.215462
0.215307
0.215151
0.214994
0.214837
0.214679
0.21452
0.214361
0.214201
0.214041
0.21388
0.21372
0.213559
0.213398
0.213238
0.213077
0.212916
0.212756
0.212596
0.212437
0.212278
0.21212
0.211963
0.211806
0.21165
0.211496
0.211342
0.211189
0.211038
0.210888
0.210739
0.210592
0.210446
0.210302
0.21016
0.21002
0.209881
0.209744
0.20961
0.209477
0.209347
0.209219
0.209093
0.20897
0.208849
0.208731
0.208616
0.208503
0.208393
0.208285
0.208181
0.208079
0.207981
0.207885
0.207793
0.207704
0.207618
0.207535
0.207456
0.20738
0.207307
0.207238
0.207172
0.20711
0.207051
0.206996
0.206945
0.206897
0.206853
0.206812
0.206775
0.206742
0.206713
0.206687
0.206665
0.206647
0.206632
0.206622
0.206615
0.206612
0.206612
0.206616
0.206624
0.206636
0.206651
0.20667
0.206692
0.206719
0.206748
0.206781
0.206818
0.206858
0.206902
0.206949
0.206999
0.207053
0.20711
0.20717
0.207233
0.2073
0.207369
0.207442
0.207517
0.207595
0.207676
0.20776
0.207847
0.207936
0.208028
0.208122
0.208218
0.208317
0.208419
0.208522
0.208627
0.208735
0.208845
0.208956
0.209069
0.209184
0.209301
0.20942
0.209539
0.209661
0.209783
0.209907
0.210032
0.210159
0.210286
0.210414
0.210543
0.210673
0.210804
0.210935
0.211067
0.2112
0.211333
0.211466
0.2116
0.211733
0.211867
0.212001
0.212135
0.212269
0.212403
0.212536
0.212669
0.212802
0.212934
0.213066
0.213197
0.213328
0.213457
0.213586
0.213715
0.213842
0.213968
0.214093
0.214218
0.214341
0.214462
0.214583
0.214702
0.21482
0.214936
0.215051
0.215164
0.215276
0.215386
0.215494
0.215601
0.215706
0.215809
0.21591
0.216009
0.216106
0.216201
0.216294
0.216385
0.216474
0.216561
0.216646
0.216728
0.216808
0.216886
0.216962
0.217035
0.217106
0.217174
0.21724
0.217303
0.217365
0.217423
0.217479
0.217533
0.217584
0.217633
0.217679
0.217722
0.217763
0.217801
0.217837
0.21787
0.217901
0.217929
0.217954
0.217977
0.217998
0.218016
0.218031
0.218044
0.218054
0.218061
0.218067
0.218069
0.21807
0.218068
0.218063
0.218056
0.218047
0.218035
0.218021
0.218005
0.217986
0.217966
0.217943
0.217918
0.217891
0.217861
0.21783
0.217797
0.217762
0.217725
0.217686
0.217646
0.217604
0.21756
0.217514
0.217467
0.217418
0.217368
0.217317
0.217264
0.21721
0.217154
0.217098
0.21704
0.216982
0.216922
0.216861
0.2168
0.216738
0.216675
0.216612
0.216548
0.216484
0.216419
0.216353
0.216288
0.216222
0.216156
0.21609
0.216024
0.215959
0.215893
0.215827
0.215762
0.215697
0.215633
0.215568
0.215505
0.215442
0.21538
0.215318
0.215258
0.215198
0.215139
0.215081
0.215024
0.214968
0.214913
0.21486
0.214808
0.214757
0.214707
0.214659
0.214613
0.214568
0.214524
0.214483
0.214442
0.214404
0.214367
0.214332
0.214299
0.214268
0.214238
0.214211
0.214185
0.214162
0.21414
0.214121
0.214103
0.214088
0.214074
0.214063
0.214054
0.214046
0.214041
0.214038
0.214038
0.214039
0.214042
0.214048
0.214056
0.214065
0.214077
0.214091
0.214107
0.214125
0.214145
0.214167
0.214191
0.214216
0.214244
0.214274
0.214305
0.214338
0.214373
0.214409
0.214448
0.214487
0.214529
0.214571
0.214616
0.214661
0.214708
0.214756
0.214806
0.214856
0.214908
0.21496
0.215014
0.215068
0.215123
0.215178
0.215235
0.215292
0.215349
0.215407
0.215465
0.215523
0.215581
0.21564
0.215698
0.215756
0.215814
0.215872
0.215929
0.215986
0.216043
0.216098
0.216153
0.216208
0.216261
0.216313
0.216365
0.216415
0.216464
0.216512
0.216558
0.216603
0.216646
0.216688
0.216728
0.216767
0.216803
0.216838
0.216871
0.216902
0.216931
0.216958
0.216982
0.217005
0.217025
0.217043
0.217058
0.217071
0.217082
0.21709
0.217096
0.2171
0.2171
0.217098
0.217094
0.217087
0.217077
0.217065
0.21705
0.217033
0.217013
0.21699
0.216965
0.216937
0.216906
0.216873
0.216837
0.216799
0.216758
0.216715
0.216669
0.216621
0.21657
0.216517
0.216462
0.216405
0.216345
0.216283
0.216219
0.216152
0.216084
0.216014
0.215942
0.215868
0.215792
0.215714
0.215635
0.215554
0.215472
0.215388
0.215303
0.215217
0.21513
0.215041
0.214951
0.214861
0.214769
0.214677
0.214584
0.21449
0.214396
0.214301
0.214206
0.214111
0.214016
0.21392
0.213824
0.213729
0.213633
0.213538
0.213444
0.213349
0.213255
0.213162
0.213069
0.212977
0.212886
0.212796
0.212707
0.212619
0.212533
0.212447
0.212363
0.21228
0.212199
0.212119
0.212041
0.211964
0.211889
0.211816
0.211745
0.211676
0.211609
0.211544
0.211481
0.21142
0.211362
0.211306
0.211252
0.2112
0.211151
0.211104
0.21106
0.211018
0.210979
0.210942
0.210908
0.210876
0.210847
0.210821
0.210797
0.210776
0.210758
0.210743
0.21073
0.210719
0.210712
0.210707
0.210705
0.210705
0.210708
0.210714
0.210722
0.210733
0.210747
0.210763
0.210781
0.210802
0.210825
0.210851
0.210879
0.21091
0.210942
0.210977
0.211014
0.211054
0.211095
0.211138
0.211184
0.211231
0.21128
0.211331
0.211383
0.211438
0.211494
0.211551
0.21161
0.21167
0.211732
0.211795
0.21186
0.211925
0.211992
0.212059
0.212128
0.212198
0.212268
0.212339
0.212411
0.212483
0.212556
0.21263
0.212704
0.212778
0.212853
0.212928
0.213003
0.213079
0.213154
0.21323
0.213305
0.213381
0.213456
0.213531
0.213606
0.21368
0.213755
0.213829
0.213902
0.213975
0.214048
0.21412
0.214191
0.214262
0.214332
0.214402
0.21447
0.214538
0.214606
0.214672
0.214738
0.214803
0.214867
0.21493
0.214992
0.215054
0.215114
0.215174
0.215232
0.21529
0.215346
0.215402
0.215456
0.21551
0.215562
0.215614
0.215665
0.215714
0.215762
0.21581
0.215856
0.215902
0.215946
0.21599
0.216032
0.216073
0.216114
0.216153
0.216191
0.216229
0.216265
0.2163
0.216335
0.216368
0.2164
0.216432
0.216462
0.216492
0.21652
0.216548
0.216574
0.2166
0.216625
0.216648
0.216671
0.216693
0.216714
0.216734
0.216753
0.216771
0.216788
0.216804
0.21682
0.216834
0.216847
0.21686
0.216871
0.216882
0.216892
0.2169
0.216908
0.216915
0.216921
0.216925
0.216929
0.216932
0.216934
0.216935
0.216935
0.216933
0.216931
0.216928
0.216924
0.216919
0.216912
0.216905
0.216897
0.216887
0.216877
0.216865
0.216853
0.216839
0.216825
0.216809
0.216792
0.216774
0.216755
0.216735
0.216714
0.216692
0.216669
0.216644
0.216619
0.216593
0.216565
0.216537
0.216507
0.216476
0.216445
0.216412
0.216378
0.216344
0.216308
0.216271
0.216234
0.216195
0.216156
0.216115
0.216074
0.216032
0.215989
0.215945
0.2159
0.215855
0.215808
0.215761
0.215713
0.215665
0.215616
0.215566
0.215516
0.215465
0.215413
0.215361
0.215308
0.215255
0.215201
0.215147
0.215093
0.215038
0.214983
0.214927
0.214871
0.214815
0.214759
0.214703
0.214646
0.214589
0.214533
0.214476
0.214419
0.214363
0.214306
0.214249
0.214193
0.214137
0.214081
0.214025
0.21397
0.213914
0.213859
0.213805
0.213751
0.213697
0.213644
0.213591
0.213539
0.213487
0.213436
0.213386
0.213336
0.213287
0.213239
0.213191
0.213144
0.213098
0.213052
0.213008
0.212964
0.212921
0.212879
0.212838
0.212798
0.212759
0.212721
0.212684
0.212648
0.212612
0.212578
0.212545
0.212513
0.212483
0.212453
0.212424
0.212397
0.21237
0.212345
0.212321
0.212298
0.212276
0.212256
0.212237
0.212218
0.212201
0.212185
0.212171
0.212157
0.212145
0.212134
0.212124
0.212115
0.212108
0.212102
0.212096
0.212092
0.21209
0.212088
0.212087
0.212088
0.212089
0.212092
0.212096
0.212101
0.212107
0.212114
0.212122
0.212131
0.212141
0.212152
