11.5194
11.5147
11.5081
11.4995
11.489
11.4765
11.4619
11.4452
11.4264
11.4054
11.3821
11.3565
11.3285
11.2979
11.2648
11.229
11.1903
11.1487
11.1041
11.0563
11.0053
10.9507
10.8926
10.8307
10.765
10.6952
10.6211
10.5427
10.4597
10.3721
10.2796
10.1822
10.0796
9.97193
9.859
9.74079
9.61732
9.48865
9.35489
9.21621
9.07286
8.92516
8.7735
8.61837
8.46033
8.30001
8.13815
7.9755
7.81291
7.65123
7.49135
7.33413
7.18042
7.03105
6.88676
6.74823
6.61607
6.49077
6.37276
6.26236
6.1598
6.06524
5.97873
5.90027
5.8298
5.76719
5.71225
5.66476
5.62446
5.59105
5.56421
5.5436
5.52883
5.51955
5.51535
5.51585
5.52065
5.52935
5.54157
5.55693
5.57504
5.59554
5.6181
5.64236
5.66801
5.69474
5.72227
5.75033
5.77865
5.807
5.83516
5.86292
5.8901
5.91652
5.94202
5.96646
5.98972
6.01168
6.03224
6.05132
6.06885
6.08478
6.09906
6.11166
6.12258
6.13181
6.13937
6.14529
6.14962
6.15243
6.15379
6.1538
6.15257
6.15022
6.14691
6.14279
6.13801
6.13274
6.12715
6.1214
6.11566
6.11006
6.10474
6.0998
6.09534
6.0914
6.08803
6.08525
6.08305
6.08142
6.08032
6.0797
6.07953
6.07975
6.08033
6.0812
6.08234
6.08371
6.08528
6.08704
6.08897
6.09106
6.09329
6.09566
6.09816
6.10079
6.10353
6.10638
6.10931
6.1123
6.11535
6.11843
6.12152
6.1246
6.12765
6.13065
6.13359
6.13646
6.13926
6.14197
6.14459
6.14713
6.14957
6.15194
6.15423
6.15645
6.15861
6.16071
6.16277
6.16479
6.16679
6.16878
6.17076
6.17275
6.17475
6.17677
6.17881
6.18087
6.18294
6.18502
6.18709
6.18913
6.19113
6.19306
6.19491
6.19665
6.19826
6.19972
6.201
6.20209
6.20297
6.20364
6.20407
6.20426
6.2042
6.20388
6.20331
6.20247
6.20137
6.20001
6.19839
6.19651
6.19436
6.19197
6.18932
6.18643
6.18331
6.17996
6.17641
6.17265
6.16873
6.16464
6.16043
6.1561
6.15171
6.14726
6.1428
6.13835
6.13395
6.12962
6.1254
6.12131
6.11738
6.11364
6.11012
6.10684
6.10383
6.10112
6.09873
6.09669
6.09503
6.09377
6.09294
6.09256
6.09265
6.09323
6.09432
6.09591
6.09803
6.10066
6.10382
6.10748
6.11165
6.1163
6.12141
6.12697
6.13293
6.13928
6.14597
6.15297
6.16024
6.16773
6.1754
6.1832
6.19107
6.19898
6.20687
6.21468
6.22236
6.22988
6.23717
6.2442
6.25093
6.25732
6.26335
6.269
6.27423
6.27904
6.28342
6.28737
6.29088
6.29396
6.29661
6.29885
6.30069
6.30214
6.30323
6.30399
6.30443
6.30459
6.30452
6.30424
6.30381
6.30327
6.30266
6.30204
6.30143
6.30087
6.3004
6.30002
6.29975
6.29957
6.29947
6.29944
6.29944
6.29943
6.29937
6.29923
6.29897
6.29855
6.29795
6.29713
6.29609
6.2948
6.29325
6.29143
6.28934
6.28697
6.28432
6.28137
6.27812
6.27457
6.27069
6.2665
6.26196
6.25709
6.25188
6.24633
6.24045
6.23425
6.22776
6.22099
6.214
6.20682
6.19952
6.19215
6.18479
6.17752
6.17042
6.16358
6.15707
6.151
6.14543
6.14044
6.13608
6.13241
6.12946
6.12724
6.12576
6.12499
6.1249
6.12545
6.12656
6.12816
6.13018
6.13251
6.13507
6.13776
6.14049
6.14316
6.14569
6.148
6.15
6.15164
6.15286
6.1536
6.15383
6.15352
6.15266
6.15123
6.14925
6.14673
6.14369
6.14018
6.13625
6.13194
6.12732
6.12246
6.11743
6.1123
6.10714
6.10202
6.097
6.09213
6.08748
6.08308
6.07898
6.0752
6.07177
6.06871
6.06603
6.06376
6.06191
6.06047
6.05947
6.05891
6.0588
6.05913
6.05991
6.06113
6.0628
6.06488
6.06737
6.07024
6.07346
6.07699
6.08079
6.08481
6.08899
6.09329
6.09765
6.102
6.10629
6.11046
6.11446
6.11823
6.12173
6.12492
6.12776
6.13022
6.13229
6.13393
6.13515
6.13595
6.13632
6.13628
6.13585
6.13505
6.13392
6.13249
6.1308
6.1289
6.12685
6.12468
6.12245
6.12022
6.11803
6.11593
6.11396
6.11215
6.11054
6.10914
6.10797
6.10704
6.10633
6.10586
6.10558
6.1055
6.10556
6.10575
6.10602
6.10633
6.10665
6.10692
6.10712
6.10719
6.10711
6.10685
6.10636
6.10564
6.10466
6.1034
6.10185
6.10001
6.09788
6.09545
6.09273
6.08974
6.08648
6.08298
6.07924
6.07529
6.07116
6.06687
6.06247
6.05797
6.05341
6.04884
6.04429
6.03981
6.03541
6.03116
6.02707
6.02318
6.01951
6.01609
6.01293
6.01003
6.0074
6.00502
6.0029
6.001
5.99931
5.9978
5.99644
5.99521
5.99408
5.99303
5.99206
5.99114
5.99029
5.98951
5.98885
5.98832
5.98797
5.98787
5.98807
5.98863
5.98962
5.99108
5.99306
5.99558
5.99866
6.00229
6.00644
6.01107
6.01613
6.02154
6.02724
6.03317
6.03926
6.04545
6.0517
6.05797
6.06425
6.07052
6.07678
6.08303
6.08927
6.09553
6.1018
6.1081
6.11442
6.12076
6.12711
6.13345
6.13975
6.14598
6.15211
6.15807
6.16383
6.16933
6.17452
6.17935
6.18376
6.18772
6.19118
6.19411
6.19649
6.1983
6.19954
6.20022
6.20034
6.19993
6.19901
6.19761
6.19578
6.19355
6.19098
6.1881
6.18495
6.18159
6.17804
6.17436
6.17058
6.16673
6.16285
6.15895
6.15508
6.15125
6.1475
6.14383
6.14028
6.13687
6.13361
6.13053
6.12765
6.125
6.12258
6.12041
6.11852
6.11691
6.1156
6.11459
6.11388
6.11348
6.11339
6.11359
6.11407
6.11482
6.11582
6.11704
6.11846
6.12004
6.12177
6.12361
6.12553
6.12749
6.12947
6.13143
6.13335
6.13521
6.13698
6.13864
6.14017
6.14156
6.14281
6.14389
6.1448
6.14555
6.14613
6.14653
6.14675
6.14681
6.14669
6.1464
6.14594
6.1453
6.14449
6.14349
6.14232
6.14096
6.13941
6.13768
6.13576
6.13366
6.13139
6.12895
6.12638
6.12369
6.12092
6.11811
6.11529
6.11253
6.10988
6.10739
6.10512
6.10315
6.10151
6.10026
6.09944
6.09908
6.09921
6.09984
6.10095
6.10255
6.10459
6.10705
6.10988
6.11304
6.11646
6.1201
6.12391
6.12783
6.13183
6.13587
6.13992
6.14396
6.14797
6.15196
6.15591
6.15983
6.16373
6.1676
6.17147
6.17531
6.17913
6.18291
6.18664
6.19028
6.19379
6.19712
6.20023
6.20307
6.20556
6.20765
6.20929
6.21042
6.21099
6.21096
6.2103
6.209
6.20702
6.20438
6.20108
6.19712
6.19254
6.18736
6.1816
6.17532
6.16853
6.16129
6.15363
6.14559
6.13721
6.12853
6.11957
6.11037
6.10096
6.09138
6.08163
6.07177
6.0618
6.05177
6.04169
6.0316
6.02153
6.01152
6.00159
5.9918
5.98217
5.97277
5.96362
5.95479
5.94633
5.93828
5.9307
5.92366
5.9172
5.91138
5.90627
5.90192
5.8984
5.89575
5.89404
5.89331
5.89361
5.89497
5.89742
5.90098
5.90563
5.91137
5.91817
5.92597
5.93473
5.94436
5.95478
5.96589
5.9776
5.98978
6.00234
6.01516
6.02814
6.04118
6.05417
6.06704
6.07971
6.09211
6.10418
6.11587
6.12715
6.13797
6.14831
6.15817
6.16751
6.17634
6.18465
6.19244
6.19971
6.20646
6.2127
6.21843
6.22366
6.2284
6.23266
6.23643
6.23974
6.2426
6.24503
6.24703
6.24863
6.24984
6.25069
6.2512
6.25139
6.25129
6.2509
6.25026
6.24937
6.24825
6.24691
6.24535
6.24359
6.24161
6.23942
6.23701
6.23438
6.23152
6.22843
6.22511
6.22155
6.21777
6.21377
6.20957
6.20517
6.2006
6.19587
6.19102
6.18607
6.18105
6.17597
6.17087
6.16577
6.16069
6.15564
6.15064
6.1457
6.14081
6.13597
6.13116
6.12638
6.1216
6.11679
6.11191
6.10694
6.10184
6.09655
6.09106
6.0853
6.07926
6.07288
6.06614
6.05901
6.05147
6.0435
6.0351
6.02626
6.01698
6.00729
5.99719
5.98672
5.97591
5.9648
5.95343
5.94186
5.93013
5.91831
5.90646
5.89465
5.88293
5.87139
5.86007
5.84907
5.83844
5.82825
5.81856
5.80945
5.80098
5.79319
5.78614
5.77989
5.77446
5.7699
5.76623
5.76347
5.76163
5.76071
5.76073
5.76165
5.76347
5.76617
5.76972
5.77409
5.77924
5.78514
5.79175
5.79903
5.80691
5.81537
5.82434
5.83376
5.84358
5.85375
5.86418
5.87483
5.88562
5.89648
5.90735
5.91816
5.92885
5.93933
5.94956
5.95946
5.96897
5.97804
5.98661
5.99463
6.00206
6.00885
6.01497
6.02039
6.0251
6.02907
6.0323
6.03478
6.03652
6.03752
6.0378
6.03737
6.03625
6.03447
6.03203
6.02898
6.02532
6.0211
6.01634
6.01106
6.00532
5.99913
5.99255
5.98561
5.97837
5.97088
5.9632
5.95539
5.94752
5.93967
5.93191
5.92433
5.91701
5.91005
5.90353
5.89754
5.89218
5.88752
5.88365
5.88064
5.87855
5.87743
5.87732
5.87824
5.8802
5.8832
5.88722
5.89221
5.89813
5.90493
5.91254
5.92088
5.92988
5.93946
5.94954
5.96003
5.97087
5.98199
5.99331
6.00478
6.01634
6.02795
6.03956
6.05113
6.06264
6.07406
6.08537
6.09656
6.10762
6.11854
6.12933
6.13998
6.15051
6.16093
6.17124
6.18147
6.19162
6.20172
6.21177
6.22178
6.23176
6.2417
6.2516
6.26144
6.27121
6.28087
6.29038
6.29972
6.30883
6.31766
6.32617
6.3343
6.342
6.34921
6.35589
6.36199
6.36746
6.37227
6.37638
6.37976
6.38238
6.38422
6.38527
6.38551
6.38493
6.38355
6.38136
6.37839
6.37464
6.37016
6.36498
6.35915
6.35273
6.34578
6.33838
6.33062
6.32258
6.31435
6.30606
6.29778
6.28963
6.28171
6.2741
6.2669
6.26017
6.25397
6.24836
6.24337
6.23902
6.23531
6.23225
6.22981
6.22797
6.22669
6.22595
6.2257
6.2259
6.22651
6.22747
6.22874
6.23028
6.23205
6.23399
6.23607
6.23823
6.24044
6.24264
6.24479
6.24684
6.24876
6.25049
6.252
6.25325
6.25419
6.25479
6.25501
6.25483
6.25422
6.25315
6.2516
6.24956
6.24703
6.24399
6.24045
6.23641
6.2319
6.22693
6.22152
6.21571
6.20953
6.20303
6.19625
6.18923
6.18203
6.17469
6.16729
6.15986
6.15246
6.14515
6.13798
6.131
6.12425
6.11779
6.11165
6.10587
6.10049
6.09554
6.09104
6.08702
6.08349
6.08047
6.07796
6.07597
6.07449
6.07351
6.07301
6.07298
6.07339
6.07421
6.0754
6.07693
6.07874
6.08079
6.08302
6.08538
6.08781
6.09025
6.09263
6.09491
6.09701
6.09887
6.10045
6.10169
6.10253
6.10294
6.10288
6.10232
6.10125
6.09964
6.09749
6.09481
6.09162
6.08794
6.0838
6.07924
6.07431
6.06906
6.06357
6.05788
6.05208
6.04623
6.0404
6.03466
6.02907
6.02372
6.01864
6.01391
6.00956
6.00565
6.00222
5.99929
5.99691
5.99509
5.99385
5.99321
5.99317
5.99374
5.99491
5.99665
5.99895
6.00177
6.00507
6.0088
6.0129
6.0173
6.02195
6.02677
6.0317
6.03668
6.04164
6.04655
6.05136
6.05605
6.06058
6.06495
6.06916
6.0732
6.0771
6.08085
6.08446
6.08794
6.09129
6.0945
6.09755
6.10039
6.103
6.10531
6.10727
6.10879
6.10982
6.11027
6.11008
6.10919
6.10754
6.10508
6.1018
6.09766
6.09267
6.08684
6.0802
6.07278
6.06464
6.05583
6.04642
6.03649
6.02611
6.01538
6.00439
5.9932
5.98193
5.97064
5.95941
5.94832
5.93744
5.92681
5.9165
5.90654
5.89697
5.8878
5.87905
5.87072
5.86282
5.85533
5.84824
5.84153
5.83519
5.82919
5.82351
5.81814
5.81306
5.80826
5.80372
5.79946
5.79545
5.79172
5.78827
5.7851
5.78224
5.7797
5.77749
5.77563
5.77413
5.773
5.77225
5.77189
5.77193
5.77236
5.77319
5.7744
5.77601
5.77799
5.78033
5.78303
5.78607
5.78944
5.79313
5.79711
5.80139
5.80594
5.81077
5.81588
5.82125
5.8269
5.83284
5.83906
5.8456
5.85246
5.85965
5.8672
5.87512
5.88342
5.89211
5.9012
5.91068
5.92056
5.93082
5.94145
5.95242
5.96371
5.97527
5.98707
5.99907
6.0112
6.02342
6.03567
6.04789
6.06002
6.07199
6.08375
6.09524
6.10639
6.11716
6.12749
6.13733
6.14662
6.15532
6.16337
6.17074
6.17738
6.18324
6.18829
6.1925
6.19582
6.19824
6.19974
6.20031
6.19994
6.19866
6.19647
6.1934
6.18949
6.18478
6.17932
6.17317
6.16638
6.15902
6.15116
6.14286
6.1342
6.12525
6.11607
6.10674
6.09731
6.08787
6.07846
6.06916
6.06002
6.0511
6.04245
6.03412
6.02616
6.01862
6.01153
6.00494
5.99886
5.99333
5.98836
5.98395
5.98011
5.97685
5.97413
5.97197
5.97032
5.96919
5.96854
5.96836
5.96864
5.96935
5.9705
5.97206
5.97402
5.97639
5.97915
5.98228
5.98578
5.98961
5.99378
5.99824
6.00298
6.00798
6.01322
6.01867
6.02433
6.03019
6.03625
6.04249
6.04893
6.05557
6.06241
6.06946
6.07671
6.08416
6.0918
6.09962
6.10758
6.11566
6.12383
6.13203
6.14023
6.14835
6.15635
6.16415
6.17169
6.1789
6.1857
6.19203
6.19783
6.20301
6.20753
6.21132
6.21434
6.21655
6.2179
6.21837
6.21796
6.21665
6.21444
6.21136
6.20743
6.20269
6.19717
6.19095
6.18407
6.1766
6.16861
6.16017
6.15135
6.14222
6.13283
6.12324
6.1135
6.10364
6.09371
6.08371
6.07367
6.06359
6.05348
6.04335
6.03319
6.02301
6.01282
6.00261
5.99241
5.98223
5.97209
5.96201
5.95202
5.94215
5.93244
5.92292
5.91362
5.90459
5.89587
5.88749
5.87949
5.8719
5.86475
5.85808
5.85191
5.84625
5.84114
5.83658
5.83258
5.82916
5.82631
5.82403
5.82233
5.8212
5.82063
5.82061
5.82112
5.82215
5.82369
5.82571
5.8282
5.83113
5.83448
5.83822
5.84233
5.84676
5.85148
5.85645
5.86164
5.86699
5.87245
5.87798
5.88352
5.889
5.89438
5.89959
5.90458
5.90928
5.91365
5.91762
5.92115
5.92419
5.9267
5.92865
5.93001
5.93076
5.93089
5.9304
5.92931
5.92762
5.92539
5.92266
5.91947
5.91591
5.91205
5.90798
5.9038
5.89961
5.89551
5.89161
5.88802
5.88483
5.88213
5.88001
5.87853
5.87776
5.87773
5.87847
5.87998
5.88226
5.88528
5.88901
5.89338
5.89834
5.90381
5.9097
5.91594
5.92244
5.92913
5.93593
5.94277
5.9496
5.95637
5.96304
5.96959
5.976
5.98225
5.98833
5.99425
5.99999
6.00555
6.01091
6.01607
6.021
6.02567
6.03004
6.03408
6.03774
6.04097
6.04371
6.04592
6.04754
6.04852
6.04883
6.04845
6.04734
6.04551
6.04296
6.03972
6.03582
6.03131
6.02625
6.02073
6.01482
6.00863
6.00226
5.9958
5.98937
5.98307
5.97699
5.97122
5.96585
5.96094
5.95656
5.95273
5.9495
5.94688
5.94488
5.94348
5.94267
5.94242
5.94269
5.94344
5.94462
5.94618
5.94807
5.95024
5.95263
5.9552
5.95792
5.96074
5.96364
5.96659
5.96957
5.97259
5.97565
5.97873
5.98187
5.98507
5.98834
5.99172
5.99521
5.99883
6.00259
6.00651
6.0106
6.01484
6.01923
6.02376
6.0284
6.03315
6.03796
6.04281
6.04766
6.05247
6.05722
6.06187
6.06638
6.07072
6.07487
6.07879
6.08247
6.08588
6.08901
6.09185
6.09439
6.09664
6.09858
6.10024
6.10163
6.10277
6.10369
6.10444
6.10506
6.10561
6.10615
6.10674
6.10745
6.10837
6.10955
6.11106
6.11296
6.11528
6.11807
6.12133
6.12506
6.12926
6.13387
6.13887
6.14418
6.14975
6.15548
6.16131
6.16716
6.17294
6.17858
6.18403
6.18921
6.19407
6.19858
6.2027
6.2064
6.20965
6.21245
6.21476
6.2166
6.21793
6.21876
6.21908
6.21886
6.2181
6.21679
6.21492
6.21246
6.20942
6.20578
6.20154
6.1967
6.19127
6.18526
6.17869
6.17159
6.164
6.15595
6.14751
6.13875
6.12972
6.12051
6.11121
6.1019
6.09267
6.08361
6.07481
6.06635
6.05831
6.05075
6.04373
6.0373
6.03149
6.02633
6.02184
6.01801
6.01486
6.01237
6.01054
6.00935
6.00877
6.0088
6.00941
6.01057
6.01227
6.01447
6.01714
6.02026
6.02381
6.02773
6.03202
6.03662
6.0415
6.04664
6.05198
6.05749
6.06312
6.06885
6.07462
6.08039
6.08613
6.09177
6.09728
6.10262
6.10774
6.11259
6.11714
6.12134
6.12517
6.12858
6.13156
6.13407
6.1361
6.13765
6.1387
6.13926
6.13935
6.13897
6.13814
6.13691
6.1353
6.13334
6.13108
6.12856
6.12582
6.1229
6.11985
6.11671
6.11351
6.1103
6.1071
6.10394
6.10085
6.09784
6.09494
6.09216
6.08951
6.08698
6.08459
6.08233
6.0802
6.07817
6.07623
6.07436
6.07254
6.07071
6.06885
6.06692
6.06486
6.06262
6.06015
6.05741
6.05434
6.0509
6.04706
6.04279
6.03808
6.03292
6.02733
6.02133
6.01495
6.00827
6.00133
5.99422
5.98702
5.97982
5.97269
5.96572
5.959
5.95257
5.9465
5.94082
5.93555
5.93071
5.9263
5.92231
5.91871
5.91548
5.91262
5.91008
5.90785
5.90591
5.90425
5.90285
5.90171
5.90082
5.90017
5.89977
5.8996
5.89966
5.89994
5.90043
5.90111
5.90197
5.90298
5.90411
5.90535
5.90664
5.90796
5.90927
5.91053
5.91168
5.9127
5.91352
5.9141
5.9144
5.91437
5.91395
5.91309
5.91176
5.90989
5.90744
5.90437
5.90063
5.89617
5.89097
5.88499
5.87821
5.87061
5.86218
5.85294
5.84289
5.83207
5.82052
5.80831
5.7955
5.78219
5.76847
5.75446
5.74028
5.72607
5.71195
5.69807
5.68456
5.67156
5.65921
5.64761
5.6369
5.62715
5.61847
5.6109
5.60451
5.59933
5.59537
5.59265
5.59113
5.59081
5.59163
5.59356
5.59655
5.60052
5.60543
5.6112
5.61778
5.6251
5.63311
5.64174
5.65094
5.66066
5.67084
5.68144
5.69241
5.70369
5.71524
5.72699
5.73891
5.75092
5.76297
5.77498
5.78691
5.79866
5.81018
5.8214
5.83223
5.84261
5.85246
5.86173
5.87035
5.87827
5.88542
5.89178
5.8973
5.90195
5.90573
5.90862
5.91062
5.91174
5.91201
5.91146
5.91012
5.90804
5.90529
5.90192
5.89801
5.89364
5.8889
5.88389
5.8787
5.87345
5.86824
5.8632
5.85845
5.8541
5.85028
5.8471
5.84466
5.84307
5.8424
5.84271
5.84406
5.84647
5.84992
5.85442
5.85992
5.86636
5.87368
5.88181
5.89066
5.90017
5.91024
5.92082
5.93183
5.94322
5.95495
5.96698
5.97929
5.99184
6.00462
6.01761
6.03077
6.04408
6.05748
6.07092
6.08432
6.09759
6.11064
6.12335
6.13561
6.1473
6.15831
6.16853
6.17786
6.18623
6.19356
6.19981
6.20494
6.20893
6.21181
6.21358
6.21427
6.21395
6.21268
6.21052
6.20756
6.2039
6.19962
6.19483
6.18963
6.18412
6.17841
6.1726
6.16679
6.16108
6.15555
6.15029
6.14537
6.14087
6.13683
6.1333
6.13031
6.12788
6.12601
6.1247
6.12391
6.12364
6.12383
6.12445
6.12546
6.1268
6.12843
6.13031
6.13239
6.13464
6.13702
6.13951
6.14206
6.14466
6.14728
6.14989
6.15248
6.15501
6.15749
6.15987
6.16214
6.16429
6.16629
6.16813
6.16979
6.17125
6.17249
6.17351
6.17428
6.17478
6.17501
6.17495
6.17457
6.17388
6.17283
6.17143
6.16965
6.16747
6.16488
6.16186
6.15839
6.15445
6.15003
6.14512
6.1397
6.13376
6.12729
6.1203
6.11277
6.1047
6.09611
6.087
6.07738
6.06727
6.0567
6.04568
6.03425
6.02244
6.0103
5.99787
5.9852
5.97235
5.95937
5.94632
5.93327
5.92027
5.90738
5.89467
5.88221
5.87004
5.85823
5.84683
5.8359
5.82548
5.81564
5.8064
5.79781
5.78992
5.78276
5.77636
5.77074
5.76594
5.76196
5.75881
5.7565
5.75502
5.75436
5.75451
5.75544
5.75714
5.75956
5.76268
5.76646
5.77087
5.77588
5.78143
5.78751
5.79406
5.80105
5.80844
5.8162
5.82427
5.83263
5.84123
5.85002
5.85896
5.86803
5.87716
5.88633
5.89549
5.90462
5.91368
5.92264
5.93149
5.9402
5.94875
5.95713
5.96533
5.97336
5.98119
5.98884
5.99631
6.00359
6.01068
6.0176
6.02434
6.0309
6.03729
6.0435
6.04953
6.05538
6.06104
6.06651
6.07179
6.07686
6.08172
6.08637
6.0908
6.095
6.09898
6.10273
6.10625
6.10955
6.11263
6.1155
6.11816
6.12062
6.1229
6.12501
6.12696
6.12876
6.13042
6.13196
6.13339
6.13472
6.13595
6.13711
6.13818
6.13919
6.14012
6.14098
6.14177
6.14249
6.14313
6.14367
6.14413
6.14449
6.14474
6.14488
6.14491
6.14482
6.14462
6.14432
6.14393
6.14346
6.14293
6.14236
6.14179
6.14125
6.14077
6.14038
6.14013
6.14004
6.14017
6.14055
6.14119
6.14215
6.14342
6.14504
6.147
6.14932
6.15197
6.15496
6.15824
6.1618
6.1656
6.1696
6.17374
6.17799
6.18228
6.18657
6.1908
6.19492
6.19887
6.2026
6.20605
6.20918
6.21193
6.21425
6.2161
6.21743
6.21819
6.21834
6.21784
6.21666
6.21477
6.21214
6.20878
6.20467
6.19983
6.19429
6.18808
6.18126
6.17389
6.16605
6.15784
6.14935
6.14069
6.13199
6.12336
6.11492
6.10679
6.09908
6.09188
6.08529
6.07937
6.07419
6.06979
6.0662
6.06342
6.06145
6.06028
6.05989
6.06023
6.06127
6.06296
6.06525
6.06809
6.07143
6.07521
6.07938
6.08389
6.08869
6.09372
6.09894
6.10429
6.10973
6.11521
6.12069
6.12612
6.13146
6.13667
6.14172
6.14657
6.15119
6.15556
6.15964
6.16342
6.16688
6.17001
6.1728
6.17525
6.17735
6.17911
6.18053
6.18161
6.18237
6.1828
6.18294
6.18277
6.18233
6.18161
6.18064
6.17943
6.178
6.17636
6.17453
6.17253
6.17038
6.16811
6.16574
6.16329
6.16079
6.15827
6.15575
6.15326
6.15083
6.14848
6.14623
6.14411
6.14213
6.14032
6.13868
6.13722
6.13594
6.13486
6.13397
6.13326
6.13271
6.13233
6.13209
6.13196
6.13195
6.13201
6.13214
6.13231
6.13251
6.13271
6.13292
6.13313
6.13333
6.13353
6.13375
6.134
6.1343
6.13471
6.13524
6.13594
6.13686
6.13804
6.13953
6.14137
6.1436
6.14625
6.14933
6.15285
6.15679
6.16114
6.16585
6.17087
6.17611
6.1815
6.18695
6.19236
6.19763
6.20265
6.20733
6.21158
6.21532
6.21848
6.22098
6.22279
6.22387
6.22419
6.22373
6.22248
6.22046
6.21768
6.21416
6.20993
6.20503
6.1995
6.19342
6.18683
6.1798
6.17242
6.16477
6.15694
6.14901
6.1411
6.1333
6.12571
6.11843
6.11155
6.10516
6.09932
6.09412
6.08958
6.08575
6.08263
6.08023
6.07852
6.07747
6.07702
6.07712
6.07769
6.07865
6.07992
6.08141
6.08304
6.08473
6.08641
6.088
6.08945
6.09072
6.09175
6.09253
6.09302
6.09324
6.09317
6.09283
6.09222
6.09139
6.09034
6.08912
6.08775
6.08627
6.0847
6.08308
6.08143
6.07977
6.07812
6.07647
6.07485
6.07324
6.07163
6.07004
6.06842
6.06679
6.06511
6.06338
6.06158
6.05969
6.0577
6.0556
6.05339
6.05105
6.04858
6.04599
6.04327
6.04041
6.03744
6.03434
6.03112
6.02781
6.02439
6.02089
6.01733
6.01372
6.01008
6.00645
6.00284
5.99928
5.99581
5.99245
5.98921
5.98612
5.98318
5.98038
5.97771
5.97515
5.97266
5.9702
5.96772
5.96516
5.96249
5.95964
5.95658
5.95328
5.94972
5.94591
5.94185
5.93759
5.93317
5.92867
5.92417
5.91976
5.91555
5.91164
5.90812
5.90509
5.90263
5.9008
5.89963
5.89914
5.89934
5.9002
5.90168
5.90373
5.9063
5.90932
5.91273
5.91648
5.92052
5.9248
5.9293
5.93398
5.93883
5.94385
5.94903
5.95439
5.95992
5.96565
5.97158
5.97773
5.98411
5.99071
5.99755
6.00462
6.0119
6.01937
6.02701
6.03478
6.04263
6.05052
6.05838
6.06615
6.07376
6.08114
6.08823
6.09496
6.10126
6.10706
6.11233
6.117
6.12104
6.12442
6.12711
6.1291
6.13039
6.13098
6.13086
6.13007
6.12862
6.12654
6.12386
6.12061
6.11683
6.11256
6.10785
6.10273
6.09725
6.09146
6.08541
6.07913
6.07269
6.06612
6.05948
6.05282
6.04619
6.03965
6.03324
6.02702
6.02105
6.01537
6.01004
6.00512
6.00064
5.99665
5.9932
5.99033
5.98805
5.98641
5.98542
5.98509
5.98544
5.98648
5.98819
5.99058
5.99363
5.99732
6.00163
6.00654
6.01202
6.01804
6.02455
6.03154
6.03894
6.04674
6.05488
6.06332
6.07202
6.08093
6.09003
6.09926
6.10859
6.11797
6.12737
6.13677
6.14611
6.15537
6.16453
6.17355
6.18241
6.19108
6.19953
6.20774
6.21569
6.22335
6.2307
6.23771
6.24436
6.25062
6.25649
6.26192
6.26691
6.27144
6.27549
6.27904
6.2821
6.28465
6.28669
6.28821
6.28923
6.28974
6.28976
6.28928
6.28832
6.28689
6.285
6.28266
6.27988
6.27666
6.27302
6.26895
6.26447
6.25957
6.25425
6.24852
6.24235
6.23576
6.22874
6.22127
6.21336
6.205
6.1962
6.18696
6.17729
6.16721
6.15675
6.14595
6.13484
6.12349
6.11196
6.10031
6.08865
6.07704
6.06558
6.05438
6.04353
6.03312
6.02324
6.01399
6.00543
5.99763
5.99064
5.98451
5.97925
5.97488
5.97138
5.96874
5.96692
5.96589
5.96558
5.96593
5.96687
5.96834
5.97025
5.97254
5.97512
5.97792
5.98089
5.98395
5.98704
5.99013
5.99317
5.99611
5.99895
6.00164
6.0042
6.00659
6.00883
6.01092
6.01287
6.01469
6.01638
6.01798
6.01949
6.02093
6.02232
6.02369
6.02504
6.02641
6.02781
6.02925
6.03076
6.03235
6.03403
6.03581
6.03771
6.03972
6.04184
6.04408
6.04642
6.04884
6.05135
6.0539
6.05648
6.05906
6.06161
6.0641
6.06651
6.0688
6.07095
6.07293
6.07472
6.07632
6.0777
6.07886
6.07979
6.0805
6.08098
6.08125
6.08132
6.08118
6.08087
6.08039
6.07976
6.07899
6.0781
6.07711
6.07603
6.07489
6.07371
6.0725
6.07129
6.07009
6.06893
6.06783
6.0668
6.06586
6.06503
6.06431
6.06372
6.06327
6.06295
6.06278
6.06273
6.06282
6.06303
6.06335
6.06377
6.06428
6.06486
6.0655
6.06618
6.06689
6.06762
6.06835
6.06907
6.06975
6.07039
6.07096
6.07145
6.07184
6.0721
6.07222
6.07217
6.07193
6.0715
6.07085
6.06997
6.06886
6.06751
6.06592
6.06411
6.06209
6.05987
6.05747
6.05492
6.05226
6.0495
6.04668
6.04384
6.04101
6.03823
6.03552
6.03292
6.03046
6.02817
6.02608
6.02421
6.0226
6.02127
6.02024
6.01953
6.01917
6.01916
6.01953
6.02029
6.02144
6.023
6.02497
6.02734
6.03012
6.0333
6.03686
6.04081
6.04511
6.04977
6.05476
6.06008
6.06571
6.07164
6.07788
6.08443
6.09127
6.09843
6.1059
6.11368
6.12178
6.13018
6.13888
6.14784
6.15702
6.16637
6.17582
6.1853
6.19471
6.20396
6.21295
6.22159
6.22976
6.23739
6.24438
6.25066
6.25616
6.26083
6.26461
6.26747
6.26938
6.27032
6.27028
6.26926
6.26726
6.2643
6.2604
6.25558
6.2499
6.24339
6.23611
6.22814
6.21954
6.21041
6.20083
6.19089
6.1807
6.17033
6.1599
6.14947
6.13911
6.12889
6.11886
6.10905
6.09947
6.09014
6.08106
6.07222
6.06362
6.05524
6.04708
6.03913
6.03139
6.02388
6.0166
6.00958
6.00284
5.99641
5.99032
5.9846
5.97927
5.97437
5.96992
5.96594
5.96244
5.95943
5.95692
5.95492
5.95341
5.95241
5.95191
5.9519
5.95239
5.95337
5.95485
5.95681
5.95925
5.96217
5.96556
5.9694
5.97367
5.97835
5.98341
5.98881
5.99452
6.00049
6.00666
6.01299
6.01942
6.0259
6.03237
6.03879
6.04511
6.0513
6.05731
6.06314
6.06876
6.07417
6.07937
6.08436
6.08918
6.09384
6.09836
6.1028
6.10718
6.11155
6.11594
6.12039
6.12494
6.12961
6.13444
6.13943
6.1446
6.14994
6.15547
6.16115
6.16698
6.17292
6.17894
6.185
6.19108
6.19711
6.20306
6.2089
6.21456
6.22003
6.22526
6.23022
6.23489
6.23924
6.24326
6.24695
6.2503
6.25331
6.256
6.25838
6.26047
6.26231
6.26392
6.26534
6.2666
6.26774
6.26881
6.26984
6.27086
6.2719
6.273
6.27418
6.27545
6.27682
6.27831
6.2799
6.28158
6.28336
6.28519
6.28707
6.28897
6.29085
6.29268
6.29445
6.29611
6.29765
6.29903
6.30025
6.30129
6.30213
6.30278
6.30323
6.30351
6.30361
6.30358
6.30342
6.30319
6.30291
6.30264
6.30241
6.30228
6.30231
6.30254
6.30303
6.30383
6.30497
6.30649
6.3084
6.31073
6.31345
6.31656
6.32
6.32373
6.32768
6.33177
6.33588
6.33993
6.3438
6.34738
6.35055
6.35321
6.35527
6.35662
6.35719
6.35692
6.35575
6.35366
6.35063
6.34664
6.3417
6.33584
6.32908
6.32146
6.31302
6.30381
6.29387
6.28326
6.27202
6.26021
6.24787
6.23504
6.22178
6.20813
6.19413
6.17985
6.16533
6.15065
6.13587
6.12108
6.10637
6.09184
6.0776
6.06376
6.05046
6.03781
6.02596
6.01501
6.0051
5.99634
5.98881
5.9826
5.97777
5.97435
5.97237
5.97182
5.97266
5.97485
5.97833
5.98299
5.98875
5.99549
6.0031
6.01144
6.02039
6.02982
6.03961
6.04963
6.05977
6.06993
6.07999
6.08987
6.09947
6.10872
6.11755
6.12589
6.1337
6.14092
6.14752
6.15347
6.15875
6.16333
6.16721
6.17039
6.17287
6.17465
6.17576
6.17619
6.17599
6.17516
6.17373
6.17172
6.16917
6.1661
6.16253
6.15849
6.15401
6.1491
6.1438
6.13812
6.13209
6.12574
6.1191
6.11219
6.10505
6.09772
6.09023
6.08263
6.07496
6.06729
6.05965
6.0521
6.04471
6.03753
6.03061
6.024
6.01777
6.01195
6.0066
6.00174
5.99742
5.99364
5.99045
5.98783
5.98581
5.98437
5.98351
5.98323
5.98348
5.98427
5.98555
5.9873
5.98948
5.99206
5.995
5.99827
6.00182
6.00563
6.00964
6.01383
6.01816
6.02259
6.02709
6.03163
6.03618
6.04071
6.04519
6.0496
6.05391
6.0581
6.06215
6.06604
6.06975
6.07326
6.07657
6.07967
6.08254
6.08519
6.08763
6.08985
6.09189
6.09376
6.09549
6.09711
6.09868
6.10024
6.10184
6.10355
6.10544
6.10757
6.10999
6.11278
6.116
6.11969
6.12389
6.12864
6.13395
6.13983
6.14627
6.15325
6.16074
6.1687
6.17706
6.18576
6.19473
6.20389
6.21315
6.22243
6.23162
6.24065
6.24943
6.25785
6.26583
6.2733
6.28017
6.28636
6.29182
6.29647
6.30027
6.30317
6.30513
6.30613
6.30615
6.30518
6.30322
6.30029
6.2964
6.29158
6.28586
6.27928
6.27189
6.26374
6.25486
6.24533
6.23518
6.22448
6.21328
6.20164
6.18962
6.17727
6.16465
6.15184
6.13889
6.12588
6.11286
6.09992
6.0871
6.07448
6.06211
6.05004
6.03832
6.02697
6.01604
6.00552
5.99544
5.98579
5.97656
5.96776
5.95935
5.95132
5.94365
5.93633
5.92933
5.92265
5.91627
5.91018
5.9044
5.89891
5.89374
5.88891
5.88444
5.88036
5.8767
5.8735
5.87081
5.86867
5.86711
5.86618
5.86591
5.86633
5.86747
5.86933
5.87192
5.87525
5.87928
5.88401
5.88939
5.89538
5.90195
5.90902
5.91656
5.92448
5.93274
5.94128
5.95002
5.95892
5.96792
5.97696
5.98601
5.995
6.00389
6.01265
6.02123
6.0296
6.03772
6.04555
6.05306
6.06022
6.06699
6.07334
6.07925
6.08469
6.08963
6.09404
6.09792
6.10123
6.10397
6.10613
6.10769
6.10866
6.10904
6.10883
6.10805
6.10671
6.10483
6.10245
6.09959
6.09628
6.09258
6.08852
6.08415
6.07954
6.07474
6.0698
6.0648
6.05979
6.05485
6.05002
6.04537
6.04096
6.03683
6.03302
6.02957
6.0265
6.02382
6.02154
6.01965
6.01814
6.017
6.01618
6.01567
6.01543
6.01543
6.01563
6.01602
6.01656
6.01723
6.01804
6.01896
6.02
6.02117
6.02247
6.02392
6.02553
6.02733
6.02934
6.03158
6.03408
6.03684
6.0399
6.04327
6.04695
6.05096
6.0553
6.05998
6.06499
6.07031
6.07595
6.08188
6.08809
6.09455
6.10122
6.1081
6.11513
6.12229
6.12953
6.13682
6.14411
6.15136
6.15854
6.16558
6.17246
6.17912
6.18552
6.19162
6.19739
6.20277
6.20774
6.21227
6.21634
6.21991
6.22298
6.22553
6.22757
6.22908
6.23007
6.23056
6.23055
6.23006
6.22909
6.22768
6.22583
6.22356
6.22087
6.21778
6.2143
6.21042
6.20615
6.2015
6.19646
6.19105
6.18528
6.17915
6.17269
6.16594
6.15893
6.15171
6.14433
6.13688
6.12941
6.12201
6.11477
6.10778
6.1011
6.09484
6.08905
6.08381
6.07915
6.07512
6.07173
6.06897
6.06682
6.06523
6.06414
6.06347
6.06312
6.063
6.06299
6.06297
6.06281
6.06241
6.06165
6.06041
6.05861
6.05616
6.05299
6.04906
6.04431
6.03875
6.03236
6.02518
6.01726
6.00866
5.99947
5.98981
5.97979
5.96957
5.95929
5.94913
5.93925
5.92982
5.92099
5.91292
5.90573
5.89952
5.89439
5.89038
5.88752
5.88581
5.8852
5.88565
5.88707
5.88937
5.89242
5.89612
5.90032
5.90491
5.90974
5.91471
5.91968
5.92455
5.92922
5.93361
5.93763
5.94123
5.94436
5.94697
5.94903
5.95053
5.95147
5.95184
5.95167
5.95097
5.94978
5.94813
5.94607
5.94365
5.94092
5.93796
5.9348
5.93153
5.9282
5.92488
5.92164
5.91851
5.91557
5.91286
5.91043
5.90829
5.90649
5.90503
5.90393
5.90319
5.90279
5.90272
5.90296
5.90347
5.90423
5.90518
5.9063
5.90755
5.90887
5.91025
5.91163
5.91299
5.91431
5.91556
5.91673
5.91782
5.91881
5.9197
5.92051
5.92124
5.92191
5.92253
5.92312
5.9237
5.92428
5.9249
5.92558
5.92633
5.92719
5.92818
5.92931
5.93063
5.93214
5.93387
5.93584
5.93806
5.94054
5.94329
5.94631
5.94959
5.95312
5.95689
5.96086
5.96501
5.96931
5.9737
5.97817
5.98266
5.98713
5.99154
5.99587
6.00007
6.00413
6.00802
6.01173
6.01525
6.01857
6.02169
6.02462
6.02736
6.02992
6.0323
6.03452
6.03658
6.03849
6.04024
6.04183
6.04325
6.0445
6.04555
6.04638
6.04699
6.04733
6.0474
6.04718
6.04663
6.04576
6.04455
6.043
6.04112
6.03892
6.03641
6.03362
6.03058
6.02733
6.02391
6.02037
6.01676
6.01313
6.00954
6.00606
6.00274
5.99964
5.99682
5.99434
5.99226
5.99063
5.98949
5.98889
5.98885
5.98942
5.9906
5.99241
5.99485
5.99791
6.00157
6.00583
6.01063
6.01593
6.0217
6.02787
6.03438
6.04117
6.04815
6.05527
6.06244
6.06959
6.07664
6.08352
6.09017
6.09652
6.10251
6.10811
6.11326
6.11794
6.12212
6.12578
6.1289
6.1315
6.13357
6.13512
6.13617
6.13673
6.13683
6.13649
6.13574
6.13461
6.13312
6.13131
6.1292
6.12682
6.1242
6.12136
6.11832
6.11511
6.11175
6.10826
6.10466
6.10098
6.09722
6.09342
6.0896
6.08576
6.08195
6.07817
6.07445
6.07082
6.06729
6.06389
6.06063
6.05755
6.05466
6.05197
6.04951
6.0473
6.04534
6.04366
6.04225
6.04115
6.04035
6.03987
6.03972
6.0399
6.04043
6.04131
6.04254
6.04412
6.04605
6.04833
6.05092
6.05382
6.057
6.06041
6.06404
6.06782
6.07171
6.07567
6.07962
6.08353
6.08733
6.09096
6.09439
6.09756
6.10043
6.10297
6.10513
6.1069
6.10825
6.10917
6.10964
6.10965
6.10921
6.10831
6.10694
6.10512
6.10286
6.10016
6.09705
6.09354
6.08965
6.08542
6.08088
6.07607
6.07102
6.06578
6.06039
6.0549
6.04936
6.04382
6.03832
6.03291
6.02762
6.0225
6.01757
6.01287
6.00842
6.00423
6.00032
5.99671
5.99339
5.99037
5.98764
5.9852
5.98303
5.98112
5.97946
5.97803
5.97681
5.97579
5.97492
5.97421
5.9736
5.97309
5.97265
5.97224
5.97183
5.97141
5.97093
5.97038
5.96971
5.96892
5.96797
5.96684
5.9655
5.96394
5.96214
5.96009
5.95777
5.95517
5.9523
5.94915
5.94572
5.94203
5.93808
5.93391
5.92952
5.92495
5.92024
5.9154
5.91048
5.9055
5.90051
5.89553
5.89059
5.88572
5.88092
5.87623
5.87163
5.86716
5.8628
5.85856
5.85444
5.85045
5.84658
5.84285
5.83926
5.83582
5.83256
5.82947
5.82659
5.82393
5.82152
5.81937
5.8175
5.81593
5.81467
5.81372
5.8131
5.8128
5.81282
5.81316
5.8138
5.81474
5.81597
5.81747
5.81923
5.82124
5.82348
5.82595
5.82862
5.83149
5.83453
5.83774
5.84108
5.84454
5.84809
5.85169
5.85532
5.85894
5.8625
5.86597
5.86931
5.87248
5.87545
5.87818
5.88067
5.8829
5.88485
5.88654
5.88798
5.88919
5.8902
5.89104
5.89174
5.89234
5.89287
5.89337
5.89386
5.89436
5.89488
5.89543
5.89598
5.89654
5.89707
5.89756
5.89797
5.89826
5.8984
5.89834
5.89807
5.89754
5.89671
5.89557
5.89409
5.89224
5.89002
5.88742
5.88443
5.88105
5.8773
5.87318
5.86872
5.86396
5.85892
5.85364
5.84818
5.84258
5.83692
5.83126
5.82567
5.82023
5.81503
5.81014
5.80566
5.80168
5.79829
5.79557
5.79361
5.79248
5.79226
5.793
5.79477
5.7976
5.80151
5.80653
5.81264
5.81985
5.82812
5.83741
5.84767
5.85884
5.87084
5.88358
5.89699
5.91096
5.9254
5.9402
5.95525
5.97046
5.98572
6.00093
6.01598
6.03079
6.04526
6.05931
6.07287
6.08585
6.09821
6.10988
6.12083
6.13102
6.14042
6.149
6.15676
6.16368
6.16977
6.17502
6.17944
6.18304
6.18582
6.18781
6.189
6.18943
6.1891
6.18803
6.18626
6.1838
6.18068
6.17695
6.17263
6.16777
6.16241
6.1566
6.15039
6.14382
6.13694
6.1298
6.12243
6.11487
6.10716
6.09931
6.09134
6.08327
6.07507
6.06676
6.05832
6.04973
6.04096
6.032
6.0228
6.01335
6.00362
5.99359
5.98323
5.97256
5.96155
5.95021
5.93857
5.92664
5.91446
5.90207
5.88954
5.87692
5.86428
5.85172
5.83931
5.82715
5.81534
5.80396
5.79312
5.78291
5.77341
5.76472
5.7569
5.75002
5.74412
5.73926
5.73545
5.7327
5.73102
5.73038
5.73075
5.73211
5.73438
5.73752
5.74144
5.74609
5.75137
5.7572
5.7635
5.77019
5.77717
5.78437
5.7917
5.79907
5.80641
5.81365
5.82071
5.82751
5.834
5.84011
5.84579
5.85099
5.85566
5.85979
5.86334
5.8663
5.86867
5.87047
5.87172
5.87244
5.87269
5.87251
5.87198
5.87115
5.8701
5.86891
5.86764
5.86638
5.86518
5.86411
5.86322
5.86255
5.86214
5.86202
5.8622
5.8627
5.86352
5.86467
5.86614
5.86795
5.87007
5.87253
5.87533
5.87848
5.88198
5.88585
5.8901
5.89474
5.89977
5.90521
5.91105
5.91727
5.92386
5.93079
5.93803
5.94552
5.95322
5.96106
5.96897
5.9769
5.98475
5.99246
5.99996
6.00718
6.01404
6.02049
6.02648
6.03195
6.03686
6.04119
6.04491
6.04799
6.05045
6.05226
6.05344
6.05401
6.05397
6.05336
6.0522
6.05054
6.04839
6.04582
6.04286
6.03956
6.03597
6.03214
6.02812
6.02396
6.01972
6.01545
6.01121
6.00703
6.00297
5.99907
5.99538
5.99194
5.98877
5.98591
5.98339
5.98121
5.97941
5.97798
5.97694
5.9763
5.97604
5.97619
5.97674
5.97769
5.97905
5.98082
5.98302
5.98566
5.98874
5.99229
5.9963
6.00079
6.00576
6.0112
6.01712
6.0235
6.03031
6.03753
6.04513
6.05305
6.06125
6.06967
6.07826
6.08696
6.09569
6.1044
6.11301
6.12146
6.12968
6.13759
6.14514
6.15226
6.15888
6.16495
6.17041
6.17521
6.17929
6.18262
6.18515
6.18686
6.18771
6.18769
6.18679
6.185
6.18233
6.17878
6.17439
6.16917
6.16315
6.15639
6.14892
6.14079
6.13206
6.12278
6.11302
6.10284
6.09231
6.08149
6.07046
6.05928
6.04804
6.03679
6.02562
6.01459
6.00379
5.99328
5.98313
5.9734
5.96417
5.95548
5.94739
5.93992
5.93311
5.92698
5.92152
5.91674
5.91262
5.90913
5.90624
5.90389
5.90204
5.90064
5.89962
5.89893
5.89851
5.89831
5.89828
5.89836
5.89853
5.89873
5.89895
5.89915
5.89932
5.89942
5.89945
5.89939
5.89922
5.89893
5.89849
5.89789
5.8971
5.89612
5.89491
5.89345
5.89173
5.88973
5.88743
5.88483
5.88191
5.87867
5.87512
5.87127
5.86714
5.86274
5.85813
5.85335
5.84844
5.84348
5.83854
5.83371
5.82909
5.82478
5.82089
5.81755
5.81485
5.81291
5.81183
5.81168
5.81254
5.81444
5.81744
5.82152
5.82668
5.83289
5.8401
5.84828
5.85734
5.86722
5.87786
5.88916
5.90107
5.9135
5.92638
5.93964
5.95321
5.96701
5.98097
5.99504
6.00914
6.0232
6.03718
6.051
6.06461
6.07796
6.09099
6.10366
6.11593
6.12775
6.13908
6.14989
6.16014
6.1698
6.17885
6.18726
6.195
6.20204
6.20836
6.21393
6.21874
6.22276
6.22597
6.22835
6.22987
6.23053
6.2303
6.22916
6.22711
6.22413
6.22022
6.21537
6.20957
6.20284
6.19517
6.18658
6.17708
6.1667
6.15545
6.14338
6.1305
6.11688
6.10255
6.08756
6.07198
6.05587
6.03931
6.02237
6.00515
5.98773
5.97023
5.95275
5.9354
5.91832
5.90162
5.88546
5.86995
5.85525
5.84148
5.82877
5.81724
5.807
5.79813
5.79071
5.78478
5.78036
5.77745
5.776
5.77596
5.77725
5.77975
5.78333
5.78787
5.79321
5.79919
5.80567
5.8125
5.81953
5.82663
5.83371
5.84065
5.84738
5.85383
5.85998
5.86579
5.87125
5.87639
5.88123
5.8858
5.89017
5.89439
5.89852
5.90264
5.90681
5.91111
5.91559
5.92031
5.92531
5.93062
5.93625
5.94222
5.94852
5.95511
5.96197
5.96904
5.97627
5.98359
5.99094
5.99825
6.00543
6.01241
6.01912
6.02551
6.03149
6.03703
6.04206
6.04656
6.05049
6.05382
6.05655
6.05867
6.06017
6.06107
6.06138
6.06113
6.06034
6.05906
6.05732
6.05515
6.05262
6.04976
6.04662
6.04325
6.03969
6.03599
6.03219
6.02832
6.0244
6.02047
6.01654
6.01261
6.0087
6.00478
6.00086
5.99692
5.99293
5.98887
5.98471
5.98043
5.97598
5.97136
5.96654
5.9615
5.95623
5.95075
5.94505
5.93916
5.9331
5.92693
5.92069
5.91444
5.90824
5.90216
5.89629
5.89069
5.88544
5.88061
5.87625
5.87244
5.8692
5.86658
5.86459
5.86324
5.86252
5.86243
5.86293
5.86398
5.86555
5.86757
5.86999
5.87276
5.87581
5.87909
5.88255
5.88613
5.88979
5.89351
5.89724
5.90097
5.9047
5.90841
5.91212
5.91584
5.9196
5.92342
5.92734
5.9314
5.93563
5.94008
5.94479
5.9498
5.95514
5.96084
5.96691
5.97338
5.98025
5.98751
5.99515
6.00314
6.01147
6.02009
6.02895
6.03801
6.04721
6.0565
6.06581
6.07509
6.08427
6.09329
6.10211
6.11065
6.11889
6.12677
6.13425
6.14131
6.14791
6.15403
6.15967
6.16482
6.16947
6.17363
6.17732
6.18053
6.1833
6.18565
6.18759
6.18916
6.19039
6.19129
6.19189
6.19221
6.19228
6.19211
6.19171
6.19109
6.19025
6.18919
6.18791
6.1864
6.18463
6.1826
6.18029
6.17766
6.17471
6.17139
6.16771
6.16362
6.15912
6.15418
6.14881
6.143
6.13676
6.1301
6.12305
6.11564
6.10791
6.09994
6.09179
6.08354
6.07528
6.06712
6.05916
6.05152
6.04431
6.03763
6.0316
6.02632
6.02186
6.0183
6.01571
6.01413
6.01358
6.01408
6.01563
6.01821
6.02179
6.02635
6.03181
6.03813
6.04523
6.05305
6.06148
6.07045
6.07985
6.08958
6.09955
6.10965
6.11978
6.12983
6.13971
6.14932
6.15857
6.16739
6.17569
6.18342
6.19051
6.19693
6.20262
6.20757
6.21177
6.21519
6.21785
6.21975
6.22091
6.22137
6.22115
6.2203
6.21886
6.21687
6.21439
6.21148
6.20817
6.20452
6.20059
6.1964
6.192
6.18742
6.18268
6.1778
6.17279
6.16766
6.16239
6.15697
6.15139
6.14561
6.13961
6.13336
6.12682
6.11995
6.11273
6.10512
6.09709
6.08863
6.07971
6.07034
6.06051
6.05023
6.03953
6.02844
6.017
6.00526
5.99329
5.98116
5.96895
5.95675
5.94466
5.93279
5.92122
5.91008
5.89947
5.88948
5.88021
5.87175
5.86417
5.85753
5.85189
5.84728
5.84371
5.84119
5.83971
5.83924
5.83975
5.84118
5.84348
5.84658
5.85041
5.8549
5.85997
5.86554
5.87155
5.87791
5.88456
5.89145
5.8985
5.90569
5.91295
5.92027
5.9276
5.93494
5.94227
5.94958
5.95688
5.96417
5.97146
5.97875
5.98605
5.99338
6.00074
6.00814
6.01557
6.02303
6.03051
6.038
6.04547
6.05291
6.06028
6.06756
6.07471
6.0817
6.0885
6.09508
6.1014
6.10744
6.11316
6.11854
6.12356
6.12818
6.13239
6.13617
6.1395
6.14235
6.14472
6.14657
6.1479
6.14867
6.14889
6.14852
6.14756
6.146
6.14381
6.14101
6.13757
6.13352
6.12886
6.12361
6.11779
6.11144
6.10459
6.0973
6.08962
6.08162
6.07337
6.06494
6.05641
6.04785
6.03935
6.03096
6.02276
6.0148
6.00711
5.99973
5.99267
5.98593
5.97949
5.97335
5.96747
5.96181
5.95635
5.95105
5.9459
5.94087
5.93596
5.93119
5.92657
5.92213
5.91793
5.91401
5.91043
5.90725
5.90453
5.90233
5.90068
5.89962
5.89917
5.89935
5.90014
5.90153
5.90347
5.90594
5.90887
5.91221
5.9159
5.91987
5.92407
5.92843
5.93289
5.93742
5.94196
5.94647
5.95093
5.9553
5.95958
5.96374
5.96779
5.97174
5.97559
5.97937
5.9831
5.98682
5.99056
5.99437
5.99828
6.00235
6.00662
6.01113
6.0159
6.02098
6.02638
6.03212
6.0382
6.04462
6.05136
6.05839
6.0657
6.07323
6.08095
6.08881
6.09674
6.1047
6.11262
6.12044
6.12811
6.13556
6.14276
6.14964
6.15618
6.16234
6.1681
6.17345
6.17838
6.18291
6.18704
6.19082
6.19426
6.1974
6.2003
6.203
6.20554
6.20798
6.21036
6.21272
6.21509
6.21751
6.22
6.22255
6.22519
6.22788
6.23063
6.23338
6.23612
6.23878
6.24134
6.24371
6.24586
6.24772
6.24923
6.25034
6.25097
6.25109
6.25065
6.24959
6.24787
6.24547
6.24236
6.23851
6.23391
6.22855
6.22243
6.21556
6.20795
6.19963
6.19062
6.18096
6.17069
6.15985
6.14851
6.13672
6.12455
6.11206
6.09933
6.08644
6.07346
6.06049
6.0476
6.03489
6.02244
6.01035
5.99869
5.98755
5.977
5.96711
5.95795
5.94956
5.94197
5.93522
5.92932
5.92425
5.92001
5.91656
5.91388
5.91191
5.91062
5.90993
5.9098
5.91017
5.91099
5.9122
5.91374
5.91558
5.91767
5.91997
5.92245
5.92507
5.92779
5.9306
5.93347
5.93637
5.93928
5.94217
5.94504
5.94786
5.95061
5.95329
5.95589
5.95839
5.9608
5.96312
5.96536
5.96751
5.9696
5.97164
5.97365
5.97565
5.97766
5.9797
5.9818
5.98398
5.98626
5.98865
5.99116
5.99381
5.99659
5.99951
6.00257
6.00575
6.00905
6.01245
6.01593
6.01949
6.02311
6.02676
6.03045
6.03415
6.03785
6.04156
6.04526
6.04896
6.05264
6.05631
6.05998
6.06363
6.06728
6.07093
6.07457
6.07822
6.08187
6.08553
6.0892
6.09289
6.0966
6.10034
6.10411
6.10791
6.11174
6.11562
6.11952
6.12344
6.12738
6.1313
6.13519
6.13901
6.14272
6.14629
6.14966
6.15278
6.15559
6.15805
6.16008
6.16163
6.16265
6.1631
6.16292
6.16208
6.16056
6.15833
6.15537
6.15168
6.14726
6.14213
6.13629
6.12976
6.12259
6.11479
6.10641
6.09749
6.08807
6.07821
6.06795
6.05736
6.04648
6.03539
6.02415
6.01283
6.00151
5.99024
5.97913
5.96823
5.95764
5.94742
5.93765
5.9284
5.91973
5.91171
5.90437
5.89775
5.89189
5.88679
5.88245
5.87888
5.87605
5.87393
5.87248
5.87166
5.87143
5.87171
5.87246
5.87362
5.87512
5.8769
5.8789
5.88107
5.88335
5.88568
5.88803
5.89034
5.8926
5.89477
5.89684
5.8988
5.90066
5.90244
5.90416
5.90586
5.90758
5.90938
5.91132
5.91346
5.91586
5.91859
5.9217
5.92525
5.92928
5.93382
5.9389
5.94452
5.95067
5.95734
5.96448
5.97206
5.98002
5.98831
5.99686
6.0056
6.01448
6.02342
6.03237
6.04129
6.05012
6.05882
6.06736
6.07571
6.08384
6.09175
6.09942
6.10683
6.11397
6.12084
6.12742
6.13369
6.13964
6.14525
6.15048
6.15529
6.15966
6.16353
6.16685
6.16956
6.17163
6.17298
6.17357
6.17334
6.17225
6.17026
6.16734
6.16347
6.15863
6.15283
6.14608
6.13839
6.12981
6.12038
6.11017
6.09924
6.08768
6.07558
6.06304
6.05018
6.03711
6.02397
6.01088
5.99796
5.98536
5.9732
5.9616
5.95067
5.94054
5.93128
5.92299
5.91572
5.90954
5.90447
5.90053
5.89773
5.89605
5.89547
5.89594
5.89742
5.89984
5.90313
5.90721
5.912
5.91739
5.92329
5.92961
5.93623
5.94306
5.94998
5.95689
5.96369
5.97027
5.97655
5.98244
5.98786
5.99273
5.99701
6.00064
6.00359
6.00584
6.0074
6.00826
6.00845
6.00802
6.00701
6.00548
6.00351
6.00118
5.99857
5.99575
5.99284
5.98989
5.987
5.98424
5.98166
5.97934
5.9773
5.97558
5.97422
5.97322
5.97259
5.97235
5.97248
5.97298
5.97384
5.97507
5.97664
5.97856
5.98081
5.9834
5.98633
5.98958
5.99316
5.99706
6.00128
6.00581
6.01063
6.01574
6.02111
6.02672
6.03253
6.03852
6.04465
6.05088
6.05716
6.06345
6.06971
6.07589
6.08195
6.08784
6.09353
6.09897
6.10413
6.10897
6.11346
6.11758
6.12129
6.12457
6.12741
6.12979
6.13171
6.13314
6.13411
6.13459
6.13461
6.13417
6.13329
6.13198
6.13027
6.12817
6.12571
6.12292
6.11982
6.11644
6.11281
6.10897
6.10496
6.1008
6.09655
6.09224
6.08793
6.08367
6.0795
6.07548
6.07166
6.06809
6.06483
6.06191
6.05938
6.05728
6.05563
6.05448
6.05384
6.05372
6.05414
6.0551
6.05659
6.05861
6.06112
6.06411
6.06753
6.07134
6.07549
6.07992
6.08459
6.08941
6.09434
6.09931
6.10426
6.10915
6.11394
6.11858
6.12305
6.12734
6.13144
6.13536
6.13912
6.14273
6.14624
6.14969
6.15312
6.15659
6.16016
6.16388
6.16783
6.17206
6.17664
6.18162
6.18706
6.19301
6.19952
6.20663
6.21437
6.22276
6.23181
6.24152
6.25189
6.26287
6.27442
6.28649
6.299
6.31186
6.32494
6.33815
6.35133
6.36435
6.37706
6.3893
6.40093
6.41178
6.42172
6.43061
6.43833
6.44476
6.44981
6.45339
6.45544
6.45592
6.4548
6.45207
6.44773
6.44182
6.43437
6.42546
6.41516
6.40357
6.3908
6.37696
6.3622
6.34665
6.33047
6.3138
6.29679
6.2796
6.26238
6.24526
6.22838
6.21187
6.19584
6.18039
6.16562
6.15161
6.13844
6.12616
6.11482
6.10447
6.09512
6.08681
6.07954
6.07331
6.06812
6.06394
6.06074
6.05849
6.05715
6.05667
6.05699
6.05806
6.0598
6.06216
6.06507
6.06847
6.07229
6.07648
6.08097
6.08572
6.09069
6.09583
6.10111
6.1065
6.11196
6.11747
6.12302
6.12857
6.1341
6.1396
6.14503
6.15037
6.15559
6.16065
6.16552
6.17017
6.17455
6.17863
6.18238
6.18575
6.18872
6.19124
6.1933
6.19487
6.19592
6.19645
6.19642
6.19583
6.19467
6.19294
6.19062
6.18772
6.18424
6.18017
6.17552
6.17029
6.1645
6.15814
6.15123
6.14377
6.13579
6.12729
6.1183
6.10883
6.09891
6.08856
6.07782
6.06672
6.0553
6.0436
6.03168
6.01959
6.00739
5.99516
5.98294
5.97083
5.95891
5.94724
5.93593
5.92504
5.91467
5.90489
5.89579
5.88744
5.87992
5.87329
5.8676
5.86291
5.85925
5.85667
5.85518
5.85479
5.85553
5.85737
5.8603
5.86432
5.86938
5.87545
5.88248
5.89044
5.89927
5.90891
5.9193
5.93038
5.94208
5.95433
5.96706
5.9802
5.99369
6.00744
6.0214
6.03548
6.04964
6.06379
6.07787
6.09184
6.10562
6.11918
6.13245
6.14539
6.15796
6.17012
6.18184
6.19308
6.20382
6.21403
6.2237
6.23281
6.24135
6.2493
6.25667
6.26345
6.26963
6.27522
6.28023
6.28465
6.28849
6.29177
6.2945
6.29668
6.29833
6.29945
6.30007
6.30019
6.29981
6.29896
6.29764
6.29585
6.29361
6.29091
6.28777
6.28419
6.28019
6.27576
6.27093
6.26572
6.26013
6.25421
6.24797
6.24144
6.23467
6.22768
6.22052
6.21323
6.20583
6.19837
6.19089
6.1834
6.17593
6.16851
6.16115
6.15386
6.14663
6.13948
6.13239
6.12535
6.11836
6.1114
6.10446
6.09753
6.09061
6.08368
6.07675
6.06981
6.06288
6.05597
6.04908
6.04225
6.0355
6.02885
6.02233
6.01599
6.00987
6.004
5.99843
5.99321
5.98838
5.984
5.98011
5.97677
5.97402
5.9719
5.97047
5.96975
5.96978
5.97057
5.97215
5.97452
5.97767
5.98159
5.98623
5.99156
5.99752
6.00406
6.01108
6.01851
6.02627
6.03424
6.04235
6.0505
6.05858
6.06653
6.07426
6.08169
6.08877
6.09544
6.10167
6.10741
6.11266
6.1174
6.12164
6.12538
6.12864
6.13145
6.13384
6.13585
6.13751
6.13889
6.14002
6.14096
6.14175
6.14246
6.14311
6.14376
6.14443
6.14515
6.14595
6.14683
6.14781
6.14888
6.15003
6.15125
6.15254
6.15386
6.1552
6.15654
6.15785
6.15911
6.1603
6.16139
6.16235
6.16317
6.16383
6.1643
6.16457
6.16462
6.16445
6.16405
6.16341
6.16253
6.16143
6.1601
6.15858
6.15686
6.15498
6.15297
6.15084
6.14864
6.14639
6.14412
6.14186
6.13963
6.13747
6.13539
6.1334
6.13151
6.12973
6.12806
6.12649
6.12502
6.12362
6.1223
6.12102
6.11979
6.11858
6.11738
6.11618
6.11497
6.11375
6.11253
6.1113
6.11007
6.10885
6.10767
6.10653
6.10547
6.10449
6.10364
6.10294
6.10241
6.1021
6.10202
6.10221
6.1027
6.10352
6.10469
6.10624
6.10817
6.11051
6.11325
6.11639
6.11993
6.12383
6.12807
6.13262
6.13743
6.14245
6.14763
6.1529
6.15821
6.16349
6.16868
6.17371
6.17854
6.1831
6.18734
6.19121
6.19468
6.19771
6.20025
6.2023
6.20381
6.20477
6.20515
6.20496
6.20416
6.20275
6.20072
6.19806
6.19475
6.19081
6.18621
6.18097
6.17507
6.16851
6.16132
6.15348
6.14502
6.13595
6.1263
6.11609
6.10534
6.09411
6.08243
6.07035
6.05791
6.04519
6.03223
6.01912
6.00592
5.9927
5.97956
5.96657
5.95383
5.94143
5.92945
5.918
5.90716
5.89701
5.88763
5.87909
5.87144
5.86471
5.85892
5.85408
5.85016
5.84714
5.84496
5.84357
5.84287
5.84279
5.84324
5.84412
5.84534
5.84681
5.84844
5.85015
5.85188
5.85355
5.85512
5.85654
5.85778
5.85881
5.85963
5.86022
5.86061
5.86079
5.8608
5.86067
5.86044
5.86015
5.85985
5.85959
5.85944
5.85943
5.85964
5.86009
5.86085
5.86194
5.86339
5.86523
5.86746
5.87007
5.87306
5.87641
5.88008
5.88404
5.88824
5.89264
5.89719
5.90185
5.90658
5.91133
5.91608
5.9208
5.92547
5.93008
5.93463
5.93911
5.94354
5.94793
5.95228
5.9566
5.96092
5.96524
5.96955
5.97387
5.97818
5.98248
5.98676
5.99099
5.99515
5.99923
6.0032
6.00704
6.01073
6.01424
6.01758
6.02072
6.02365
6.02637
6.02888
6.03117
6.03325
6.03512
6.03678
6.03823
6.03948
6.04052
6.04135
6.04196
6.04235
6.0425
6.0424
6.04203
6.04137
6.0404
6.03909
6.03743
6.03539
6.03295
6.03009
6.02682
6.02312
6.019
6.01447
6.00954
6.00424
5.99861
5.99269
5.9865
5.98012
5.97358
5.96694
5.96025
5.95355
5.94691
5.94035
5.93391
5.92764
5.92155
5.91566
5.91001
5.90459
5.89943
5.89452
5.88988
5.88552
5.88143
5.87763
5.87411
5.87088
5.86795
5.86532
5.86299
5.86098
5.85928
5.85791
5.85688
5.85619
5.85585
5.85586
5.85624
5.85699
5.8581
5.85957
5.86139
5.86353
5.86598
5.8687
5.87165
5.87477
5.87803
5.88135
5.88467
5.88794
5.89108
5.89404
5.89675
5.89915
5.9012
5.90284
5.90404
5.90478
5.90501
5.90474
5.90396
5.90268
5.90091
5.89868
5.89604
5.89303
5.88972
5.88615
5.88242
5.87859
5.87475
5.87099
5.86739
5.86404
5.861
5.85836
5.85617
5.85451
5.8534
5.85289
5.85301
5.85376
5.85514
5.85715
5.85977
5.86298
5.86673
5.87099
5.87571
5.88086
5.88638
5.89224
5.89838
5.90478
5.91138
5.91818
5.92512
5.9322
5.9394
5.94669
5.95407
5.96152
5.96904
5.97661
5.98422
5.99184
5.99947
6.00707
6.01462
6.02207
6.0294
6.03656
6.04349
6.05015
6.0565
6.06246
6.06799
6.07305
6.07758
6.08153
6.08488
6.08759
6.08964
6.09103
6.09174
6.09178
6.09119
6.08997
6.08819
6.08589
6.08313
6.07998
6.07652
6.07284
6.06902
6.06515
6.06132
6.05763
6.05414
6.05094
6.04809
6.04564
6.04363
6.04208
6.041
6.04037
6.04018
6.04038
6.04094
6.04179
6.04289
6.04416
6.04555
6.047
6.04847
6.04992
6.05131
6.05262
6.05384
6.05496
6.05599
6.05693
6.0578
6.05861
6.05937
6.06011
6.06083
6.06154
6.06225
6.06296
6.06366
6.06435
6.06501
6.06564
6.0662
6.06667
6.06704
6.06727
6.06734
6.06723
6.0669
6.06634
6.06553
6.06443
6.06303
6.06132
6.05928
6.05689
6.05415
6.05104
6.04755
6.0437
6.03947
6.03488
6.02994
6.02466
6.01908
6.01322
6.00713
6.00085
5.99444
5.98797
5.98149
5.97508
5.9688
5.96272
5.95691
5.95143
5.94632
5.94163
5.93739
5.93361
5.9303
5.92746
5.92508
5.92312
5.92156
5.92037
5.91951
5.91894
5.91863
5.91853
5.91861
5.91885
5.91923
5.91972
5.92031
5.92099
5.92174
5.92258
5.92348
5.92445
5.92549
5.92658
5.92772
5.92891
5.93012
5.93135
5.93259
5.9338
5.93498
5.9361
5.93714
5.93808
5.9389
5.93958
5.94009
5.94042
5.94055
5.94045
5.94013
5.93954
5.93868
5.93753
5.93607
5.93428
5.93215
5.92965
5.92678
5.92351
5.91984
5.91575
5.91124
5.90632
5.90098
5.89525
5.88914
5.88269
5.87592
5.8689
5.86167
5.8543
5.84688
5.83946
5.83215
5.82504
5.8182
5.81173
5.80572
5.80023
5.79536
5.79114
5.78765
5.78491
5.78295
5.7818
5.78145
5.78189
5.7831
5.78504
5.78768
5.79096
5.7948
5.79913
5.80388
5.80895
5.81426
5.81973
5.82526
5.8308
5.83627
5.84163
5.84684
5.85187
5.85671
5.86135
5.8658
5.87005
5.87411
5.87799
5.88169
5.88521
5.88855
5.89169
5.89463
5.89735
5.89986
5.90214
5.90421
5.90606
5.90772
5.90921
5.91057
5.91182
5.91303
5.91422
5.91546
5.91679
5.91825
5.91989
5.92174
5.92382
5.92615
5.92871
5.93151
5.93451
5.93769
5.94099
5.94437
5.94775
5.95109
5.95431
5.95735
5.96016
5.96267
5.96485
5.96667
5.96809
5.96911
5.96973
5.96996
5.96981
5.96934
5.96857
5.96757
5.96638
5.96506
5.96368
5.96229
5.96095
5.9597
5.95859
5.95765
5.95689
5.95635
5.95602
5.95591
5.956
5.95629
5.95676
5.9574
5.9582
5.95914
5.96021
5.96141
5.96272
5.96413
5.96565
5.96727
5.96898
5.97078
5.97266
5.97462
5.97664
5.97872
5.98084
5.98302
5.98523
5.98748
5.98978
5.99214
5.99457
5.9971
5.99976
6.00258
6.00561
6.0089
6.0125
6.01646
6.02084
6.02568
6.03103
6.03692
6.04339
6.05043
6.05804
6.06621
6.0749
6.08405
6.09359
6.10343
6.11347
6.12359
6.13367
6.14358
6.15319
6.16236
6.17098
6.1789
6.18602
6.19222
6.1974
6.20149
6.2044
6.20607
6.20647
6.20556
6.20332
6.19976
6.19489
6.18874
6.18135
6.17277
6.16307
6.15231
6.14058
6.12796
6.11454
6.10041
6.08565
6.07036
6.05461
6.03848
6.02205
6.00538
5.98853
5.97156
5.95453
5.9375
5.92051
5.90364
5.88693
5.87047
5.85432
5.83858
5.82334
5.80869
5.79476
5.78166
5.76949
5.75837
5.7484
5.73968
5.73229
5.72628
5.72169
5.71854
5.71681
5.71647
5.71745
5.71969
5.72308
5.72754
5.73295
5.7392
5.74618
5.75377
5.76189
5.77043
5.7793
5.78842
5.79771
5.80712
5.81657
5.82602
5.8354
5.84467
5.85379
5.8627
5.87138
5.87976
5.88782
5.89552
5.90281
5.90966
5.91603
5.92189
5.92723
5.932
5.93621
5.93984
5.94289
5.94538
5.94732
5.94875
5.9497
5.95023
5.95039
5.95027
5.94993
5.94945
5.94893
5.94845
5.94808
5.94791
5.94801
5.94841
5.94916
5.95028
5.95177
5.95361
5.95576
5.95815
5.96073
5.9634
5.96607
5.96864
5.971
5.97306
5.97471
5.97586
5.97644
5.97637
5.9756
5.97409
5.97182
5.96875
5.96491
5.9603
5.95495
5.94889
5.94218
5.93488
5.92705
5.91878
5.91013
5.90121
5.8921
5.8829
5.8737
5.8646
5.8557
5.84708
5.83884
5.83106
5.82383
5.8172
5.81124
5.806
5.80154
5.79789
5.79506
5.79308
5.79196
5.79169
5.79226
5.79366
5.79586
5.79884
5.80256
5.80699
5.81208
5.81779
5.82408
5.83089
5.83818
5.84588
5.85394
5.86231
5.87092
5.87969
5.88858
5.89749
5.90637
5.91513
5.9237
5.932
5.93995
5.94748
5.9545
5.96096
5.96679
5.97193
5.97633
5.97995
5.98277
5.98476
5.98592
5.98626
5.98581
5.98458
5.98263
5.98
5.97677
5.973
5.96877
5.96415
5.95923
5.95408
5.94878
5.94341
5.93804
5.93273
5.92753
5.92252
5.91772
5.9132
5.90898
5.90509
5.90158
5.89846
5.89577
5.89351
5.89171
5.89038
5.88954
5.88919
5.88935
5.89001
5.89117
5.89282
5.89495
5.89753
5.90055
5.90395
5.90771
5.91178
5.91609
5.9206
5.92524
5.92995
5.93467
5.93934
5.94389
5.94828
5.95247
5.9564
5.96005
5.9634
5.96644
5.96916
5.97158
5.9737
5.97557
5.9772
5.97864
5.97993
5.98112
5.98224
5.98335
5.98447
5.98564
5.9869
5.98825
5.9897
5.99125
5.99289
5.99459
5.99633
5.99806
5.99974
6.00131
6.00271
6.00389
6.00478
6.00534
6.0055
6.00522
6.00446
6.00319
6.00138
5.99903
5.99613
5.9927
5.98877
5.98437
5.97957
5.97443
5.96904
5.96349
5.95788
5.95233
5.94695
5.94188
5.93722
5.9331
5.92962
5.92688
5.92494
5.92388
5.92371
5.92446
5.92611
5.92862
5.93193
5.93597
5.94064
5.94583
5.95142
5.95728
5.9633
5.96936
5.97533
5.98113
5.98666
5.99184
5.99662
6.00095
6.0048
6.00815
6.011
6.01336
6.01523
6.01664
6.01761
6.01818
6.01838
6.01825
6.01782
6.01715
6.01628
6.01524
6.0141
6.01289
6.01166
6.01046
6.00932
6.0083
6.00743
6.00674
6.00627
6.00604
6.00608
6.0064
6.00702
6.00795
6.0092
6.01078
6.01268
6.0149
6.01745
6.02033
6.02352
6.02702
6.03085
6.03498
6.03944
6.04421
6.0493
6.05471
6.06044
6.06651
6.0729
6.07961
6.08665
6.09401
6.10168
6.10963
6.11786
6.12634
6.13503
6.14392
6.15295
6.1621
6.17131
6.18054
6.18975
6.19888
6.20788
6.21672
6.22533
6.23367
6.24171
6.24938
6.25665
6.26348
6.26982
6.27564
6.2809
6.28556
6.28959
6.29297
6.29564
6.29759
6.2988
6.29923
6.29886
6.29768
6.29567
6.29282
6.28912
6.28457
6.27918
6.27296
6.26591
6.25806
6.24944
6.24007
6.23
6.21926
6.20789
6.19596
6.1835
6.17056
6.15719
6.14344
6.12936
6.11498
6.10035
6.08549
6.07045
6.05525
6.03991
6.02448
6.00897
5.99342
5.97786
5.96235
5.94691
5.9316
5.91647
5.9016
5.88704
5.87287
5.85915
5.84597
5.8334
5.82151
5.81039
5.80009
5.79069
5.78224
5.77481
5.76844
5.76317
5.75904
5.75608
5.75431
5.75375
5.7544
5.75626
5.75934
5.76362
5.76907
5.77568
5.7834
5.79221
5.80204
5.81283
5.82452
5.83703
5.85025
5.8641
5.87845
5.89319
5.90819
5.92332
5.93844
5.95341
5.96809
5.98235
5.99605
6.00908
6.02132
6.03268
6.04307
6.05242
6.06066
6.06778
6.07374
6.07854
6.0822
6.08475
6.08625
6.08675
6.08633
6.0851
6.08314
6.08057
6.0775
6.07405
6.07031
6.0664
6.06241
6.05843
6.05452
6.05075
6.04715
6.04374
6.04054
6.03753
6.0347
6.03203
6.02948
6.02701
6.02457
6.02212
6.01963
6.01704
6.01432
6.01144
6.00836
6.00506
6.00152
5.99772
5.99365
5.9893
5.98465
5.97971
5.97448
5.96896
5.96317
5.95713
5.95085
5.94437
5.93773
5.93099
5.92421
5.91746
5.91083
5.90442
5.89832
5.89264
5.88749
5.88297
5.8792
5.87624
5.87418
5.87307
5.87294
5.8738
5.87564
5.87842
5.88209
5.88657
5.89177
5.8976
5.90397
5.91075
5.91786
5.92519
5.93265
5.94016
5.94764
5.95503
5.96227
5.96933
5.97615
5.98273
5.98905
5.99509
6.00085
6.00633
6.01153
6.01645
6.02109
6.02545
6.02953
6.0333
6.03676
6.03988
6.04263
6.04497
6.04687
6.04828
6.04915
6.04942
6.04907
6.04802
6.04624
6.04369
6.04032
6.03611
6.03104
6.02508
6.01822
6.01048
6.00184
5.99234
5.98198
5.97082
5.95887
5.9462
5.93286
5.91891
5.90444
5.88951
5.87423
5.85868
5.84299
5.82726
5.81162
5.7962
5.78115
5.7666
5.7527
5.73959
5.72741
5.71629
5.70633
5.69763
5.69025
5.68424
5.67958
5.67628
5.67425
5.67343
5.67371
5.67498
5.6771
5.67995
5.68342
5.68739
5.69177
5.6965
5.70153
5.70683
5.71239
5.71821
5.72431
5.73071
5.73744
5.74452
5.75196
5.75978
5.76797
5.77653
5.78544
5.79467
5.80419
5.81398
5.82399
5.83419
5.84454
5.85503
5.86562
5.87628
5.88701
5.89778
5.90858
5.91939
5.9302
5.94099
5.95175
5.96245
5.97308
5.98361
5.99401
6.00426
6.01432
6.02416
6.03375
6.04306
6.05204
6.06067
6.06891
6.07674
6.08413
6.09106
6.09752
6.10349
6.10898
6.11398
6.11851
6.12258
6.12623
6.12946
6.13234
6.13488
6.13715
6.13918
6.14103
6.14273
6.14436
6.14593
6.14751
6.14913
6.15082
6.1526
6.15449
6.15651
6.15866
6.16094
6.16334
6.16583
6.16842
6.17107
6.17377
6.17649
6.17921
6.1819
6.18456
6.18716
6.1897
6.19216
6.19453
6.19681
6.19898
6.20105
6.203
6.20483
6.20652
6.20805
6.20942
6.21059
6.21154
6.21225
6.21269
6.21283
6.21263
6.21208
6.21115
6.2098
6.20802
6.20579
6.20311
6.19997
6.19636
6.19231
6.18782
6.18293
6.17766
6.17205
6.16614
6.15999
6.15365
6.14718
6.14064
6.13408
6.12757
6.12116
6.11491
6.10886
6.10306
6.09753
6.09233
6.08745
6.08294
6.07879
6.07501
6.0716
6.06856
6.06588
6.06355
6.06157
6.05992
6.05858
6.05754
6.0568
6.05633
6.05613
6.05618
6.05648
6.05702
6.05778
6.05877
6.05997
6.06137
6.06298
6.06477
6.06675
6.0689
6.07121
6.07367
6.07627
6.07897
6.08178
6.08466
6.08759
6.09054
6.0935
6.09643
6.0993
6.10208
6.10476
6.1073
6.10969
6.1119
6.11392
6.11574
6.11733
6.11871
6.11985
6.12076
6.12145
6.12191
6.12215
6.12218
6.12201
6.12164
6.12111
6.12043
6.11963
6.11873
6.11776
6.11678
6.11582
6.11495
6.1142
6.11365
6.11335
6.11337
6.11377
6.11461
6.11593
6.11779
6.12023
6.12327
6.12693
6.13121
6.13611
6.14162
6.14771
6.15436
6.16153
6.16918
6.17725
6.18571
6.1945
6.20357
6.21287
6.22235
6.23196
6.24164
6.25134
6.26102
6.27062
6.28011
6.28943
6.29855
6.30744
6.31608
6.32443
6.33248
6.34024
6.34769
6.35484
6.3617
6.36829
6.37461
6.38068
6.38651
6.3921
6.39745
6.40254
6.40733
6.4118
6.41587
6.4195
6.42259
6.42508
6.42686
6.42785
6.42796
6.42712
6.42526
6.42231
6.41824
6.41301
6.40661
6.39905
6.39035
6.38055
6.36968
6.35783
6.34505
6.33142
6.31703
6.30196
6.2863
6.27014
6.25356
6.23666
6.21949
6.20216
6.18473
6.16727
6.14986
6.13257
6.11546
6.09861
6.08209
6.06596
6.0503
6.03515
6.02059
6.00666
5.99341
5.98089
5.96914
5.95816
5.94799
5.93863
5.93009
5.92234
5.9154
5.90922
5.90381
5.89912
5.89515
5.89185
5.88922
5.88722
5.88584
5.88507
5.88488
5.88526
5.88621
5.88771
5.88977
5.89236
5.8955
5.89918
5.90338
5.90812
5.91338
5.91916
5.92546
5.93228
5.93961
5.94745
5.95579
5.96464
5.97398
5.98382
5.99413
6.0049
6.01612
6.02777
6.03981
6.05221
6.06494
6.07796
6.0912
6.10463
6.11817
6.13177
6.14536
6.15887
6.17222
6.18535
6.19817
6.21062
6.22261
6.23408
6.24496
6.25518
6.26467
6.27338
6.28125
6.28824
6.29431
6.29942
6.30356
6.30669
6.30883
6.30996
6.31009
6.30925
6.30744
6.30471
6.30108
6.29661
6.29132
6.28527
6.27851
6.27108
6.26305
6.25445
6.24533
6.23575
6.22576
6.21538
6.20467
6.19368
6.18243
6.17097
6.15934
6.14757
6.13572
6.12381
6.11189
6.10001
6.08822
6.07656
6.06509
6.05386
6.04293
6.03236
6.0222
6.0125
6.00333
5.99472
5.98672
5.97937
5.97268
5.96669
5.9614
5.95682
5.95294
5.94975
5.94724
5.94537
5.94414
5.9435
5.94343
5.9439
5.94486
5.94629
5.94815
5.9504
5.95301
5.95593
5.95911
5.96253
5.96613
5.96987
5.97371
5.97759
5.98148
5.98534
5.98911
5.99277
5.99628
5.99961
6.00272
6.00561
6.00825
6.01063
6.01275
6.01463
6.01626
6.01767
6.0189
6.01997
6.02094
6.02186
6.02279
6.0238
6.02495
6.02632
6.02798
6.03002
6.03251
6.03551
6.03911
6.04335
6.0483
6.05399
6.06047
6.06776
6.07588
6.08481
6.09455
6.10507
6.11634
6.12829
6.14086
6.15398
6.16756
6.1815
6.19571
6.21008
6.2245
6.23886
6.25305
6.26698
6.28052
6.2936
6.30611
6.31798
6.32912
6.33949
6.34902
6.35766
6.36539
6.37218
6.37801
6.38289
6.38683
6.38983
6.39193
6.39317
6.39359
6.39323
6.39216
6.39043
6.38811
6.38527
6.38197
6.37827
6.37425
6.36996
6.36547
6.36081
6.35603
6.35119
6.3463
6.34139
6.33649
6.3316
6.32674
6.32191
6.31711
6.31234
6.3076
6.30288
6.29817
6.29348
6.28881
6.28415
6.27952
6.27492
6.27037
6.26587
6.26145
6.25712
6.2529
6.24883
6.24491
6.24117
6.23763
6.2343
6.23119
6.22831
6.22566
6.22322
6.221
6.21896
6.21709
6.21534
6.21369
6.21208
6.21048
6.20883
6.20708
6.20518
6.20309
6.20075
6.19812
6.19516
6.19183
6.18811
6.18398
6.17941
6.17441
6.16896
6.16307
6.15675
6.15003
6.14292
6.13545
6.12766
6.11959
6.11129
6.1028
6.09418
6.08547
6.07675
6.06805
6.05945
6.051
6.04277
6.0348
6.02715
6.01988
6.01304
6.00666
6.00079
5.99547
5.99072
5.98657
5.98304
5.98013
5.97784
5.97617
5.97512
5.97465
5.97474
5.97536
5.97647
5.97804
5.98001
5.98234
5.98498
5.98787
5.99098
5.99425
5.99764
6.00111
6.00461
6.00812
6.0116
6.01503
6.01838
6.02164
6.02479
6.02782
6.03072
6.03349
6.03613
6.03863
6.041
6.04323
6.04532
6.04728
6.04909
6.05077
6.05229
6.05367
6.05488
6.05593
6.05681
6.05752
6.05805
6.05841
6.05861
6.05866
6.05858
6.05838
6.0581
6.05778
6.05743
6.0571
6.05683
6.05664
6.05656
6.05664
6.05687
6.05728
6.05787
6.05865
6.0596
6.06072
6.062
6.06341
6.06493
6.06656
6.06827
6.07005
6.07189
6.0738
6.07577
6.0778
6.0799
6.08209
6.08437
6.08676
6.08928
6.09192
6.09471
6.09764
6.10072
6.10395
6.10732
6.11082
6.11445
6.11818
6.12202
6.12593
6.12992
6.13396
6.13804
6.14217
6.14633
6.15052
6.15474
6.15901
6.16332
6.1677
6.17215
6.17669
6.18133
6.1861
6.191
6.19606
6.20127
6.20665
6.21221
6.21793
6.22381
6.22983
6.23599
6.24225
6.24859
6.25497
6.26136
6.26772
6.27399
6.28014
6.28612
6.29187
6.29735
6.30251
6.30729
6.31165
6.31554
6.31891
6.32173
6.32393
6.3255
6.32638
6.32655
6.32598
6.32464
6.32252
6.31961
6.3159
6.31139
6.30611
6.30006
6.29327
6.28579
6.27767
6.26896
6.25974
6.25007
6.24004
6.22975
6.2193
6.20878
6.19829
6.18795
6.17786
6.1681
6.15878
6.14997
6.14174
6.13416
6.12728
6.12112
6.11572
6.11107
6.10717
6.10399
6.10152
6.09969
6.09847
6.09779
6.09758
6.09777
6.09827
6.09901
6.0999
6.10087
6.10181
6.10267
6.10335
6.10378
6.10391
6.10367
6.10301
6.1019
6.1003
6.0982
6.09558
6.09246
6.08883
6.08473
6.08019
6.07524
6.06993
6.06431
6.05843
6.05235
6.04612
6.03979
6.03343
6.02708
6.02078
6.01458
6.00851
6.00261
5.99691
5.99142
5.98617
5.98117
5.97643
5.97196
5.96775
5.96381
5.96012
5.95669
5.95349
5.95052
5.94777
5.94521
5.94285
5.94065
5.93862
5.93674
5.93502
5.93344
5.93201
5.93075
5.92965
5.92874
5.92803
5.92755
5.92732
5.92737
5.92773
5.92843
5.92949
5.93093
5.93277
5.93503
5.93772
5.94084
5.94437
5.94832
5.95265
5.95733
5.96234
5.96762
5.97313
5.97881
5.98461
5.99044
5.99626
6.00199
6.00756
6.0129
6.01795
6.02263
6.02688
6.03064
6.03387
6.0365
6.03851
6.03985
6.0405
6.04045
6.03968
6.0382
6.03602
6.03316
6.02964
6.02551
6.02082
6.01561
6.00995
6.0039
5.99753
5.99093
5.98416
5.97731
5.97046
5.96368
5.95707
5.95069
5.94463
5.93895
5.93374
5.92905
5.92495
5.9215
5.91874
5.91672
5.91548
5.91503
5.9154
5.91658
5.91857
5.92134
5.92486
5.92909
5.93398
5.93946
5.94548
5.95195
5.95881
5.96596
5.97335
5.98088
5.98848
5.99609
6.00362
6.01102
6.01823
6.02518
6.03182
6.03811
6.044
6.04945
6.05441
6.05887
6.06278
6.06613
6.06891
6.0711
6.0727
6.07372
6.07418
6.0741
6.07352
6.07248
6.07103
6.06924
6.06717
6.0649
6.06251
6.06008
6.05769
6.05543
6.05335
6.05155
6.05007
6.04898
6.04833
6.04813
6.04843
6.04922
6.05052
6.0523
6.05456
6.05725
6.06034
6.06379
6.06755
6.07156
6.07577
6.08013
6.08457
6.08904
6.0935
6.0979
6.10219
6.10635
6.11034
6.11416
6.11778
6.1212
6.12442
6.12746
6.13034
6.13307
6.13568
6.13821
6.14068
6.14314
6.14562
6.14817
6.1508
6.15356
6.15647
6.15956
6.16285
6.16635
6.17007
6.17402
6.17818
6.18254
6.18709
6.1918
6.19663
6.20155
6.20652
6.21148
6.21638
6.22115
6.22575
6.23011
6.23417
6.23787
6.24115
6.24396
6.24625
6.24797
6.2491
6.2496
6.24946
6.24868
6.24726
6.24521
6.24258
6.23941
6.23575
6.23168
6.22726
6.22258
6.21773
6.21279
6.20784
6.20295
6.19818
6.19357
6.18914
6.1849
6.18086
6.17697
6.1732
6.16951
6.16585
6.16216
6.15838
6.15447
6.15039
6.1461
6.14159
6.13684
6.13186
6.12666
6.12127
6.11572
6.11004
6.1043
6.09853
6.0928
6.08716
6.08167
6.07639
6.07137
6.06666
6.06228
6.05829
6.05469
6.05152
6.04876
6.04642
6.04448
6.04291
6.0417
6.04078
6.04012
6.03965
6.03932
6.03905
6.0388
6.03847
6.03801
6.03736
6.03646
6.03525
6.03369
6.03175
6.02941
6.02664
6.02345
6.01985
6.01585
6.0115
6.00683
6.00188
5.99672
5.9914
5.98598
5.98053
5.97512
5.96981
5.96467
5.95974
5.95511
5.95081
5.9469
5.94343
5.94046
5.93802
5.93615
5.93491
5.93433
5.93444
5.93526
5.93684
5.93918
5.94231
5.94623
5.95095
5.95648
5.96282
5.96996
5.9779
5.98663
5.99615
6.00643
6.01745
6.02919
6.04162
6.05467
6.06831
6.08244
6.09698
6.11184
6.1269
6.14204
6.15713
6.17205
6.18668
6.20089
6.21457
6.22763
6.23997
6.25152
6.26224
6.27208
6.28103
6.28907
6.29621
6.30248
6.30791
6.31255
6.31644
6.31965
6.32224
6.32428
6.32583
6.32695
6.32772
6.32819
6.32841
6.32843
6.32829
6.32804
6.32768
6.32726
6.32677
6.32624
6.32566
6.32503
6.32435
6.32363
6.32285
6.322
6.3211
6.32014
6.31911
6.31803
6.3169
6.31573
6.31454
6.31335
6.31218
6.31106
6.31001
6.30907
6.30826
6.30762
6.30719
6.30699
6.30706
6.30742
6.30809
6.3091
6.31045
6.31214
6.31416
6.3165
6.31912
6.32199
6.32507
6.32829
6.3316
6.33494
6.33823
6.34142
6.34443
6.34722
6.34971
6.35188
6.35367
6.35506
6.35603
6.35656
6.35666
6.35631
6.35554
6.35436
6.35278
6.35083
6.34853
6.34589
6.34294
6.33969
6.33615
6.33232
6.32822
6.32382
6.31913
6.31414
6.30882
6.30316
6.29715
6.29078
6.28403
6.2769
6.26941
6.26155
6.25337
6.24488
6.23613
6.22717
6.21806
6.20885
6.1996
6.19037
6.18123
6.17222
6.16338
6.15477
6.1464
6.13831
6.13051
6.12302
6.11586
6.10903
6.10256
6.09646
6.09074
6.08543
6.08055
6.07613
6.0722
6.06879
6.06591
6.06359
6.06185
6.06071
6.06018
6.06025
6.06093
6.06221
6.06407
6.06649
6.06943
6.07287
6.07676
6.08106
6.08571
6.09066
6.09584
6.10121
6.10669
6.11222
6.11772
6.12313
6.12838
6.13339
6.1381
6.14242
6.14631
6.14968
6.15247
6.15463
6.15609
6.1568
6.15673
6.15582
6.15405
6.15139
6.14783
6.14336
6.13798
6.13169
6.12451
6.11646
6.10758
6.09789
6.08744
6.07627
6.06445
6.05201
6.03902
6.02555
6.01166
5.9974
5.98285
5.96808
5.95314
5.9381
5.92301
5.90793
5.8929
5.87797
5.86318
5.84856
5.83414
5.81994
5.80598
5.79229
5.77888
5.76578
5.75302
5.74063
5.72864
5.7171
5.70605
5.69555
5.68566
5.67643
5.66792
5.6602
5.65332
5.64734
5.64231
5.63827
5.63525
5.63327
5.63235
5.63247
5.63363
5.6358
5.63895
5.64302
5.64797
5.65373
5.66024
5.66742
5.67522
5.68356
5.69237
5.7016
5.71118
5.72106
5.7312
5.74156
5.7521
5.7628
5.77364
5.7846
5.79567
5.80685
5.81813
5.8295
5.84098
5.85254
5.86421
5.87596
5.88779
5.89969
5.91164
5.92362
5.93561
5.94757
5.95946
5.97124
5.98286
5.99427
6.00541
6.01622
6.02664
6.0366
6.04605
6.05493
6.06317
6.07072
6.07754
6.08357
6.08879
6.09315
6.09665
6.09926
6.10097
6.10178
6.10171
6.10077
6.09897
6.09636
6.09295
6.08879
6.08392
6.0784
6.07226
6.06557
6.05838
6.05074
6.04272
6.03436
6.02573
6.01688
6.00787
5.99874
5.98955
5.98034
5.97114
5.962
5.95293
5.94397
5.93514
5.92644
5.9179
5.90952
5.90131
5.89328
5.88544
5.87781
5.8704
5.86323
5.85633
5.84974
5.84348
5.83761
5.83215
5.82716
5.82268
5.81874
5.8154
5.81267
5.81058
5.80917
5.80844
5.80841
5.80907
5.81043
5.81246
5.81516
5.81851
5.82248
5.82704
5.83216
5.83781
5.84396
5.85055
5.85755
5.86491
5.87258
5.88051
5.88864
5.89693
5.90529
5.91367
5.922
5.93021
5.93823
5.94599
5.95343
5.96047
5.96707
5.97315
5.97868
5.98361
5.98789
5.99152
5.99445
5.99669
5.99824
5.99909
5.99928
5.99881
5.99773
5.99607
5.99387
5.9912
5.98809
5.98461
5.98081
5.97677
5.97253
5.96817
5.96374
5.9593
5.95492
5.95064
5.94651
5.94259
5.93891
5.93551
5.93242
5.92966
5.92724
5.92517
5.92344
5.92204
5.92096
5.92017
5.91965
5.91936
5.91926
5.91933
5.91951
5.91977
5.92008
5.92039
5.92067
5.9209
5.92103
5.92106
5.92094
5.92068
5.92024
5.91964
5.91885
5.91789
5.91676
5.91547
5.91405
5.91251
5.91089
5.90921
5.90752
5.90586
5.90426
5.90277
5.90143
5.90027
5.89935
5.89868
5.89829
5.89822
5.89848
5.89908
5.90003
5.90135
5.90301
5.90503
5.9074
5.91009
5.91311
5.91643
5.92003
5.9239
5.92802
5.93236
5.93691
5.94163
5.94652
5.95155
5.95669
5.96192
5.96722
5.97256
5.97792
5.98326
5.98855
5.99377
5.99887
6.00383
6.00861
6.01317
6.01748
6.02151
6.02523
6.02863
6.03167
6.03436
6.03668
6.03862
6.04022
6.04146
6.04239
6.04303
6.04343
6.04361
6.04365
6.04359
6.04349
6.04343
6.04344
6.04361
6.04398
6.04462
6.04555
6.04682
6.04846
6.05047
6.05287
6.05565
6.05879
6.06227
6.06605
6.07011
6.0744
6.07887
6.08349
6.08822
6.093
6.09781
6.1026
6.10735
6.11201
6.11656
6.12097
6.12521
6.12925
6.13308
6.13666
6.13999
6.14305
6.14582
6.14832
6.15054
6.15251
6.15423
6.15576
6.15712
6.15837
6.15956
6.16075
6.16199
6.16335
6.16487
6.16662
6.16862
6.17092
6.17354
6.17648
6.17974
6.18331
6.18717
6.19126
6.19554
6.19993
6.20435
6.20872
6.21291
6.21684
6.22038
6.22342
6.22587
6.22762
6.22862
6.2288
6.22813
6.22661
6.22427
6.22115
6.21732
6.21288
6.20794
6.20261
6.19702
6.19128
6.18549
6.17976
6.17413
6.16867
6.16338
6.15827
6.1533
6.14843
6.1436
6.13876
6.13382
6.12873
6.12344
6.11789
6.11205
6.10589
6.09941
6.09262
6.08551
6.07812
6.07047
6.06259
6.05453
6.04632
6.038
6.02961
6.02118
6.01275
6.00434
5.99599
5.98771
5.97954
5.97148
5.96357
5.95581
5.94822
5.94083
5.93365
5.92669
5.91998
5.91355
5.9074
5.90157
5.89608
5.89095
5.8862
5.88186
5.87793
5.87444
5.87139
5.86879
5.86661
5.86487
5.86353
5.86258
5.86199
5.86172
5.86173
5.86199
5.86246
5.86308
5.86383
5.86466
5.86554
5.86643
5.8673
5.86812
5.86886
5.86951
5.87002
5.87039
5.87059
5.8706
5.8704
5.86996
5.86928
5.86833
5.8671
5.86559
5.86379
5.86169
5.85933
5.8567
5.85385
5.85082
5.84765
5.8444
5.84114
5.83795
5.8349
5.83209
5.8296
5.8275
5.82588
5.8248
5.82432
5.82449
5.82533
5.82687
5.82909
5.83198
5.8355
5.83962
5.84428
5.8494
5.85492
5.86077
5.86686
5.87311
5.87946
5.88583
5.89216
5.89839
5.90447
5.91035
5.91601
5.92141
5.92655
5.9314
5.93597
5.94027
5.94429
5.94806
5.9516
5.95493
5.95808
5.96107
5.96395
5.96674
5.96947
5.97218
5.97491
5.97768
5.98053
5.98348
5.98656
5.98979
5.99319
5.99677
6.00053
6.00448
6.0086
6.01289
6.01733
6.0219
6.02658
6.03134
6.03616
6.041
6.04585
6.05066
6.05543
6.06012
6.06472
6.06921
6.07358
6.07781
6.0819
6.08584
6.08963
6.09329
6.09681
6.10021
6.10351
6.10673
6.10991
6.11307
6.11626
6.11952
6.12288
6.12639
6.13009
6.13401
6.13819
6.14266
6.14742
6.15248
6.15784
6.16349
6.16941
6.17555
6.18188
6.18835
6.19491
6.2015
6.20806
6.21454
6.22088
6.22702
6.23292
6.23854
6.24384
6.24879
6.25335
6.25753
6.26129
6.26463
6.26756
6.27006
6.27215
6.27382
6.27509
6.27596
6.27644
6.27654
6.27626
6.27562
6.27461
6.27325
6.27154
6.26948
6.26709
6.26437
6.26134
6.25799
6.25435
6.25042
6.24621
6.24174
6.23702
6.23204
6.22683
6.22138
6.2157
6.2098
6.20367
6.19731
6.19072
6.18392
6.17688
6.16964
6.16218
6.15453
6.1467
6.13872
6.13062
6.12244
6.11423
6.10605
6.09797
6.09005
6.08238
6.07505
6.06816
6.0618
6.05608
6.0511
6.04695
6.04372
6.04148
6.04031
6.04023
6.04127
6.04344
6.0467
6.05101
6.05629
6.06245
6.06939
6.07698
6.08509
6.09357
6.1023
6.11113
6.11993
6.12858
6.13697
6.14501
6.15262
6.15975
6.16636
6.17242
6.17795
6.18296
6.1875
6.19161
6.19535
6.19882
6.20207
6.20519
6.20825
6.2113
6.21441
6.21762
6.22093
6.22437
6.22793
6.23158
6.23532
6.23909
6.24287
6.2466
6.25024
6.25376
6.2571
6.26023
6.26311
6.26571
6.26799
6.26993
6.27149
6.27265
6.27338
6.27365
6.27343
6.2727
6.27141
6.26956
6.26711
6.26405
6.26037
6.25607
6.25113
6.24559
6.23945
6.23274
6.22549
6.21775
6.20958
6.20102
6.19215
6.18303
6.17375
6.16438
6.15502
6.14575
6.13666
6.12785
6.11941
6.11143
6.10399
6.09718
6.09105
6.08568
6.0811
6.07736
6.07446
6.07242
6.07121
6.07081
6.07115
6.07219
6.07384
6.07601
6.07861
6.08152
6.08465
6.08788
6.09111
6.09425
6.0972
6.09989
6.10225
6.10423
6.1058
6.10693
6.10762
6.10787
6.10771
6.10718
6.10631
6.10518
6.10383
6.10236
6.10084
6.09933
6.09793
6.0967
6.09571
6.09502
6.09466
6.09467
6.09506
6.09582
6.09693
6.09837
6.10009
6.10203
6.10413
6.10634
6.10859
6.11082
6.11299
6.11504
6.11694
6.11868
6.12024
6.12161
6.12282
6.12388
6.12482
6.12566
6.12644
6.12721
6.128
6.12885
6.12979
6.13087
6.13212
6.13357
6.13523
6.13715
6.13934
6.14181
6.14457
6.14762
6.15096
6.15458
6.15844
6.16253
6.16681
6.17123
6.17574
6.18029
6.18485
6.18936
6.19378
6.19809
6.20225
6.20626
6.2101
6.21379
6.21734
6.22075
6.22406
6.2273
6.23048
6.23364
6.23681
6.24
6.24323
6.24651
6.24985
6.25323
6.25665
6.26009
6.26351
6.26688
6.27016
6.2733
6.27625
6.27896
6.28137
6.28343
6.2851
6.28631
6.28705
6.28726
6.28693
6.28604
6.28459
6.28258
6.28003
6.27697
6.27344
6.2695
6.26519
6.2606
6.25581
6.25088
6.24592
6.241
6.23622
6.23165
6.22738
6.22346
6.21997
6.21695
6.21444
6.21245
6.211
6.21007
6.20967
6.20975
6.21028
6.21122
6.21253
6.21415
6.21605
6.21818
6.2205
6.22298
6.22561
6.22837
6.23126
6.23427
6.2374
6.24065
6.24403
6.24752
6.25111
6.25477
6.25849
6.2622
6.26587
6.26944
6.27284
6.27599
6.27884
6.28131
6.28332
6.28481
6.28572
6.28599
6.28557
6.28442
6.28249
6.27976
6.2762
6.2718
6.26654
6.26042
6.25344
6.24561
6.23694
6.22743
6.21712
6.20602
6.19416
6.18157
6.16828
6.15433
6.13975
6.12459
6.1089
6.09272
6.07611
6.05913
6.04184
6.02431
6.0066
5.98879
5.97096
5.9532
5.93559
5.91821
5.90117
5.88454
5.86842
5.85289
5.83805
5.82397
5.81073
5.7984
5.78703
5.77668
5.76739
5.7592
5.75212
5.74617
5.74135
5.73767
5.73512
5.73369
5.73337
5.73416
5.73605
5.73904
5.74314
5.74834
5.75467
5.76214
5.77076
5.78055
5.7915
5.80361
5.81687
5.83124
5.84667
5.86308
5.88039
5.89848
5.91724
5.93654
5.95622
5.97614
5.99614
6.01609
6.03582
6.0552
6.0741
6.09239
6.10997
6.12672
6.14255
6.1574
6.17118
6.18385
6.19535
6.20564
6.21471
6.22253
6.2291
6.23442
6.2385
6.24135
6.24301
6.24349
6.24285
6.24112
6.23835
6.23461
6.22994
6.22442
6.2181
6.21107
6.2034
6.19516
6.18643
6.17729
6.16782
6.15811
6.14823
6.13826
6.12827
6.11836
6.10858
6.09901
6.08971
6.08074
6.07217
6.06403
6.05638
6.04926
6.04269
6.0367
6.0313
6.0265
6.0223
6.01869
6.01566
6.01316
6.01118
6.00968
6.00862
6.00796
6.00764
6.00765
6.00792
6.00843
6.00916
6.01006
6.01113
6.01234
6.01368
6.01513
6.0167
6.01836
6.02011
6.02194
6.02382
6.02575
6.02771
6.02966
6.03158
6.03345
6.03522
6.03688
6.03838
6.0397
6.0408
6.04165
6.04224
6.04254
6.04254
6.04223
6.04161
6.0407
6.03949
6.03802
6.03631
6.03439
6.0323
6.03008
6.02779
6.02547
6.02317
6.02093
6.01881
6.01684
6.01507
6.01351
6.01219
6.01112
6.01031
6.00974
6.00939
6.00924
6.00924
6.00936
6.00954
6.00972
6.00986
6.00988
6.00973
6.00937
6.00873
6.00779
6.0065
6.00484
6.0028
6.00036
5.99752
5.99429
5.99067
5.98669
5.98235
5.97768
5.97269
5.96739
5.96181
5.95595
5.94981
5.94341
5.93674
5.92982
5.92264
5.9152
5.90752
5.8996
5.89146
5.88311
5.87458
5.8659
5.85711
5.84824
5.83934
5.83044
5.82161
5.81288
5.80431
5.79595
5.78784
5.78002
5.77256
5.76548
5.75882
5.75263
5.74694
5.74179
5.7372
5.73321
5.72984
5.72713
5.7251
5.72378
5.72318
5.72334
5.72427
5.72599
5.72851
5.73184
5.736
5.74099
5.74681
5.75344
5.76089
5.76912
5.77812
5.78786
5.79829
5.80938
5.82106
5.83329
5.84598
5.85909
5.87252
5.8862
5.90005
5.91399
5.92794
5.94182
5.95554
5.96905
5.98226
5.99512
6.00757
6.01956
6.03103
6.04194
6.05225
6.06193
6.07094
6.07926
6.08685
6.09368
6.09974
6.105
6.10945
6.11306
6.11583
6.11776
6.11883
6.11905
6.11844
6.117
6.11476
6.11175
6.10801
6.10357
6.0985
6.09283
6.08664
6.07999
6.07294
6.06556
6.05793
6.0501
6.04215
6.03412
6.02608
6.01808
6.01015
6.00234
5.99466
5.98715
5.97983
5.9727
5.96577
5.95906
5.95256
5.9463
5.94026
5.93446
5.9289
5.9236
5.91855
5.91376
5.90923
5.90496
5.90095
5.89716
5.8936
5.89022
5.88699
5.88387
5.88081
5.87777
5.87469
5.8715
5.86816
5.86462
5.86081
5.8567
5.85224
5.8474
5.84216
5.83649
5.83038
5.82385
5.81688
5.8095
5.80174
5.79363
5.78522
5.77655
5.76769
5.75871
5.74969
5.7407
5.73185
5.72323
5.71494
5.70708
5.69976
5.69307
5.68711
5.68199
5.67777
5.67452
5.67232
5.67119
5.67116
5.67225
5.67444
5.67772
5.68202
5.6873
5.69349
5.70051
5.70826
5.71665
5.72558
5.73494
5.74465
5.75459
5.76467
5.77481
5.78491
5.79489
5.80468
5.81421
5.82343
5.83226
5.84067
5.84861
5.85605
5.86297
5.86935
5.87518
5.88047
5.88524
5.88953
5.89337
5.89682
5.89995
5.90283
5.90556
5.90822
5.9109
5.9137
5.91669
5.91995
5.92354
5.9275
5.93185
5.93659
5.94172
5.94721
5.953
5.95905
5.9653
5.97169
5.97818
5.98472
5.99128
5.99782
6.00434
6.01082
6.01726
6.02367
6.03005
6.03641
6.04276
6.0491
6.05542
6.06174
6.06803
6.07428
6.08048
6.08662
6.09266
6.09859
6.10439
6.11004
6.11553
6.12085
6.12598
6.13094
6.13572
6.14035
6.14483
6.14919
6.15347
6.1577
6.16193
6.1662
6.17056
6.17505
6.17972
6.1846
6.18972
6.19511
6.20078
6.20673
6.21295
6.21941
6.22608
6.2329
6.23982
6.24678
6.2537
6.26049
6.2671
6.27342
6.27938
6.28491
6.28993
6.29438
6.29821
6.30136
6.30379
6.30548
6.3064
6.30653
6.30587
6.30442
6.30219
6.29918
6.2954
6.29088
6.28564
6.27968
6.27303
6.26571
6.25773
6.24911
6.23986
6.23
6.21954
6.20848
6.19684
6.18464
6.17187
6.15856
6.14472
6.13036
6.11551
6.1002
6.08444
6.06827
6.05174
6.03489
6.01776
6.00042
5.98293
5.96538
5.94783
5.93039
5.91315
5.89622
5.87971
5.86374
5.84843
5.83389
5.82025
5.80761
5.79608
5.78575
5.77668
5.76895
5.76258
5.75761
5.75401
5.75178
5.75087
5.75121
5.75274
5.75537
5.75899
5.76349
5.76878
5.77473
5.78124
5.78819
5.79549
5.80304
5.81075
5.81856
5.8264
5.8342
5.84194
5.84957
5.85708
5.86444
5.87165
5.87872
5.88564
5.89243
5.89909
5.90565
5.91212
5.91851
5.92483
5.93111
5.93734
5.94353
5.9497
5.95584
5.96196
5.96805
5.97412
5.98017
5.9862
5.99221
5.9982
6.00418
6.01015
6.01611
6.02208
6.02805
6.03404
6.04005
6.04608
6.05215
6.05827
6.06444
6.07069
6.07703
6.08348
6.09006
6.09681
6.10375
6.11093
6.11837
6.12611
6.13417
6.14259
6.15139
6.16057
6.17013
6.18008
6.19037
6.20099
6.21187
6.22298
6.23423
6.24556
6.25689
6.26813
6.27921
6.29003
6.30053
6.31062
6.32022
6.32929
6.33776
6.34557
6.35269
6.35909
6.36474
6.36961
6.37371
6.37703
6.37957
6.38135
6.38237
6.38267
6.38226
6.38118
6.37945
6.37711
6.37419
6.37072
6.36675
6.36231
6.35742
6.35213
6.34645
6.34043
6.33409
6.32745
6.32054
6.3134
6.30604
6.2985
6.29081
6.28299
6.27508
6.26713
6.25916
6.25122
6.24337
6.23565
6.22811
6.22082
6.21383
6.20721
6.20101
6.1953
6.19013
6.18556
6.18165
6.17843
6.17595
6.17423
6.17331
6.17318
6.17385
6.17532
6.17757
6.18057
6.18428
6.18868
6.19372
6.19933
6.20549
6.21212
6.21918
6.22661
6.23436
6.24238
6.25063
6.25904
6.2676
6.27625
6.28497
6.29373
6.3025
6.31128
6.32003
6.32876
6.33746
6.34611
6.35472
6.36328
6.37178
6.38021
6.38856
6.3968
6.4049
6.41283
6.42054
6.42798
6.43508
6.44177
6.44799
6.45364
6.45864
6.46293
6.46641
6.46901
6.47067
6.47131
6.47089
6.46937
6.46672
6.46292
6.45798
6.45191
6.44475
6.43654
6.42735
6.41726
6.40636
6.39479
6.38265
6.37009
6.35727
6.34435
6.33147
6.31881
6.30653
6.29479
6.28372
6.27347
6.26415
6.25588
6.24876
6.24286
6.23826
6.23502
6.23317
6.23276
6.2338
6.23629
6.24023
6.24557
6.25228
6.26029
6.2695
6.27983
6.29116
6.30337
6.31631
6.32985
6.34385
6.35817
6.37267
6.38722
6.40169
6.41597
6.42995
6.44352
6.4566
6.4691
6.48096
6.49211
6.50249
6.51206
6.52078
6.52861
6.53554
6.54153
6.54659
6.55069
6.55385
6.55607
6.55736
6.55774
6.55723
6.55586
6.55366
6.55067
6.54692
6.54247
6.53736
6.53163
6.52534
6.51852
6.51123
6.50349
6.49537
6.48687
6.47805
6.46891
6.45947
6.44976
6.43977
6.42952
6.41901
6.40824
6.39721
6.38592
6.37439
6.36261
6.35062
6.33841
6.32602
6.31348
6.30083
6.2881
6.27534
6.2626
6.24993
6.23738
6.22501
6.21286
6.20098
6.18942
6.17821
6.16738
6.15697
6.14697
6.13741
6.12828
6.11956
6.11124
6.1033
6.09572
6.08845
6.08147
6.07476
6.0683
6.06206
6.05604
6.05025
6.04469
6.03939
6.03438
6.02971
6.02542
6.02157
6.01822
6.01543
6.01327
6.0118
6.01105
6.01106
6.01188
6.01349
6.0159
6.01908
6.02298
6.02754
6.03269
6.03833
6.04435
6.05063
6.05706
6.06349
6.0698
6.07587
6.08158
6.0868
6.09144
6.09542
6.09865
6.10109
6.10268
6.10341
6.10328
6.10231
6.10051
6.09796
6.09472
6.09087
6.08652
6.08178
6.07677
6.07161
6.06645
6.06142
6.05664
6.05224
6.04833
6.04502
6.04238
6.04049
6.03939
6.03911
6.03967
6.04105
6.04323
6.04616
6.04979
6.05405
6.05886
6.06412
6.06976
6.07567
6.08176
6.08793
6.09408
6.10013
6.10598
6.11156
6.11678
6.12159
6.12592
6.12971
6.13292
6.13552
6.13748
6.13878
6.13942
6.1394
6.13872
6.13742
6.13553
6.13308
6.13012
6.12672
6.12294
6.11885
6.11453
6.11004
6.10548
6.10092
6.09643
6.09208
6.08794
6.08406
6.08049
6.07726
6.07439
6.0719
6.06979
6.06803
6.06661
6.06549
6.06462
6.06394
6.0634
6.06293
6.06245
6.06189
6.06119
6.06028
6.05909
6.05757
6.05567
6.05336
6.05059
6.04737
6.04368
6.03954
6.03498
6.03003
6.02474
6.01917
6.01341
6.00753
6.00161
5.99574
5.99001
5.98449
5.97927
5.97441
5.96995
5.96594
5.9624
5.95934
5.95676
5.95466
5.953
5.95176
5.9509
5.95038
5.95015
5.95018
5.9504
5.95078
5.95127
5.95182
5.95239
5.95294
5.95344
5.95385
5.95415
5.95431
5.95433
5.95419
5.95389
5.95344
5.95285
5.95213
5.95131
5.95041
5.94948
5.94853
5.94762
5.94677
5.94603
5.94544
5.94502
5.94481
5.94483
5.94511
5.94566
5.94648
5.94759
5.94898
5.95062
5.95252
5.95463
5.95693
5.9594
5.96197
5.96463
5.96733
5.97002
5.97267
5.97523
5.97768
5.97999
5.98211
5.98404
5.98574
5.98721
5.98842
5.98938
5.99008
5.99052
5.9907
5.99064
5.99033
5.98981
5.9891
5.98821
5.98719
5.98605
5.98484
5.9836
5.98235
5.98113
5.97997
5.9789
5.97793
5.97709
5.97639
5.97582
5.97537
5.97505
5.97483
5.97469
5.9746
5.97455
5.97451
5.97445
5.97434
5.97417
5.97391
5.97356
5.97311
5.97255
5.97189
5.97115
5.97033
5.96945
5.96856
5.96766
5.96681
5.96603
5.96536
5.96484
5.9645
5.96438
5.9645
5.96491
5.96561
5.96662
5.96796
5.96962
5.97161
5.97391
5.97652
5.97942
5.98257
5.98597
5.98957
5.99336
5.9973
6.00137
6.00554
6.00981
6.01414
6.01853
6.02298
6.02747
6.03201
6.03661
6.04126
6.04598
6.05077
6.05564
6.0606
6.06565
6.0708
6.07603
6.08136
6.08677
6.09226
6.09781
6.10341
6.10905
6.11469
6.12033
6.12592
6.13146
6.1369
6.14221
6.14737
6.15235
6.1571
6.16161
6.16584
6.16977
6.17337
6.17663
6.17953
6.18206
6.18422
6.186
6.18742
6.18849
6.18921
6.1896
6.18969
6.1895
6.18906
6.18838
6.18748
6.1864
6.18514
6.18372
6.18215
