3.96247
3.9609
3.95869
3.95585
3.95236
3.94823
3.94345
3.93801
3.93193
3.92518
3.91776
3.90967
3.90091
3.89146
3.88131
3.87047
3.85892
3.84666
3.83367
3.81996
3.8055
3.79029
3.77432
3.75758
3.74007
3.72177
3.70267
3.68276
3.66204
3.6405
3.61812
3.5949
3.57084
3.54593
3.52015
3.49351
3.46601
3.43764
3.4084
3.37829
3.34732
3.31549
3.28281
3.24929
3.21494
3.17978
3.14382
3.10709
3.06962
3.03143
2.99255
2.95303
2.91289
2.8722
2.83099
2.78932
2.74725
2.70483
2.66213
2.61922
2.57617
2.53305
2.48994
2.44691
2.40405
2.36143
2.31914
2.27726
2.23586
2.19504
2.15486
2.1154
2.07674
2.03896
2.00211
1.96626
1.93147
1.89781
1.86531
1.83404
1.80402
1.77531
1.74792
1.7219
1.69726
1.67401
1.65218
1.63177
1.61278
1.59521
1.57905
1.5643
1.55093
1.53894
1.52829
1.51897
1.51094
1.50417
1.49863
1.49427
1.49107
1.48897
1.48793
1.48792
1.48887
1.49076
1.49351
1.4971
1.50146
1.50655
1.51232
1.51872
1.5257
1.5332
1.54119
1.54962
1.55842
1.56758
1.57702
1.58672
1.59664
1.60672
1.61693
1.62724
1.6376
1.64798
1.65835
1.66868
1.67893
1.68908
1.6991
1.70897
1.71866
1.72816
1.73743
1.74647
1.75525
1.76376
1.77199
1.77993
1.78756
1.79488
1.80187
1.80854
1.81487
1.82087
1.82652
1.83184
1.83681
1.84145
1.84575
1.84972
1.85336
1.85667
1.85967
1.86235
1.86474
1.86682
1.86862
1.87014
1.8714
1.87239
1.87315
1.87366
1.87396
1.87404
1.87392
1.87362
1.87314
1.8725
1.8717
1.87078
1.86972
1.86856
1.8673
1.86595
1.86453
1.86305
1.86151
1.85995
1.85835
1.85675
1.85514
1.85354
1.85197
1.85042
1.84892
1.84747
1.84608
1.84476
1.84353
1.84238
1.84133
1.84038
1.83954
1.83881
1.83821
1.83773
1.83737
1.83716
1.83707
1.83712
1.8373
1.83762
1.83808
1.83866
1.83938
1.84022
1.84119
1.84227
1.84347
1.84477
1.84618
1.84768
1.84927
1.85094
1.8527
1.85452
1.8564
1.85834
1.86033
1.86237
1.86444
1.86655
1.86869
1.87085
1.87303
1.87523
1.87744
1.87966
1.88188
1.88411
1.88634
1.88857
1.8908
1.89303
1.89525
1.89747
1.89968
1.90188
1.90407
1.90625
1.90843
1.91059
1.91274
1.91487
1.91699
1.91909
1.92118
1.92324
1.92528
1.92731
1.9293
1.93128
1.93322
1.93513
1.93702
1.93887
1.94069
1.94247
1.94421
1.94591
1.94758
1.9492
1.95078
1.95232
1.95381
1.95526
1.95667
1.95803
1.95936
1.96063
1.96187
1.96307
1.96423
1.96535
1.96644
1.96749
1.96852
1.96952
1.97049
1.97145
1.97239
1.97331
1.97423
1.97514
1.97606
1.97697
1.9779
1.97883
1.97978
1.98076
1.98175
1.98278
1.98383
1.98493
1.98606
1.98723
1.98844
1.9897
1.991
1.99235
1.99375
1.99519
1.99667
1.9982
1.99977
2.00137
2.00301
2.00468
2.00638
2.0081
2.00983
2.01158
2.01333
2.01508
2.01682
2.01855
2.02026
2.02194
2.0236
2.02522
2.0268
2.02833
2.02981
2.03123
2.03259
2.03389
2.03513
2.03629
2.03738
2.0384
2.03934
2.04021
2.04099
2.04171
2.04234
2.0429
2.04338
2.04379
2.04412
2.04438
2.04458
2.0447
2.04476
2.04476
2.04469
2.04456
2.04438
2.04414
2.04385
2.04351
2.04312
2.04269
2.0422
2.04168
2.04111
2.0405
2.03984
2.03915
2.03842
2.03764
2.03683
2.03597
2.03508
2.03414
2.03316
2.03214
2.03107
2.02996
2.0288
2.02759
2.02634
2.02503
2.02368
2.02227
2.02081
2.01929
2.01772
2.0161
2.01443
2.0127
2.01092
2.00909
2.00721
2.00528
2.00331
2.00129
1.99924
1.99715
1.99503
1.99289
1.99072
1.98853
1.98633
1.98413
1.98193
1.97973
1.97755
1.97538
1.97324
1.97113
1.96907
1.96705
1.96508
1.96317
1.96133
1.95956
1.95786
1.95625
1.95473
1.9533
1.95197
1.95074
1.94962
1.9486
1.9477
1.94691
1.94623
1.94568
1.94523
1.94491
1.9447
1.94461
1.94464
1.94478
1.94503
1.94539
1.94586
1.94643
1.9471
1.94787
1.94874
1.94969
1.95073
1.95185
1.95305
1.95433
1.95567
1.95708
1.95855
1.96008
1.96166
1.9633
1.96497
1.96669
1.96845
1.97024
1.97206
1.97391
1.97579
1.97768
1.9796
1.98152
1.98346
1.98541
1.98736
1.98932
1.99128
1.99323
1.99518
1.99712
1.99905
2.00097
2.00287
2.00476
2.00663
2.00847
2.01029
2.01209
2.01385
2.01559
2.01729
2.01897
2.0206
2.0222
2.02377
2.02529
2.02677
2.02821
2.0296
2.03095
2.03225
2.03351
2.03471
2.03586
2.03697
2.03801
2.039
2.03994
2.04082
2.04164
2.04239
2.04309
2.04373
2.0443
2.04481
2.04525
2.04563
2.04594
2.04618
2.04636
2.04648
2.04653
2.04651
2.04643
2.04629
2.04608
2.04582
2.0455
2.04511
2.04468
2.04419
2.04365
2.04306
2.04242
2.04174
2.04101
2.04025
2.03944
2.03861
2.03773
2.03683
2.03589
2.03493
2.03394
2.03292
2.03188
2.03082
2.02974
2.02864
2.02751
2.02637
2.02522
2.02404
2.02285
2.02165
2.02043
2.0192
2.01796
2.01671
2.01546
2.01419
2.01292
2.01165
2.01037
2.00909
2.00782
2.00655
2.00529
2.00403
2.00279
2.00156
2.00035
1.99917
1.998
1.99686
1.99575
1.99468
1.99363
1.99263
1.99167
1.99075
1.98988
1.98906
1.98829
1.98757
1.98691
1.9863
1.98576
1.98527
1.98484
1.98448
1.98417
1.98393
1.98375
1.98364
1.98358
1.98359
1.98366
1.98378
1.98397
1.98422
1.98452
1.98487
1.98528
1.98575
1.98626
1.98683
1.98744
1.9881
1.9888
1.98955
1.99033
1.99116
1.99202
1.99292
1.99386
1.99482
1.99581
1.99683
1.99788
1.99895
2.00004
2.00115
2.00227
2.00341
2.00455
2.00571
2.00687
2.00804
2.0092
2.01037
2.01153
2.01268
2.01383
2.01497
2.01609
2.01719
2.01828
2.01935
2.0204
2.02143
2.02243
2.0234
2.02435
2.02527
2.02616
2.02701
2.02784
2.02863
2.02938
2.0301
2.03078
2.03141
2.03201
2.03257
2.03308
2.03355
2.03397
2.03434
2.03466
2.03493
2.03515
2.03531
2.03541
2.03545
2.03544
2.03536
2.03522
2.03501
2.03474
2.0344
2.034
2.03352
2.03299
2.03238
2.03172
2.03099
2.03019
2.02934
2.02843
2.02746
2.02645
2.02538
2.02428
2.02313
2.02195
2.02074
2.01951
2.01826
2.017
2.01573
2.01445
2.01319
2.01193
2.0107
2.00948
2.00829
2.00714
2.00602
2.00495
2.00393
2.00295
2.00204
2.00118
2.00038
1.99965
1.99898
1.99838
1.99785
1.99739
1.997
1.99668
1.99644
1.99626
1.99616
1.99612
1.99616
1.99626
1.99643
1.99666
1.99696
1.99732
1.99774
1.99822
1.99876
1.99935
2
2.00071
2.00146
2.00226
2.00312
2.00402
2.00496
2.00595
2.00699
2.00806
2.00917
2.01032
2.01151
2.01273
2.01399
2.01527
2.0166
2.01795
2.01933
2.02074
2.02218
2.02365
2.02514
2.02666
2.0282
2.02977
2.03137
2.03298
2.03463
2.03629
2.03798
2.0397
2.04143
2.04319
2.04498
2.04678
2.04861
2.05046
2.05234
2.05423
2.05615
2.05808
2.06004
2.06201
2.064
2.06601
2.06803
2.07007
2.07212
2.07417
2.07624
2.07832
2.0804
2.08248
2.08456
2.08664
2.08872
2.09079
2.09286
2.09491
2.09695
2.09897
2.10098
2.10296
2.10493
2.10687
2.10878
2.11066
2.1125
2.11432
2.1161
2.11784
2.11953
2.12119
2.1228
2.12437
2.12588
2.12735
2.12876
2.13013
2.13143
2.13268
2.13387
2.135
2.13607
2.13708
2.13803
2.13891
2.13973
2.14048
2.14116
2.14179
2.14234
2.14283
2.14325
2.1436
2.14389
2.14412
2.14428
2.14438
2.14441
2.14439
2.1443
2.14416
2.14396
2.14371
2.1434
2.14305
2.14264
2.1422
2.14171
2.14117
2.14061
2.14
2.13937
2.1387
2.13801
2.1373
2.13656
2.13581
2.13504
2.13425
2.13346
2.13266
2.13186
2.13105
2.13025
2.12944
2.12864
2.12784
2.12706
2.12628
2.12551
2.12475
2.124
2.12327
2.12255
2.12184
2.12115
2.12047
2.11981
2.11916
2.11852
2.1179
2.11728
2.11668
2.11608
2.1155
2.11491
2.11434
2.11376
2.11318
2.1126
2.11202
2.11143
2.11083
2.11023
2.1096
2.10897
2.10831
2.10763
2.10694
2.10621
2.10546
2.10468
2.10387
2.10303
2.10215
2.10123
2.10028
2.09928
2.09824
2.09716
2.09604
2.09486
2.09365
2.09238
2.09107
2.08971
2.0883
2.08684
2.08534
2.08379
2.08219
2.08055
2.07887
2.07714
2.07538
2.07358
2.07175
2.06988
2.068
2.06609
2.06417
2.06224
2.0603
2.05837
2.05644
2.05453
2.05264
2.05078
2.04895
2.04717
2.04544
2.04377
2.04216
2.04063
2.03918
2.03783
2.03657
2.03541
2.03436
2.03343
2.03262
2.03193
2.03138
2.03096
2.03068
2.03054
2.03055
2.03069
2.03098
2.03141
2.03198
2.03268
2.03353
2.0345
2.0356
2.03682
2.03816
2.03961
2.04116
2.04281
2.04454
2.04636
2.04825
2.0502
2.05221
2.05427
2.05637
2.0585
2.06066
2.06283
2.06502
2.06721
2.0694
2.07157
2.07374
2.07588
2.078
2.08008
2.08213
2.08414
2.08611
2.08803
2.0899
2.09172
2.09349
2.0952
2.09685
2.09844
2.09997
2.10144
2.10284
2.10418
2.10546
2.10667
2.10783
2.10891
2.10994
2.1109
2.11181
2.11265
2.11344
2.11417
2.11484
2.11546
2.11602
2.11654
2.117
2.11741
2.11777
2.11808
2.11835
2.11856
2.11874
2.11886
2.11894
2.11898
2.11897
2.11892
2.11883
2.11869
2.11851
2.11829
2.11804
2.11774
2.11741
2.11705
2.11665
2.11622
2.11577
2.11529
2.11478
2.11426
2.11372
2.11317
2.1126
2.11203
2.11146
2.11088
2.11031
2.10974
2.10917
2.10862
2.10808
2.10755
2.10704
2.10654
2.10606
2.1056
2.10515
2.10473
2.10431
2.10392
2.10354
2.10317
2.10281
2.10247
2.10212
2.10179
2.10145
2.10111
2.10076
2.10041
2.10004
2.09967
2.09927
2.09885
2.09841
2.09795
2.09745
2.09693
2.09637
2.09578
2.09514
2.09447
2.09376
2.09301
2.09222
2.09138
2.09049
2.08957
2.08859
2.08757
2.08651
2.0854
2.08424
2.08304
2.08179
2.0805
2.07917
2.0778
2.07638
2.07492
2.07342
2.07189
2.07031
2.0687
2.06706
2.06538
2.06368
2.06194
2.06017
2.05838
2.05656
2.05472
2.05286
2.05097
2.04908
2.04716
2.04524
2.0433
2.04136
2.03941
2.03746
2.0355
2.03356
2.03161
2.02968
2.02775
2.02584
2.02395
2.02207
2.02022
2.0184
2.01661
2.01485
2.01312
2.01144
2.00979
2.00819
2.00664
2.00514
2.00369
2.0023
2.00096
1.99968
1.99847
1.99731
1.99622
1.99519
1.99423
1.99334
1.99251
1.99176
1.99107
1.99044
1.98989
1.98941
1.98899
1.98864
1.98837
1.98816
1.98802
1.98795
1.98795
1.98802
1.98816
1.98837
1.98865
1.98901
1.98943
1.98993
1.99051
1.99116
1.99188
1.99268
1.99356
1.99451
1.99554
1.99665
1.99783
1.9991
2.00044
2.00185
2.00334
2.0049
2.00653
2.00824
2.01001
2.01185
2.01375
2.01571
2.01773
2.0198
2.02192
2.02408
2.02629
2.02853
2.0308
2.0331
2.03542
2.03776
2.04011
2.04246
2.04481
2.04716
2.0495
2.05181
2.05411
2.05637
2.0586
2.06079
2.06293
2.06502
2.06706
2.06903
2.07093
2.07276
2.07452
2.07619
2.07779
2.07929
2.0807
2.08202
2.08324
2.08436
2.08539
2.08631
2.08713
2.08784
2.08846
2.08897
2.08937
2.08968
2.08989
2.09
2.09002
2.08995
2.08978
2.08953
2.0892
2.08879
2.08831
2.08776
2.08714
2.08646
2.08573
2.08495
2.08413
2.08327
2.08237
2.08145
2.08051
2.07955
2.07859
2.07762
2.07665
2.0757
2.07476
2.07385
2.07296
2.07211
2.0713
2.07053
2.06982
2.06916
2.06857
2.06805
2.0676
2.06723
2.06693
2.06673
2.06661
2.06659
2.06666
2.06683
2.0671
2.06747
2.06794
2.0685
2.06917
2.06994
2.07081
2.07178
2.07284
2.07399
2.07523
2.07655
2.07795
2.07943
2.08099
2.08261
2.08429
2.08603
2.08782
2.08965
2.09152
2.09343
2.09536
2.09732
2.09929
2.10128
2.10326
2.10525
2.10723
2.1092
2.11115
2.11308
2.11498
2.11686
2.11869
2.12049
2.12225
2.12396
2.12563
2.12724
2.1288
2.1303
2.13175
2.13314
2.13447
2.13573
2.13694
2.13808
2.13917
2.14019
2.14116
2.14206
2.14291
2.1437
2.14444
2.14513
2.14576
2.14635
2.14689
2.14739
2.14784
2.14826
2.14865
2.149
2.14932
2.14961
2.14988
2.15013
2.15036
2.15057
2.15076
2.15094
2.15111
2.15128
2.15143
2.15158
2.15173
2.15187
2.15201
2.15215
2.15229
2.15244
2.15258
2.15273
2.15288
2.15304
2.15321
2.15338
2.15355
2.15374
2.15393
2.15413
2.15434
2.15456
2.15479
2.15503
2.15529
2.15555
2.15583
2.15613
2.15644
2.15676
2.1571
2.15745
2.15782
2.15821
2.15861
2.15902
2.15945
2.15989
2.16034
2.1608
2.16127
2.16174
2.16221
2.16269
2.16316
2.16363
2.16408
2.16452
2.16495
2.16535
2.16572
2.16606
2.16637
2.16664
2.16686
2.16704
2.16716
2.16723
2.16724
2.1672
2.16708
2.16691
2.16666
2.16635
2.16597
2.16553
2.16502
2.16444
2.16381
2.16311
2.16236
2.16156
2.16072
2.15984
2.15892
2.15798
2.15701
2.15604
2.15505
2.15407
2.1531
2.15215
2.15122
2.15033
2.14947
2.14866
2.1479
2.14719
2.14655
2.14597
2.14546
2.14502
2.14464
2.14434
2.14411
2.14394
2.14384
2.1438
2.14381
2.14388
2.14398
2.14413
2.1443
2.1445
2.14471
2.14493
2.14515
2.14535
2.14553
2.14569
2.14581
2.14589
2.14592
2.14589
2.1458
2.14564
2.1454
2.14508
2.14468
2.1442
2.14362
2.14296
2.1422
2.14135
2.1404
2.13937
2.13824
2.13702
2.13571
2.13432
2.13285
2.13131
2.12969
2.128
2.12624
2.12443
2.12257
2.12065
2.1187
2.11671
2.11469
2.11264
2.11058
2.1085
2.10641
2.10433
2.10225
2.10018
2.09813
2.09609
2.09408
2.0921
2.09016
2.08825
2.08639
2.08457
2.08281
2.08109
2.07943
2.07783
2.07629
2.07481
2.07339
2.07204
2.07076
2.06954
2.06839
2.06731
2.06629
2.06534
2.06445
2.06363
2.06288
2.06218
2.06155
2.06098
2.06046
2.06
2.05959
2.05923
2.05893
2.05866
2.05845
2.05828
2.05815
2.05806
2.05801
2.05799
2.05802
2.05808
2.05817
2.05831
2.05848
2.05868
2.05893
2.05921
2.05953
2.0599
2.0603
2.06076
2.06125
2.0618
2.0624
2.06305
2.06376
2.06453
2.06535
2.06623
2.06718
2.06819
2.06927
2.07041
2.07161
2.07289
2.07422
2.07563
2.0771
2.07863
2.08022
2.08188
2.08359
2.08536
2.08718
2.08905
2.09096
2.09292
2.09492
2.09696
2.09903
2.10113
2.10325
2.1054
2.10756
2.10974
2.11192
2.11411
2.1163
2.11848
2.12066
2.12283
2.12498
2.12711
2.12922
2.1313
2.13335
2.13537
2.13735
2.13929
2.14118
2.14302
2.14481
2.14655
2.14823
2.14985
2.1514
2.15289
2.15431
2.15566
2.15693
2.15813
2.15925
2.16029
2.16124
2.16212
2.16291
2.16361
2.16423
2.16475
2.16519
2.16554
2.1658
2.16597
2.16605
2.16604
2.16594
2.16575
2.16547
2.16511
2.16466
2.16413
2.16351
2.16281
2.16204
2.16118
2.16026
2.15926
2.15819
2.15706
2.15586
2.1546
2.15329
2.15193
2.15051
2.14905
2.14755
2.14602
2.14444
2.14284
2.14122
2.13957
2.1379
2.13622
2.13454
2.13284
2.13114
2.12945
2.12776
2.12608
2.12441
2.12275
2.12112
2.1195
2.1179
2.11633
2.11479
2.11327
2.11179
2.11033
2.10891
2.10752
2.10617
2.10485
2.10356
2.10231
2.1011
2.09992
2.09877
2.09766
2.09659
2.09554
2.09453
2.09355
2.09261
2.09169
2.0908
2.08995
2.08912
2.08831
2.08754
2.08679
2.08606
2.08536
2.08467
2.08402
2.08338
2.08276
2.08216
2.08158
2.08102
2.08047
2.07994
2.07943
2.07893
2.07844
2.07796
2.0775
2.07705
2.07661
2.07617
2.07575
2.07533
2.07492
2.07451
2.07411
2.07372
2.07333
2.07294
2.07255
2.07216
2.07177
2.07138
2.07099
2.0706
2.0702
2.0698
2.0694
2.06899
2.06857
2.06815
2.06772
2.06728
2.06683
2.06638
2.06592
2.06545
2.06497
2.06449
2.06401
2.06352
2.06302
2.06252
2.06203
2.06153
2.06104
2.06055
2.06007
2.0596
2.05915
2.05871
2.05829
2.0579
2.05753
2.05719
2.05688
2.05661
2.05638
2.05619
2.05605
2.05595
2.05591
2.05593
2.056
2.05613
2.05632
2.05657
2.05689
2.05727
2.05771
2.05821
2.05878
2.0594
2.06008
2.06082
2.0616
2.06244
2.06331
2.06423
2.06518
2.06615
2.06715
2.06817
2.0692
2.07023
2.07126
2.07228
2.07329
2.07428
2.07525
2.07618
2.07708
2.07793
2.07874
2.07949
2.08019
2.08083
2.08141
2.08192
2.08236
2.08274
2.08304
2.08327
2.08342
2.08351
2.08352
2.08345
2.08332
2.08312
2.08284
2.08251
2.08211
2.08164
2.08112
2.08055
2.07992
2.07925
2.07853
2.07776
2.07696
2.07613
2.07526
2.07437
2.07345
2.0725
2.07154
2.07057
2.06958
2.06858
2.06757
2.06656
2.06554
2.06452
2.0635
2.06248
2.06146
2.06045
2.05943
2.05843
2.05742
2.05643
2.05544
2.05445
2.05347
2.0525
2.05153
2.05057
2.04961
2.04866
2.04771
2.04677
2.04583
2.0449
2.04397
2.04304
2.04211
2.04119
2.04027
2.03934
2.03842
2.0375
2.03657
2.03565
2.03472
2.03379
2.03285
2.03191
2.03097
2.03003
2.02908
2.02812
2.02716
2.0262
2.02524
2.02428
2.02331
2.02234
2.02138
2.02042
2.01947
2.01852
2.01758
2.01665
2.01574
2.01484
2.01396
2.0131
2.01227
2.01146
2.01068
2.00994
2.00923
2.00855
2.00792
2.00733
2.00679
2.00629
2.00585
2.00546
2.00512
2.00484
2.00462
2.00447
2.00438
2.00435
2.00439
2.00451
2.00469
2.00494
2.00527
2.00568
2.00616
2.00671
2.00734
2.00806
2.00884
2.00971
2.01065
2.01167
2.01277
2.01394
2.01518
2.01649
2.01787
2.01931
2.02082
2.02238
2.024
2.02567
2.02737
2.02912
2.0309
2.0327
2.03452
2.03636
2.03819
2.04003
2.04185
2.04366
2.04544
2.04719
2.0489
2.05056
2.05218
2.05373
2.05522
2.05665
2.058
2.05928
2.06048
2.06159
2.06263
2.06358
2.06445
2.06523
2.06593
2.06655
2.06709
2.06756
2.06796
2.06828
2.06854
2.06875
2.06889
2.06899
2.06904
2.06906
2.06904
2.06899
2.06892
2.06883
2.06873
2.06863
2.06852
2.06842
2.06833
2.06825
2.06819
2.06815
2.06814
2.06816
2.06821
2.0683
2.06843
2.0686
2.06881
2.06907
2.06937
2.06972
2.07011
2.07056
2.07105
2.07159
2.07218
2.07282
2.0735
2.07422
2.07499
2.0758
2.07665
2.07754
2.07847
2.07942
2.08041
2.08143
2.08247
2.08354
2.08463
2.08573
2.08686
2.08799
2.08914
2.09029
2.09145
2.09262
2.09378
2.09494
2.0961
2.09726
2.0984
2.09954
2.10067
2.10178
2.10288
2.10396
2.10502
2.10607
2.10709
2.10809
2.10907
2.11002
2.11094
2.11183
2.1127
2.11353
2.11432
2.11508
2.1158
2.11648
2.11712
2.11771
2.11825
2.11874
2.11918
2.11955
2.11987
2.12013
2.12032
2.12044
2.12048
2.12045
2.12035
2.12016
2.11989
2.11954
2.11909
2.11856
2.11794
2.11722
2.11641
2.11551
2.11452
2.11343
2.11225
2.11099
2.10963
2.10819
2.10667
2.10508
2.10341
2.10167
2.09987
2.09801
2.0961
2.09415
2.09217
2.09015
2.08812
2.08607
2.08402
2.08198
2.07996
2.07796
2.076
2.07409
2.07223
2.07044
2.06873
2.0671
2.06557
2.06414
2.06282
2.06163
2.06056
2.05963
2.05883
2.05818
2.05768
2.05733
2.05714
2.0571
2.05721
2.05748
2.0579
2.05847
2.05919
2.06005
2.06105
2.06218
2.06344
2.06482
2.06632
2.06792
2.06963
2.07142
2.07331
2.07528
2.07732
2.07942
2.08159
2.08382
2.08609
2.08841
2.09077
2.09317
2.0956
2.09805
2.10053
2.10303
2.10554
2.10807
2.1106
2.11315
2.1157
2.11825
2.1208
2.12334
2.12588
2.1284
2.13092
2.13341
2.13588
2.13833
2.14075
2.14314
2.14549
2.14779
2.15005
2.15225
2.1544
2.15648
2.1585
2.16044
2.1623
2.16407
2.16576
2.16735
2.16884
2.17022
2.1715
2.17265
2.17369
2.17461
2.1754
2.17606
2.17659
2.17699
2.17725
2.17738
2.17736
2.17721
2.17693
2.17651
2.17596
2.17527
2.17446
2.17353
2.17248
2.17131
2.17004
2.16866
2.16719
2.16563
2.16399
2.16228
2.1605
2.15867
2.1568
2.15489
2.15295
2.151
2.14904
2.14709
2.14515
2.14323
2.14134
2.13949
2.13769
2.13595
2.13427
2.13267
2.13114
2.1297
2.12835
2.1271
2.12594
2.12489
2.12395
2.12312
2.12239
2.12178
2.12129
2.1209
2.12063
2.12048
2.12043
2.1205
2.12068
2.12096
2.12135
2.12185
2.12244
2.12313
2.12392
2.1248
2.12576
2.12682
2.12795
2.12916
2.13045
2.13181
2.13323
2.13472
2.13626
2.13786
2.1395
2.14118
2.1429
2.14465
2.14641
2.14819
2.14998
2.15176
2.15353
2.15528
2.157
2.15867
2.1603
2.16186
2.16336
2.16477
2.1661
2.16732
2.16844
2.16944
2.17032
2.17106
2.17167
2.17213
2.17244
2.17259
2.17259
2.17242
2.17209
2.1716
2.17094
2.17012
2.16913
2.16798
2.16667
2.1652
2.16358
2.1618
2.15989
2.15783
2.15564
2.15331
2.15087
2.14831
2.14564
2.14287
2.14
2.13704
2.13401
2.1309
2.12772
2.12449
2.12121
2.11789
2.11455
2.11117
2.10779
2.1044
2.10102
2.09765
2.09431
2.091
2.08774
2.08453
2.08139
2.07832
2.07533
2.07243
2.06964
2.06696
2.0644
2.06196
2.05966
2.0575
2.0555
2.05364
2.05195
2.05043
2.04908
2.0479
2.0469
2.04608
2.04544
2.04498
2.04471
2.04461
2.0447
2.04497
2.04542
2.04604
2.04683
2.04779
2.04891
2.05019
2.05162
2.0532
2.05491
2.05677
2.05875
2.06086
2.06308
2.06541
2.06784
2.07037
2.07298
2.07568
2.07846
2.0813
2.0842
2.08716
2.09017
2.09322
2.09631
2.09942
2.10256
2.10572
2.1089
2.11208
2.11526
2.11843
2.12161
2.12476
2.1279
2.13102
2.13411
2.13717
2.1402
2.14319
2.14613
2.14903
2.15189
2.15469
2.15743
2.16012
2.16274
2.16531
2.16781
2.17023
2.17259
2.17488
2.17709
2.17923
2.18128
2.18326
2.18516
2.18697
2.1887
2.19034
2.1919
2.19338
2.19476
2.19606
2.19728
2.19841
2.19945
2.20041
2.20128
2.20208
2.20279
2.20343
2.204
2.20449
2.20491
2.20527
2.20557
2.20582
2.20601
2.20616
2.20626
2.20633
2.20636
2.20637
2.20636
2.20633
2.20629
2.20624
2.20619
2.20614
2.20609
2.20605
2.20602
2.206
2.206
2.206
2.20601
2.20603
2.20606
2.20609
2.20612
2.20614
2.20616
2.20615
2.20613
2.20608
2.20599
2.20586
2.20568
2.20545
2.20515
2.20477
2.20432
2.20379
2.20316
2.20243
2.2016
2.20065
2.19959
2.19842
2.19711
2.19568
2.19412
2.19243
2.1906
2.18864
2.18654
2.18431
2.18194
2.17943
2.1768
2.17403
2.17114
2.16812
2.16499
2.16174
2.15838
2.15492
2.15136
2.1477
2.14396
2.14014
2.13625
2.1323
2.12829
2.12423
2.12013
2.11599
2.11183
2.10765
2.10346
2.09926
2.09507
2.0909
2.08674
2.08261
2.07851
2.07445
2.07044
2.06648
2.06258
2.05875
2.05499
2.0513
2.0477
2.04418
2.04075
2.03741
2.03418
2.03105
2.02802
2.02511
2.02231
2.01962
2.01706
2.01462
2.01229
2.0101
2.00803
2.00609
2.00428
2.00259
2.00103
1.9996
1.9983
1.99712
1.99606
1.99513
1.99431
1.9936
1.993
1.99251
1.99212
1.99182
1.99161
1.99148
1.99143
1.99145
1.99153
1.99167
1.99186
1.9921
1.99238
1.99269
1.99302
1.99338
1.99376
1.99415
1.99456
1.99497
1.99539
1.99581
1.99623
1.99666
1.99709
1.99753
1.99797
1.99841
1.99887
1.99934
1.99982
2.00032
2.00085
2.0014
2.00198
2.00259
2.00324
2.00394
2.00468
2.00547
2.00631
2.00722
2.00818
2.00921
2.0103
2.01147
2.01271
2.01402
2.0154
2.01687
2.01841
2.02003
2.02173
2.02351
2.02536
2.0273
2.0293
2.03139
2.03354
2.03577
2.03807
2.04043
2.04286
2.04534
2.04788
2.05048
2.05312
2.05581
2.05854
2.0613
2.0641
2.06692
2.06977
2.07264
2.07551
2.07839
2.08128
2.08416
2.08703
2.08988
2.09272
2.09553
2.09831
2.10105
2.10375
2.10641
2.10901
2.11156
2.11405
2.11648
2.11883
2.12112
2.12333
2.12545
2.1275
2.12946
2.13133
2.13311
2.13479
2.13638
2.13787
2.13926
2.14055
2.14174
2.14282
2.1438
2.14467
2.14544
2.14609
2.14664
2.14709
2.14742
2.14765
2.14777
2.14778
2.14769
2.1475
2.14719
2.14679
2.14628
2.14567
2.14497
2.14416
2.14326
2.14226
2.14117
2.13999
2.13872
2.13736
2.13592
2.13439
2.13278
2.13109
2.12933
2.12748
2.12557
2.12359
2.12154
2.11942
2.11725
2.11502
2.11273
2.11039
2.108
2.10557
2.1031
2.1006
2.09807
2.09551
2.09293
2.09033
2.08773
2.08512
2.08251
2.07991
2.07733
2.07477
2.07224
2.06974
2.06728
2.06487
2.06251
2.06022
2.05799
2.05584
2.05377
2.05179
2.0499
2.04811
2.04643
2.04485
2.04339
2.04205
2.04084
2.03975
2.03879
2.03797
2.03728
2.03673
2.03631
2.03604
2.03591
2.03591
2.03606
2.03634
2.03676
2.03732
2.038
2.03882
2.03976
2.04082
2.04201
2.0433
2.04471
2.04622
2.04783
2.04954
2.05134
2.05323
2.0552
2.05724
2.05935
2.06153
2.06377
2.06606
2.0684
2.07079
2.07321
2.07566
2.07814
2.08064
2.08315
2.08566
2.08818
2.09069
2.09318
2.09566
2.09811
2.10052
2.1029
2.10523
2.10751
2.10974
2.1119
2.11399
2.11602
2.11796
2.11983
2.12161
2.12331
2.12491
2.12643
2.12786
2.12919
2.13043
2.13158
2.13263
2.1336
2.13448
2.13527
2.13598
2.13661
2.13716
2.13764
2.13805
2.1384
2.13868
2.13891
2.13908
2.13921
2.13929
2.13934
2.13935
2.13934
2.1393
2.13923
2.13915
2.13906
2.13895
2.13884
2.13873
2.13861
2.13849
2.13838
2.13827
2.13816
2.13806
2.13797
2.13788
2.1378
2.13773
2.13767
2.13761
2.13755
2.1375
2.13746
2.13741
2.13736
2.13731
2.13726
2.13719
2.13712
2.13704
2.13694
2.13683
2.1367
2.13654
2.13637
2.13616
2.13593
2.13566
2.13537
2.13503
2.13467
2.13426
2.13381
2.13332
2.1328
2.13223
2.13161
2.13096
2.13026
2.12953
2.12875
2.12793
2.12708
2.12619
2.12527
2.12432
2.12335
2.12234
2.12132
2.12028
2.11922
2.11815
2.11707
2.11598
2.1149
2.11381
2.11273
2.11166
2.1106
2.10955
2.10852
2.10751
2.10652
2.10555
2.10461
2.10369
2.1028
2.10194
2.10111
2.10031
2.09954
2.09879
2.09808
2.09739
2.09674
2.0961
2.0955
2.09491
2.09435
2.09381
2.09328
2.09277
2.09227
2.09178
2.0913
2.09083
2.09036
2.08989
2.08941
2.08894
2.08845
2.08796
2.08745
2.08693
2.08639
2.08584
2.08526
2.08466
2.08404
2.08339
2.08272
2.08202
2.08129
2.08053
2.07974
2.07893
2.07808
2.0772
2.0763
2.07537
2.07441
2.07343
2.07243
2.07141
2.07038
2.06933
2.06828
2.06723
2.06618
2.06513
2.06411
2.0631
2.06213
2.06119
2.06029
2.05945
2.05866
2.05794
2.05729
2.05673
2.05625
2.05586
2.05558
2.0554
2.05533
2.05538
2.05554
2.05582
2.05621
2.05673
2.05736
2.0581
2.05896
2.05992
2.06098
2.06213
2.06338
2.0647
2.0661
2.06756
2.06908
2.07064
2.07225
2.07388
2.07554
2.07721
2.07889
2.08057
2.08224
2.08389
2.08552
2.08713
2.0887
2.09023
2.09172
2.09317
2.09456
2.0959
2.09718
2.0984
2.09956
2.10065
2.10167
2.10263
2.10351
2.10432
2.10505
2.10571
2.10629
2.10678
2.10719
2.10752
2.10776
2.10792
2.10798
2.10796
2.10784
2.10764
2.10733
2.10694
2.10645
2.10587
2.1052
2.10444
2.10359
2.10265
2.10163
2.10053
2.09935
2.09811
2.0968
2.09542
2.094
2.09253
2.09102
2.08948
2.08792
2.08633
2.08475
2.08316
2.08159
2.08003
2.0785
2.077
2.07555
2.07414
2.0728
2.07152
2.0703
2.06917
2.06812
2.06715
2.06627
2.06548
2.06479
2.0642
2.0637
2.06331
2.06301
2.0628
2.06269
2.06268
2.06275
2.06291
2.06316
2.06348
2.06388
2.06436
2.06489
2.06549
2.06615
2.06685
2.0676
2.06839
2.06922
2.07007
2.07095
2.07185
2.07277
2.07369
2.07462
2.07555
2.07647
2.07739
2.0783
2.07919
2.08006
2.08091
2.08173
2.08253
2.0833
2.08403
2.08473
2.0854
2.08602
2.08661
2.08716
2.08767
2.08814
2.08857
2.08895
2.0893
2.0896
2.08986
2.09009
2.09027
2.09042
2.09053
2.0906
2.09065
2.09065
2.09063
2.09058
2.0905
2.0904
2.09027
2.09012
2.08995
2.08977
2.08957
2.08936
2.08913
2.0889
2.08866
2.08842
2.08818
2.08794
2.08771
2.08748
2.08726
2.08705
2.08685
2.08667
2.08651
2.08637
2.08626
2.08617
2.08611
2.08609
2.0861
2.08615
2.08624
2.08637
2.08655
2.08678
2.08706
2.0874
2.08779
2.08824
2.08876
2.08934
2.08998
2.0907
2.09148
2.09233
2.09325
2.09425
2.09531
2.09645
2.09766
2.09894
2.10029
2.1017
2.10318
2.10472
2.10632
2.10798
2.10969
2.11145
2.11326
2.1151
2.11698
2.1189
2.12083
2.12279
2.12477
2.12676
2.12876
2.13075
2.13274
2.13473
2.13669
2.13864
2.14057
2.14247
2.14434
2.14617
2.14796
2.14971
2.15141
2.15307
2.15467
2.15621
2.1577
2.15913
2.1605
2.1618
2.16305
2.16422
2.16534
2.16639
2.16737
2.16829
2.16914
2.16993
2.17065
2.17132
2.17192
2.17246
2.17295
2.17337
2.17375
2.17407
2.17434
2.17456
2.17474
2.17487
2.17496
2.17501
2.17502
2.175
2.17495
2.17487
2.17476
2.17462
2.17446
2.17428
2.17409
2.17387
2.17365
2.17341
2.17316
2.1729
2.17264
2.17237
2.1721
2.17184
2.17158
2.17132
2.17107
2.17083
2.17059
2.17038
2.17018
2.16999
2.16983
2.16969
2.16957
2.16947
2.16941
2.16937
2.16936
2.16939
2.16944
2.16954
2.16967
2.16983
2.17004
2.17028
2.17056
2.17088
2.17125
2.17165
2.17209
2.17257
2.17309
2.17365
2.17425
2.17489
2.17556
2.17627
2.17702
2.1778
2.17861
2.17946
2.18034
2.18124
2.18218
2.18314
2.18412
2.18513
2.18617
2.18722
2.18829
2.18937
2.19047
2.19159
2.19271
2.19384
2.19498
2.19612
2.19727
2.19841
2.19956
2.20069
2.20183
2.20295
2.20406
2.20517
2.20626
2.20733
2.20839
2.20943
2.21045
2.21145
2.21243
2.21339
2.21432
2.21524
2.21612
2.21698
2.21782
2.21863
2.2194
2.22015
2.22087
2.22156
2.22222
2.22284
2.22342
2.22396
2.22447
2.22492
2.22534
2.2257
2.22601
2.22627
2.22647
2.2266
2.22667
2.22667
2.22659
2.22644
2.2262
2.22589
2.22548
2.22498
2.22439
2.2237
2.22291
2.22202
2.22102
2.21992
2.21872
2.2174
2.21598
2.21444
2.2128
2.21105
2.2092
2.20724
2.20517
2.20301
2.20074
2.19838
2.19593
2.19339
2.19076
2.18806
2.18527
2.18242
2.17949
2.17651
2.17346
2.17037
2.16723
2.16404
2.16082
2.15757
2.1543
2.151
2.14769
2.14437
2.14105
2.13772
2.1344
2.13109
2.12779
2.12451
2.12124
2.118
2.11479
2.11161
2.10846
2.10535
2.10227
2.09924
2.09624
2.09329
2.09039
2.08754
2.08475
2.082
2.07932
2.07669
2.07413
2.07163
2.06921
2.06685
2.06458
2.06238
2.06027
2.05824
2.0563
2.05446
2.05272
2.05108
2.04955
2.04812
2.04681
2.04561
2.04454
2.04358
2.04275
2.04204
2.04146
2.041
2.04068
2.04049
2.04042
2.04049
2.04069
2.04102
2.04147
2.04206
2.04277
2.04361
2.04457
2.04564
2.04684
2.04815
2.04957
2.05111
2.05274
2.05448
2.05631
2.05823
2.06024
2.06233
2.06449
2.06673
2.06903
2.07139
2.0738
2.07626
2.07875
2.08128
2.08384
2.08641
2.08899
2.09157
2.09416
2.09673
2.09928
2.1018
2.10429
2.10674
2.10914
2.11149
2.11377
2.11599
2.11813
2.12019
2.12216
2.12403
2.12581
2.12748
2.12904
2.13049
2.13183
2.13304
2.13412
2.13508
2.13591
2.1366
2.13716
2.13758
2.13787
2.13801
2.13802
2.13789
2.13763
2.13722
2.13669
2.13601
2.13521
2.13428
2.13322
2.13204
2.13073
2.12931
2.12778
2.12613
2.12438
2.12253
2.12058
2.11854
2.11641
2.1142
2.11191
2.10954
2.10711
2.10462
2.10207
2.09946
2.0968
2.09411
2.09137
2.0886
2.0858
2.08298
2.08013
2.07727
2.0744
2.07152
2.06864
2.06576
2.06288
2.06002
2.05716
2.05433
2.05151
2.04871
2.04594
2.0432
2.04049
2.03782
2.03519
2.03261
2.03007
2.02759
2.02516
2.02279
2.02049
2.01826
2.0161
2.01403
2.01204
2.01014
2.00834
2.00664
2.00505
2.00358
2.00223
2.001
1.9999
1.99893
1.9981
1.99742
1.99687
1.99648
1.99623
1.99613
1.99618
1.99637
1.99671
1.99718
1.99779
1.99854
1.99941
2.0004
2.0015
2.00271
2.00402
2.00542
2.00691
2.00847
2.0101
2.0118
2.01355
2.01535
2.01719
2.01907
2.02098
2.02292
2.02488
2.02686
2.02886
2.03086
2.03288
2.0349
2.03693
2.03896
2.041
2.04303
2.04506
2.04708
2.0491
2.05111
2.05312
2.0551
2.05708
2.05903
2.06097
2.06287
2.06475
2.0666
2.06841
2.07018
2.0719
2.07357
2.07519
2.07674
2.07823
2.07964
2.08098
2.08224
2.08341
2.08449
2.08547
2.08635
2.08712
2.08779
2.08834
2.08877
2.08908
2.08927
2.08933
2.08926
2.08906
2.08873
2.08826
2.08766
2.08691
2.08603
2.08501
2.08386
2.08257
2.08114
2.07958
2.07788
2.07606
2.07411
2.07203
2.06984
2.06753
2.06511
2.06258
2.05994
2.05722
2.0544
2.0515
2.04852
2.04548
2.04237
2.03921
2.036
2.03276
2.02949
2.02621
2.02291
2.01962
2.01633
2.01307
2.00984
2.00665
2.00351
2.00044
1.99744
1.99451
1.99168
1.98895
1.98633
1.98382
1.98144
1.9792
1.97709
1.97514
1.97333
1.97169
1.9702
1.96889
1.96774
1.96676
1.96596
1.96533
1.96488
1.9646
1.96449
1.96455
1.96477
1.96517
1.96572
1.96642
1.96728
1.96828
1.96942
1.97069
1.97209
1.97361
1.97525
1.97699
1.97883
1.98077
1.98279
1.98489
1.98706
1.98929
1.99159
1.99393
1.99633
1.99876
2.00122
2.00371
2.00622
2.00874
2.01128
2.01381
2.01634
2.01887
2.02138
2.02387
2.02634
2.02878
2.03118
2.03355
2.03587
2.03814
2.04036
2.04253
2.04463
2.04666
2.04863
2.05052
2.05234
2.05407
2.05572
2.05728
2.05875
2.06012
2.0614
2.06258
2.06366
2.06464
2.06551
2.06628
2.06695
2.06751
2.06796
2.0683
2.06855
2.06869
2.06872
2.06866
2.0685
2.06825
2.06791
2.06748
2.06696
2.06637
2.0657
2.06496
2.06416
2.0633
2.06239
2.06143
2.06043
2.05939
2.05833
2.05725
2.05614
2.05503
2.05392
2.0528
2.05169
2.0506
2.04953
2.04847
2.04745
2.04645
2.04549
2.04457
2.04369
2.04285
2.04206
2.04131
2.04061
2.03996
2.03935
2.03879
2.03827
2.0378
2.03737
2.03698
2.03663
2.03631
2.03603
2.03577
2.03554
2.03533
2.03514
2.03497
2.03481
2.03466
2.03452
2.03438
2.03424
2.0341
2.03396
2.03381
2.03364
2.03347
2.03329
2.03309
2.03288
2.03266
2.03242
2.03217
2.03191
2.03164
2.03136
2.03107
2.03078
2.03049
2.0302
2.02992
2.02965
2.0294
2.02917
2.02897
2.02881
2.02868
2.0286
2.02858
2.02861
2.0287
2.02886
2.02909
2.02941
2.0298
2.03028
2.03085
2.0315
2.03225
2.03309
2.03403
2.03505
2.03617
2.03737
2.03866
2.04004
2.04149
2.04303
2.04464
2.04632
2.04806
2.04987
2.05175
2.05367
2.05566
2.05769
2.05977
2.0619
2.06407
2.06629
2.06855
2.07084
2.07318
2.07555
2.07796
2.08042
2.0829
2.08543
2.08799
2.0906
2.09324
2.09591
2.09863
2.10138
2.10417
2.10699
2.10985
2.11275
2.11567
2.11862
2.1216
2.1246
2.12763
2.13066
2.13371
2.13676
2.13982
2.14286
2.1459
2.14892
2.15191
2.15486
2.15778
2.16065
2.16346
2.16621
2.16889
2.17149
2.174
2.17641
2.17872
2.18092
2.183
2.18495
2.18678
2.18846
2.19001
2.19141
2.19265
2.19374
2.19468
2.19545
2.19605
2.1965
2.19677
2.19688
2.19682
2.1966
2.19621
2.19566
2.19496
2.19409
2.19308
2.19192
2.19061
2.18917
2.1876
2.1859
2.18408
2.18215
2.18012
2.17799
2.17577
2.17346
2.17108
2.16864
2.16613
2.16358
2.16098
2.15834
2.15568
2.15299
2.15029
2.14757
2.14485
2.14214
2.13943
2.13673
2.13405
2.13138
2.12874
2.12613
2.12355
2.121
2.11848
2.11601
2.11357
2.11117
2.10881
2.1065
2.10424
2.10202
2.09985
2.09774
2.09567
2.09366
2.09171
2.08982
2.08799
2.08622
2.08452
2.08289
2.08132
2.07984
2.07843
2.0771
2.07585
2.07469
2.07362
2.07263
2.07173
2.07093
2.07022
2.0696
2.06907
2.06864
2.0683
2.06805
2.06789
2.06781
2.06782
2.06791
2.06807
2.0683
2.0686
2.06897
2.06939
2.06985
2.07037
2.07092
2.0715
2.0721
2.07273
2.07336
2.074
2.07463
2.07526
2.07586
2.07645
2.077
2.07751
2.07798
2.07839
2.07876
2.07905
2.07929
2.07944
2.07952
2.07952
2.07943
2.07925
2.07897
2.0786
2.07813
2.07756
2.07688
2.0761
2.07522
2.07423
2.07314
2.07195
2.07066
2.06927
2.06779
2.06621
2.06455
2.06282
2.061
2.05912
2.05717
2.05518
2.05313
2.05105
2.04895
2.04682
2.04469
2.04256
2.04045
2.03836
2.03631
2.03431
2.03237
2.03051
2.02872
2.02704
2.02546
2.024
2.02267
2.02147
2.02042
2.01952
2.01879
2.01822
2.01782
2.01759
2.01755
2.01768
2.01799
2.01848
2.01915
2.01998
2.02099
2.02216
2.02348
2.02495
2.02657
2.02831
2.03018
2.03217
2.03425
2.03643
2.03869
2.04103
2.04342
2.04587
2.04836
2.05088
2.05342
2.05598
2.05854
2.06109
2.06364
2.06616
2.06866
2.07113
2.07357
2.07596
2.0783
2.0806
2.08284
2.08503
2.08716
2.08923
2.09124
2.09318
2.09506
2.09688
2.09863
2.10032
2.10194
2.1035
2.105
2.10643
2.1078
2.10911
2.11036
2.11155
2.11268
2.11375
2.11477
2.11573
2.11664
2.11749
2.11829
2.11904
2.11973
2.12037
2.12097
2.12151
2.122
2.12245
2.12284
2.12319
2.12349
2.12374
2.12395
2.12412
2.12424
2.12432
2.12435
2.12435
2.12431
2.12423
2.12412
2.12397
2.12379
2.12358
2.12335
2.12309
2.12281
2.12251
2.12219
2.12185
2.12151
2.12115
2.12079
2.12042
2.12004
2.11967
2.1193
2.11893
2.11857
2.11821
2.11786
2.11752
2.11719
2.11688
2.11657
2.11628
2.116
2.11574
2.11549
2.11525
2.11502
2.11481
2.11461
2.11441
2.11423
2.11406
2.11389
2.11373
2.11357
2.11342
2.11327
2.11312
2.11298
2.11283
2.11269
2.11254
2.11239
2.11224
2.11209
2.11194
2.11179
2.11164
2.11149
2.11135
2.1112
2.11107
2.11094
2.11083
2.11072
2.11063
2.11056
2.1105
2.11046
2.11044
2.11045
2.11047
2.11053
2.1106
2.11071
2.11084
2.111
2.11118
2.11139
2.11163
2.11189
2.11217
2.11248
2.11281
2.11316
2.11352
2.11391
2.1143
2.11471
2.11513
2.11556
2.116
2.11644
2.11688
2.11733
2.11778
2.11822
2.11866
2.1191
2.11953
2.11995
2.12037
2.12077
2.12116
2.12154
2.1219
2.12225
2.12258
2.12289
2.12318
2.12345
2.12371
2.12394
2.12415
2.12434
2.1245
2.12465
2.12477
2.12487
2.12495
2.12501
2.12506
2.12508
2.12509
2.12508
2.12505
2.12502
2.12498
2.12493
2.12487
2.12481
2.12476
2.1247
2.12465
2.12461
2.12458
2.12456
2.12456
2.12458
2.12462
2.12468
2.12477
2.12489
2.12504
2.12522
2.12543
2.12568
2.12596
2.12629
2.12665
2.12705
2.12749
2.12797
2.12849
2.12905
2.12965
2.13028
2.13096
2.13167
2.13242
2.1332
2.13402
2.13487
2.13574
2.13665
2.13759
2.13854
2.13952
2.14052
2.14154
2.14257
2.14361
2.14467
2.14573
2.14679
2.14786
2.14892
2.14998
2.15103
2.15208
2.15311
2.15413
2.15513
2.15611
2.15708
2.15801
2.15892
2.15981
2.16066
2.16148
2.16227
2.16302
2.16373
2.16439
2.16502
2.1656
2.16613
2.1666
2.16703
2.1674
2.16771
2.16795
2.16814
2.16825
2.16829
2.16826
2.16815
2.16795
2.16768
2.16731
2.16685
2.1663
2.16566
2.16491
2.16407
2.16312
2.16207
2.16091
2.15965
2.15828
2.1568
2.15522
2.15353
2.15174
2.14985
2.14786
2.14577
2.1436
2.14133
2.13898
2.13654
2.13403
2.13145
2.12881
2.1261
2.12334
2.12054
2.11769
2.1148
2.11189
2.10895
2.106
2.10303
2.10007
2.0971
2.09414
2.0912
2.08828
2.08538
2.08252
2.07969
2.07691
2.07417
2.07149
2.06886
2.06629
2.06379
2.06136
2.059
2.05672
2.05451
2.05239
2.05034
2.04838
2.0465
2.04471
2.043
2.04137
2.03982
2.03835
2.03696
2.03564
2.03439
2.0332
2.03208
2.03101
2.02999
2.02902
2.02809
2.0272
2.02633
2.02548
2.02466
2.02384
2.02303
2.02223
2.02142
2.0206
2.01976
2.01892
2.01805
2.01716
2.01625
2.01531
2.01435
2.01336
2.01234
2.0113
2.01023
2.00914
2.00803
2.00691
2.00577
2.00462
2.00347
2.00232
2.00117
2.00003
1.99891
1.99781
1.99673
1.99568
1.99468
1.99371
1.99279
1.99192
1.9911
1.99035
1.98965
1.98903
1.98847
1.98798
1.98755
1.9872
1.98692
1.98671
1.98657
1.98649
1.98647
1.98651
1.98661
1.98677
1.98697
1.98721
1.98749
1.98781
1.98816
1.98853
1.98892
1.98933
1.98975
1.99018
1.99061
1.99104
1.99146
1.99188
1.99228
1.99268
1.99306
1.99342
1.99376
1.99409
1.99439
1.99468
1.99495
1.9952
1.99544
1.99566
1.99588
1.99608
1.99628
1.99648
1.99667
1.99688
1.9971
1.99733
1.99759
1.99787
1.99819
1.99855
1.99895
1.9994
1.9999
2.00048
2.00112
2.00183
2.00263
2.00351
2.00449
2.00556
2.00673
2.00801
2.0094
2.01091
2.01253
2.01427
2.01614
2.01813
2.02025
2.02249
2.02486
2.02736
2.02999
2.03273
2.0356
2.03859
2.0417
2.04492
2.04824
2.05167
2.05519
2.0588
2.0625
2.06627
2.07011
2.07402
2.07797
2.08197
2.086
2.09005
2.09412
2.0982
2.10227
2.10633
2.11037
2.11437
2.11833
2.12224
2.12608
2.12985
2.13355
2.13716
2.14067
2.14408
2.14738
2.15056
2.15361
2.15654
2.15934
2.16199
2.1645
2.16686
2.16908
2.17113
2.17303
2.17478
2.17636
2.17778
2.17903
2.18012
2.18105
2.18181
2.18241
2.18284
2.18312
2.18322
2.18317
2.18296
2.18259
2.18207
2.18139
2.18056
2.17958
2.17845
2.17719
2.17578
2.17424
2.17257
2.17078
2.16886
2.16683
2.16469
2.16244
2.16009
2.15765
2.15513
2.15253
2.14986
2.14712
2.14433
2.14149
2.13861
2.1357
2.13277
2.12982
2.12687
2.12392
2.12098
2.11806
2.11517
2.11231
2.10949
2.10672
2.10401
2.10136
2.09878
2.09627
2.09384
2.0915
2.08924
2.08707
2.085
2.08303
2.08117
2.0794
2.07774
2.07619
2.07475
2.07342
2.07219
2.07108
2.07008
2.0692
2.06842
2.06775
2.06719
2.06674
2.0664
2.06617
2.06604
2.06601
2.06608
2.06625
2.06651
2.06687
2.06731
2.06784
2.06846
2.06915
2.06992
2.07076
2.07167
2.07264
2.07366
2.07474
2.07587
2.07704
2.07824
2.07948
2.08074
2.08202
2.08331
2.08462
2.08593
2.08723
2.08853
2.08982
2.09109
2.09234
2.09356
2.09475
2.09591
2.09703
2.0981
2.09913
2.10012
2.10105
2.10194
2.10277
2.10354
2.10426
2.10493
2.10554
2.1061
2.1066
2.10705
2.10745
2.10781
2.10811
2.10837
2.1086
2.10878
2.10894
2.10906
2.10916
2.10923
2.10929
2.10934
2.10938
2.10942
2.10945
2.10949
2.10954
2.10961
2.10969
2.10979
2.10992
2.11007
2.11025
2.11046
2.11071
2.111
2.11132
2.11168
2.11207
2.11251
2.11298
2.11349
2.11403
2.11461
2.11523
2.11587
2.11654
2.11724
2.11796
2.1187
2.11946
2.12024
2.12103
2.12182
2.12263
2.12343
2.12424
2.12504
2.12583
2.12662
2.12739
2.12815
2.12888
2.1296
2.1303
2.13097
2.13161
2.13222
2.13279
2.13334
2.13384
2.1343
2.13472
2.1351
2.13543
2.13571
2.13595
2.13613
2.13625
2.13632
2.13634
2.13629
2.13618
2.13601
2.13578
2.13548
2.13512
2.13469
2.13418
2.13361
2.13297
2.13226
2.13147
2.13061
2.12967
2.12866
2.12757
2.12641
2.12517
2.12386
2.12247
2.121
2.11946
2.11784
2.11614
2.11437
2.11253
2.11061
2.10863
2.10657
2.10444
2.10224
2.09997
2.09764
2.09525
2.0928
2.09029
2.08773
2.08511
2.08245
2.07974
2.07699
2.07421
2.07139
2.06854
2.06566
2.06277
2.05986
2.05694
2.05402
2.0511
2.04818
2.04528
2.04239
2.03953
2.0367
2.0339
2.03114
2.02843
2.02577
2.02317
2.02063
2.01816
2.01576
2.01344
2.0112
2.00905
2.00698
2.00501
2.00314
2.00137
1.9997
1.99814
1.99669
1.99534
1.99411
1.99298
1.99197
1.99108
1.9903
1.98963
1.98908
1.98864
1.98832
1.98811
1.98801
1.98803
1.98817
1.98842
1.98878
1.98926
1.98985
1.99055
1.99137
1.9923
1.99334
1.99448
1.99574
1.99711
1.99858
2.00015
2.00182
2.00359
2.00546
2.00741
2.00944
2.01156
2.01375
2.016
2.01832
2.02068
2.0231
2.02555
2.02804
2.03055
2.03307
2.0356
2.03813
2.04066
2.04317
2.04565
2.04811
2.05053
2.05291
2.05524
2.05752
2.05973
2.06189
2.06397
2.06599
2.06793
2.06979
2.07157
2.07326
2.07487
2.07639
2.07782
2.07916
2.0804
2.08156
2.08262
2.08359
2.08447
2.08525
2.08595
2.08655
2.08706
2.08749
2.08782
2.08807
2.08824
2.08833
2.08834
2.08828
2.08814
2.08793
2.08766
2.08733
2.08694
2.08649
2.08599
2.08545
2.08487
2.08425
2.08361
2.08293
2.08224
2.08153
2.08081
2.08008
2.07936
2.07864
2.07793
2.07723
2.07656
2.07592
2.0753
2.07472
2.07419
2.0737
2.07326
2.07288
2.07255
2.07229
2.0721
2.07198
2.07193
2.07196
2.07207
2.07226
2.07254
2.0729
2.07335
2.07389
2.07452
2.07523
2.07603
2.07691
2.07788
2.07893
2.08005
2.08125
2.08251
2.08384
2.08524
2.08668
2.08817
2.08971
2.09128
2.09288
2.0945
2.09614
2.09779
2.09945
2.1011
2.10275
2.10438
2.10599
2.10758
2.10914
2.11067
2.11216
2.11361
2.11503
2.1164
2.11772
2.119
2.12023
2.12142
2.12256
2.12365
2.1247
2.12569
2.12665
2.12756
2.12842
2.12924
2.13002
2.13076
2.13145
2.13209
2.1327
2.13326
2.13377
2.13423
2.13465
2.13502
2.13533
2.13558
2.13578
2.13592
2.136
2.13601
2.13595
2.13582
2.13561
2.13534
2.13498
2.13455
2.13404
2.13344
2.13277
2.13202
2.13118
2.13027
2.12927
2.1282
2.12706
2.12584
2.12455
2.1232
2.12178
2.12031
2.11878
2.1172
2.11558
2.11392
2.11222
2.1105
2.10876
2.10701
2.10525
2.10349
2.10174
2.10001
2.0983
2.09663
2.095
2.09342
2.0919
2.09044
2.08906
2.08776
2.08656
2.08545
2.08445
2.08355
2.08277
2.08211
2.08157
2.08116
2.08087
2.08071
2.08067
2.08075
2.08096
2.08128
2.0817
2.08223
2.08285
2.08355
2.08433
2.08518
2.08608
2.08702
2.08799
2.08898
2.08999
2.09098
2.09197
2.09293
2.09385
2.09473
2.09555
2.09631
2.097
2.09762
2.09815
2.09859
2.09894
2.09919
2.09935
2.0994
2.09936
2.09921
2.09897
2.09863
2.09819
2.09767
2.09705
2.09636
2.09559
2.09475
2.09384
2.09288
2.09187
2.09081
2.08972
2.0886
2.08747
2.08632
2.08516
2.08401
2.08288
2.08176
2.08067
2.07962
2.0786
2.07764
2.07673
2.07588
2.0751
2.07439
2.07376
2.07321
2.07274
2.07237
2.07208
2.0719
2.07181
2.07181
2.07192
2.07213
2.07244
2.07285
2.07336
2.07397
2.07467
2.07547
2.07636
2.07733
2.0784
2.07954
2.08076
2.08206
2.08342
2.08485
2.08634
2.08789
2.08949
2.09114
2.09284
2.09457
2.09634
2.09814
2.09997
2.10183
2.1037
2.1056
2.1075
2.10942
2.11135
2.11328
2.11522
2.11715
2.11909
2.12102
2.12294
2.12485
2.12676
2.12865
2.13052
2.13238
2.13422
2.13604
2.13783
2.1396
2.14135
2.14306
2.14475
2.1464
2.14802
2.1496
2.15114
2.15265
2.15411
2.15553
2.1569
2.15823
2.15951
2.16074
2.16193
2.16306
2.16415
2.16518
2.16616
2.1671
2.16798
2.16881
2.16959
2.17033
2.17102
2.17166
2.17226
2.17282
2.17333
2.17381
2.17425
2.17465
2.17502
2.17536
2.17567
2.17596
2.17622
2.17646
2.17668
2.17689
2.17708
2.17726
2.17742
2.17758
2.17774
2.17789
2.17804
2.17818
2.17833
2.17848
2.17864
2.1788
2.17896
2.17913
2.17932
2.17951
2.1797
2.17991
2.18013
2.18036
2.1806
2.18085
2.1811
2.18137
2.18165
2.18193
2.18222
2.18252
2.18283
2.18314
2.18345
2.18376
2.18408
2.1844
2.18471
2.18502
2.18533
2.18563
2.18593
2.18621
2.18649
2.18675
2.187
2.18723
2.18744
2.18763
2.18781
2.18795
2.18808
2.18817
2.18824
2.18827
2.18827
2.18824
2.18816
2.18805
2.1879
2.18771
2.18747
2.18719
2.18686
2.18648
2.18605
2.18556
2.18503
2.18444
2.1838
2.18311
2.18236
2.18155
2.18069
2.17977
2.1788
2.17777
2.17669
2.17555
2.17436
2.17312
2.17183
2.17049
2.1691
2.16767
2.16619
2.16466
2.1631
2.1615
2.15986
2.15818
2.15647
2.15473
2.15297
2.15117
2.14936
2.14752
2.14566
2.14379
2.14191
2.14001
2.1381
2.13619
2.13428
2.13237
2.13046
2.12856
2.12667
2.12479
2.12293
2.12108
2.11927
2.11747
2.11571
2.11398
2.11229
2.11064
2.10904
2.10748
2.10597
2.10451
2.10311
2.10177
2.10049
2.09927
2.09811
2.09702
2.096
2.09505
2.09416
2.09335
2.0926
2.09193
2.09133
2.09079
2.09034
2.08995
2.08964
2.0894
2.08924
2.08915
2.08913
2.08919
2.08932
2.08953
2.08981
2.09016
2.09058
2.09107
2.09163
2.09226
2.09295
2.0937
2.0945
2.09536
2.09626
2.09721
2.0982
2.09922
2.10026
2.10133
2.10241
2.1035
2.10459
2.10568
2.10676
2.10782
2.10887
2.10988
2.11087
2.11181
2.11271
2.11357
2.11437
2.11512
2.1158
2.11643
2.11699
2.11748
2.1179
2.11825
2.11852
2.11872
2.11884
2.11889
2.11885
2.11874
2.11855
2.11828
2.11793
2.11751
2.117
2.11642
2.11576
2.11503
2.11423
2.11335
2.11241
2.11139
2.11031
2.10917
2.10797
2.1067
2.10538
2.10402
2.1026
2.10114
2.09963
2.0981
2.09653
2.09494
2.09332
2.0917
2.09006
2.08842
2.08679
2.08517
2.08357
2.082
2.08045
2.07895
2.0775
2.0761
2.07477
2.0735
2.07232
2.07121
2.0702
2.06928
2.06846
2.06774
2.06713
2.06664
2.06626
2.06599
2.06584
2.06582
2.06591
2.06611
2.06644
2.06687
2.06742
2.06807
2.06883
2.06968
2.07063
2.07166
2.07278
2.07398
2.07524
2.07657
2.07795
2.07939
2.08086
2.08238
2.08392
2.08548
2.08707
2.08866
2.09025
2.09184
2.09343
2.095
2.09654
2.09807
2.09956
2.10102
2.10244
2.10382
2.10516
2.10644
2.10767
2.10885
2.10998
2.11104
2.11205
2.113
2.11389
2.11471
2.11548
2.11619
2.11683
2.11742
2.11795
2.11842
2.11884
2.1192
2.11951
2.11977
2.11998
2.12014
2.12025
2.12032
2.12035
2.12033
2.12028
2.12019
2.12006
2.1199
2.11971
2.11949
2.11924
2.11896
2.11866
2.11833
2.11798
2.11761
2.11722
2.11682
2.1164
2.11597
2.11553
2.11508
2.11463
2.11418
2.11373
2.11328
2.11284
2.11241
2.112
2.1116
2.11123
2.11088
2.11056
2.11027
2.11001
2.1098
2.10962
2.10949
2.1094
2.10936
2.10936
2.10942
2.10953
2.10969
2.10991
2.11017
2.11049
2.11085
2.11126
2.11172
2.11222
2.11276
2.11334
2.11395
2.11459
2.11526
2.11595
2.11666
2.11738
2.11812
2.11886
2.1196
2.12034
2.12108
2.12181
2.12252
2.12322
2.1239
2.12456
2.1252
2.12581
2.1264
2.12695
2.12748
2.12797
2.12844
2.12887
2.12927
2.12964
2.12998
2.13029
2.13057
2.13082
2.13105
2.13125
2.13143
2.13158
2.13172
2.13185
2.13195
2.13205
2.13213
2.1322
2.13227
2.13233
2.13238
2.13243
2.13249
2.13254
2.13259
2.13264
2.13269
2.13275
2.13281
2.13287
2.13293
2.13299
2.13305
2.13312
2.13318
2.13323
2.13328
2.13333
2.13337
2.1334
2.13343
2.13344
2.13344
2.13343
2.1334
2.13336
2.13331
2.13324
2.13316
2.13306
2.13295
2.13282
2.13268
2.13253
2.13237
2.1322
2.13201
2.13182
2.13163
2.13143
2.13122
2.13101
2.1308
2.13059
2.13038
2.13017
2.12995
2.12974
2.12953
2.12931
2.1291
2.12887
2.12864
2.12841
2.12816
2.12789
2.12761
2.1273
2.12697
2.12661
2.12621
2.12578
2.1253
2.12477
2.12419
2.12355
2.12285
2.12209
2.12126
2.12036
2.11939
2.11834
2.11721
2.11601
2.11473
2.11337
2.11194
2.11043
2.10885
2.1072
2.10548
2.10371
2.10187
2.09999
2.09806
2.09609
2.09408
2.09205
2.09001
2.08795
2.08589
2.08383
2.08179
2.07977
2.07778
2.07582
2.07391
2.07205
2.07026
2.06853
2.06687
2.06529
2.0638
2.0624
2.0611
2.0599
2.05881
2.05782
2.05695
2.05619
2.05555
2.05503
2.05462
2.05434
2.05417
2.05412
2.05419
2.05438
2.05467
2.05508
2.05559
2.05621
2.05692
2.05773
2.05862
2.0596
2.06065
2.06178
2.06297
2.06422
2.06553
2.06687
2.06826
2.06967
2.07111
2.07256
2.07402
2.07549
2.07694
2.07838
2.07981
2.0812
2.08256
2.08388
2.08515
2.08636
2.08752
2.08862
2.08965
2.0906
2.09148
2.09228
2.093
2.09363
2.09418
2.09464
2.09501
2.09529
2.09548
2.09558
2.0956
2.09553
2.09538
2.09515
2.09485
2.09447
2.09402
2.09351
2.09294
2.09232
2.09164
2.09092
2.09016
2.08937
2.08855
2.08771
2.08684
2.08597
2.08509
2.08421
2.08333
2.08245
2.08159
2.08073
2.0799
2.07908
2.07828
2.0775
2.07675
2.07602
2.07532
2.07464
2.07398
2.07335
2.07275
2.07216
2.0716
2.07106
2.07054
2.07004
2.06956
2.0691
2.06865
2.06822
2.06781
2.06741
2.06703
2.06667
2.06632
2.066
2.06569
2.06541
2.06515
2.06491
2.0647
2.06452
2.06438
2.06426
2.06419
2.06415
2.06416
2.06421
2.0643
2.06445
2.06465
2.06491
2.06522
2.06558
2.06601
2.06649
2.06704
2.06764
2.06829
2.06901
2.06977
2.07059
2.07145
2.07235
2.07329
2.07426
2.07526
2.07628
2.07731
2.07835
2.07939
2.08042
2.08143
2.08243
2.08339
2.08432
2.08521
2.08605
2.08683
2.08756
2.08822
2.08881
2.08933
2.08977
2.09014
2.09042
2.09063
2.09076
2.0908
2.09077
2.09066
2.09048
2.09022
2.0899
2.08951
2.08905
2.08854
2.08798
2.08737
2.08671
2.08601
2.08528
2.08452
2.08373
2.08292
2.0821
2.08126
2.08041
2.07957
2.07872
2.07787
2.07704
2.07621
2.0754
2.07461
2.07384
2.0731
2.07239
2.07171
2.07107
2.07047
2.06992
2.06941
2.06896
2.06856
2.06822
2.06794
2.06774
2.0676
2.06753
2.06754
2.06762
2.06778
2.06803
2.06835
2.06876
2.06925
2.06983
2.07049
2.07123
2.07206
2.07297
2.07396
2.07503
2.07618
2.07741
2.07872
2.0801
2.08156
2.08309
2.08469
2.08636
2.0881
2.0899
2.09177
2.09371
2.0957
2.09776
2.09987
2.10204
2.10427
2.10655
2.10887
2.11125
2.11367
2.11613
2.11863
2.12117
2.12374
2.12635
2.12898
2.13164
2.13433
2.13703
2.13975
2.14248
2.14522
2.14796
2.15071
2.15346
2.15621
2.15895
2.16168
2.1644
2.1671
2.16978
2.17245
2.17509
2.1777
2.18029
2.18284
2.18536
2.18784
2.19028
2.19268
2.19504
2.19735
2.19961
2.20182
2.20397
2.20608
2.20812
2.21011
2.21203
2.2139
2.21569
2.21743
2.21909
2.22069
2.22222
2.22367
2.22505
2.22636
2.2276
2.22876
2.22984
2.23084
2.23177
2.23262
2.23339
2.23407
2.23468
2.23521
2.23566
2.23602
2.23631
2.23651
2.23663
2.23668
2.23664
2.23653
2.23633
2.23606
2.23572
2.2353
2.2348
2.23424
2.23361
2.2329
2.23214
2.23131
2.23042
2.22947
2.22847
2.22741
2.22631
2.22516
2.22396
2.22273
2.22145
2.22015
2.21881
2.21744
2.21605
2.21464
2.21321
2.21176
2.21029
2.20881
2.20733
2.20583
2.20433
2.20283
2.20132
2.19981
2.1983
2.19679
2.19529
2.19379
2.19229
2.1908
2.18931
2.18783
2.18636
2.1849
2.18344
2.182
2.18057
2.17915
2.17775
2.17636
2.17499
2.17364
2.1723
2.17099
2.16969
2.16842
2.16717
2.16594
2.16473
2.16355
2.16239
2.16124
2.16011
2.159
2.1579
2.15681
2.15573
2.15464
2.15356
2.15246
2.15135
2.15021
2.14905
2.14786
2.14663
2.14535
2.14402
2.14263
2.14117
2.13965
2.13805
2.13637
2.1346
2.13274
2.1308
2.12875
2.12661
2.12437
2.12202
2.11958
2.11703
2.11439
2.11164
2.1088
2.10587
2.10285
2.09974
2.09656
2.0933
2.08997
2.08658
2.08313
2.07964
2.0761
2.07254
2.06896
2.06537
2.06178
2.0582
2.05464
2.05111
2.04763
2.0442
2.04084
2.03756
2.03437
2.03129
2.02831
2.02547
2.02275
2.02018
2.01777
2.01552
2.01345
2.01155
2.00984
2.00832
2.00699
2.00587
2.00494
2.00423
2.00372
2.00341
2.00331
2.00342
2.00373
2.00423
2.00494
2.00583
2.00691
2.00817
2.00961
2.01122
2.01299
2.01491
2.01698
2.0192
2.02154
2.02401
2.02659
2.02927
2.03206
2.03493
2.03788
2.0409
2.04398
2.04711
2.05028
2.05348
2.0567
2.05993
2.06317
2.06639
2.0696
2.07278
2.07592
2.07901
2.08205
2.08502
2.08792
2.09073
2.09345
2.09607
2.09859
2.10099
2.10327
2.10542
2.10744
2.10932
2.11105
2.11264
2.11407
2.11535
2.11648
2.11744
2.11825
2.11889
2.11937
2.11969
2.11985
2.11986
2.11971
2.1194
2.11895
2.11835
2.11761
2.11674
2.11573
2.11459
2.11333
2.11196
2.11048
2.10889
2.10721
2.10544
2.10358
2.10165
2.09964
2.09757
2.09545
2.09327
2.09106
2.0888
2.08652
2.08421
2.08189
2.07956
2.07722
2.07489
2.07256
2.07025
2.06797
2.06571
2.06348
2.06129
2.05915
2.05706
2.05503
2.05306
2.05116
2.04933
2.04758
2.04591
2.04434
2.04286
2.04147
2.04019
2.03902
2.03796
2.03702
2.03619
2.03549
2.03491
2.03445
2.03412
2.03393
2.03386
2.03392
2.03411
2.03443
2.03487
2.03544
2.03613
2.03695
2.03788
2.03892
2.04007
2.04133
2.04268
2.04413
2.04567
2.0473
2.049
2.05078
2.05263
2.05454
2.05651
2.05853
2.06059
2.0627
2.06485
2.06703
2.06924
2.07147
2.07373
2.07599
2.07828
2.08057
2.08286
2.08516
2.08746
2.08975
2.09203
2.0943
2.09656
2.09879
2.10101
2.1032
2.10536
2.10748
2.10957
2.11162
2.11363
2.11558
2.11748
2.11933
2.12111
2.12283
2.12449
2.12606
2.12756
2.12899
2.13032
2.13158
2.13274
2.13381
2.13478
2.13566
2.13644
2.13713
2.13771
2.13819
2.13858
2.13886
2.13904
2.13913
2.13912
2.13902
2.13882
2.13854
2.13817
2.13772
2.13719
2.13659
2.13591
2.13517
2.13437
2.13351
2.13259
2.13163
2.13063
2.12958
2.1285
2.1274
2.12626
2.12511
2.12393
2.12275
2.12155
2.12035
2.11915
2.11795
2.11675
2.11556
2.11438
2.11322
2.11207
2.11093
2.10982
2.10873
2.10766
2.10662
2.10561
2.10464
2.10369
2.10278
2.10191
2.10109
2.1003
2.09956
2.09886
2.09822
2.09763
2.09709
2.09661
2.09619
2.09583
2.09553
2.09529
2.09512
2.09502
2.09499
2.09503
2.09513
2.09532
2.09557
2.0959
2.0963
2.09678
2.09734
2.09797
2.09867
2.09945
2.10031
2.10124
2.10225
2.10333
2.10449
2.10572
2.10703
2.10841
2.10987
2.1114
2.11301
2.1147
2.11646
2.11829
2.12021
2.1222
2.12427
2.12642
2.12864
2.13095
2.13333
2.13579
2.13833
2.14094
2.14363
2.14639
2.14922
2.15212
2.15508
2.15811
2.16118
2.16431
2.16748
2.17069
2.17393
2.17719
2.18046
2.18375
2.18703
2.1903
2.19355
2.19677
2.19996
2.20309
2.20618
2.2092
2.21215
2.21502
2.21781
2.2205
2.2231
2.22558
2.22796
2.23022
2.23236
2.23437
2.23626
2.23802
2.23963
2.24112
2.24246
2.24367
2.24473
2.24565
2.24643
2.24707
2.24756
2.24792
2.24813
2.2482
2.24814
2.24794
2.24761
2.24714
2.24654
2.24582
2.24497
2.24401
2.24292
2.24172
2.24041
2.239
2.23749
2.23588
2.23418
2.23239
2.23052
2.22858
2.22657
2.2245
2.22237
2.22019
2.21797
2.21571
2.21341
2.2111
2.20876
2.20641
2.20406
2.20171
2.19936
2.19703
2.19471
2.19242
2.19016
2.18794
2.18575
2.18361
2.18152
2.17949
2.17751
2.17559
2.17374
2.17195
2.17022
2.16857
2.16699
2.16547
2.16403
2.16265
2.16133
2.16007
2.15887
2.15773
2.15663
2.15557
2.15455
2.15357
2.15261
2.15167
2.15075
2.14983
2.14892
2.148
2.14708
2.14615
2.14521
2.14424
2.14326
2.14225
2.14122
2.14017
2.13909
2.13799
2.13686
2.13571
2.13454
2.13335
2.13214
2.13092
2.1297
2.12846
2.12722
2.12599
2.12476
2.12354
2.12234
2.12116
2.12
2.11886
2.11776
2.1167
2.11568
2.1147
2.11376
2.11288
2.11205
2.11128
2.11056
2.1099
2.10931
2.10877
2.1083
2.10789
2.10755
2.10727
2.10705
2.10689
2.1068
2.10676
2.10679
2.10687
2.107
2.10719
2.10743
2.10771
2.10805
2.10842
2.10884
2.1093
2.1098
2.11032
2.11088
2.11147
2.11208
2.11272
2.11338
2.11405
2.11474
2.11545
2.11616
2.11688
2.1176
2.11833
2.11906
2.11978
2.1205
2.1212
2.1219
2.12259
2.12325
2.1239
2.12454
2.12514
2.12573
2.12629
2.12682
2.12732
2.12779
2.12823
2.12864
2.12901
2.12935
2.12965
2.12991
2.13013
2.13032
2.13047
2.13058
2.13065
2.13068
2.13068
2.13064
2.13056
2.13044
2.13029
2.1301
2.12988
2.12962
2.12933
2.12902
2.12867
2.1283
2.1279
2.12747
2.12703
2.12656
2.12607
2.12557
2.12505
2.12452
2.12397
2.12342
2.12286
2.12229
2.12172
2.12114
2.12056
2.11999
2.11941
2.11885
2.11828
2.11772
2.11717
2.11663
2.1161
2.11559
2.11508
2.11458
2.1141
2.11363
2.11318
2.11274
2.11231
2.11189
2.11149
2.1111
2.11073
2.11036
2.11001
2.10966
2.10932
2.10899
2.10866
2.10833
2.10801
2.10768
2.10735
2.10702
2.10667
2.10632
2.10595
2.10556
2.10515
2.10472
2.10427
2.10378
2.10325
2.10269
2.10209
2.10144
2.10075
2.1
2.0992
2.09835
2.09743
2.09645
2.09541
2.0943
2.09313
2.09189
2.09059
2.08922
2.08778
2.08629
2.08473
2.08312
2.08146
2.07974
2.07799
2.07619
2.07437
2.07252
2.07066
2.06878
2.06691
2.06504
2.06319
2.06137
2.05958
2.05784
2.05615
2.05452
2.05297
2.05149
2.05011
2.04882
2.04764
2.04658
2.04563
2.04482
2.04413
2.04358
2.04318
2.04292
2.0428
2.04284
2.04303
2.04337
2.04386
2.0445
2.04529
2.04623
2.04731
2.04852
2.04988
2.05136
2.05296
2.05469
2.05652
2.05846
2.0605
2.06262
2.06483
2.06712
2.06947
2.07189
2.07435
2.07686
2.0794
2.08197
2.08456
2.08717
2.08977
2.09238
2.09497
2.09755
2.10009
2.10261
2.10509
2.10752
2.10989
2.11221
2.11446
2.11664
2.11874
2.12075
2.12267
2.12449
2.12622
2.12783
2.12933
2.13071
2.13197
2.13309
2.13409
2.13494
2.13566
2.13623
2.13665
2.13691
2.13702
2.13697
2.13676
2.13639
2.13585
2.13515
2.13427
2.13323
2.13202
2.13064
2.1291
2.12739
2.12551
2.12347
2.12126
2.1189
2.11639
2.11372
2.1109
2.10794
2.10485
2.10162
2.09827
2.0948
2.09121
2.08753
2.08374
2.07987
2.07592
2.0719
2.06782
2.0637
2.05953
2.05534
2.05114
2.04694
2.04274
2.03857
2.03444
2.03036
2.02634
2.02241
2.01856
2.01481
2.01119
2.0077
2.00435
2.00116
1.99814
1.99529
1.99264
1.99019
1.98795
1.98592
1.98412
1.98254
1.9812
1.98009
1.97922
1.97859
1.9782
1.97804
1.97812
1.97842
1.97894
1.97968
1.98062
1.98176
1.9831
1.98461
1.98629
1.98814
1.99013
1.99226
1.99453
1.9969
1.99939
2.00197
2.00464
2.00739
2.01021
2.01309
2.01602
2.019
2.02202
2.02507
2.02815
2.03125
2.03436
2.03749
2.04062
2.04376
2.04689
2.05003
2.05316
2.05628
2.05939
2.06248
2.06556
2.06862
2.07166
2.07467
2.07766
2.08062
2.08356
2.08646
2.08932
2.09215
2.09494
2.09769
2.10039
2.10305
2.10565
2.10821
2.11071
2.11316
2.11555
2.11788
2.12015
2.12235
2.12449
2.12656
2.12855
2.13048
2.13233
2.13411
2.13581
2.13743
2.13897
2.14044
2.14182
2.14311
2.14432
2.14545
2.14648
2.14743
2.1483
2.14907
2.14975
2.15034
2.15085
2.15126
2.15158
2.15182
2.15196
2.15202
2.15199
2.15188
2.15169
2.15141
2.15106
2.15064
2.15014
2.14958
2.14895
2.14827
2.14753
2.14674
2.14591
2.14503
2.14412
2.14318
2.14222
2.14124
2.14025
2.13926
2.13826
2.13727
2.13629
2.13533
2.13439
2.13347
2.13259
2.13175
2.13096
2.1302
2.12951
2.12886
2.12828
2.12776
2.1273
2.12691
2.12659
2.12634
2.12616
2.12605
2.12601
2.12605
2.12616
2.12633
2.12658
2.12689
2.12726
2.12769
2.12818
2.12873
2.12932
2.12996
2.13063
2.13135
2.1321
2.13287
2.13367
2.13448
2.1353
2.13614
2.13697
2.13781
2.13863
2.13945
2.14025
2.14103
2.14178
2.14251
2.14321
2.14387
2.1445
2.14509
2.14563
2.14613
2.14658
2.14698
2.14733
2.14762
2.14786
2.14805
2.14817
2.14824
2.14824
2.14818
2.14806
2.14787
2.14762
2.1473
2.1469
2.14644
2.1459
2.14529
2.1446
2.14383
2.14298
2.14204
2.14103
2.13992
2.13873
2.13744
2.13606
2.13458
2.13301
2.13133
2.12956
2.12768
2.1257
2.12361
2.12142
2.11912
2.11671
2.1142
2.11158
2.10885
2.10602
2.10308
2.10004
2.0969
2.09367
2.09033
2.08691
2.0834
2.0798
2.07613
2.07238
2.06857
2.0647
2.06077
2.05679
2.05277
2.04872
2.04465
2.04056
2.03647
2.03238
2.0283
2.02425
2.02023
2.01625
2.01233
2.00847
2.00468
2.00098
1.99737
1.99386
1.99046
1.98719
1.98404
1.98103
1.97817
1.97545
1.9729
1.9705
1.96828
1.96622
1.96434
1.96264
1.96112
1.95979
1.95863
1.95767
1.95688
1.95628
1.95586
1.95562
1.95555
1.95566
1.95594
1.95639
1.95701
1.95778
1.95871
1.95979
1.96101
1.96238
1.96388
1.9655
1.96726
1.96913
1.97111
1.9732
1.97539
1.97767
1.98003
1.98248
1.98499
1.98757
1.99022
1.99291
1.99564
1.99841
2.00121
2.00404
2.00688
2.00972
2.01257
2.0154
2.01823
2.02103
2.02381
2.02655
2.02925
2.0319
2.03449
2.03703
2.0395
2.0419
2.04422
2.04645
2.0486
2.05066
2.05262
2.05449
2.05624
2.0579
2.05944
2.06087
2.0622
2.0634
2.0645
2.06548
2.06635
2.0671
2.06775
2.06828
2.06872
2.06905
2.06928
2.06942
2.06947
2.06944
2.06933
2.06915
2.0689
2.0686
2.06824
2.06785
2.06741
2.06695
2.06647
2.06597
2.06547
2.06497
2.06447
2.06399
2.06354
2.06311
2.06271
2.06235
2.06204
2.06177
2.06156
2.0614
2.0613
2.06126
2.06128
2.06137
2.06153
2.06175
2.06204
2.0624
2.06282
2.0633
2.06385
2.06446
2.06513
2.06586
2.06664
2.06747
2.06835
2.06928
2.07024
2.07125
2.07228
2.07334
2.07443
2.07554
2.07666
2.07779
2.07893
2.08007
2.08121
2.08234
2.08346
2.08457
2.08565
2.08671
2.08774
2.08874
2.08971
2.09063
2.09152
2.09235
2.09314
2.09388
2.09456
2.09519
2.09576
2.09627
2.09671
2.0971
2.09742
2.09767
2.09786
2.09799
2.09806
2.09806
2.09799
2.09787
2.09769
2.09745
2.09715
2.09681
2.09641
2.09597
2.09549
2.09497
2.09441
2.09383
2.09322
2.09259
2.09195
2.09129
2.09063
2.08998
2.08933
2.08869
2.08807
2.08748
2.08691
2.08638
2.08588
2.08543
2.08503
2.08468
2.08439
2.08415
2.08398
2.08387
2.08383
2.08386
2.08395
2.08411
2.08434
2.08463
2.08499
2.08541
2.08589
2.08643
2.08702
2.08765
2.08833
2.08904
2.08979
2.09056
2.09136
2.09217
2.09299
2.09381
2.09463
2.09545
2.09626
2.09705
2.09782
2.09856
2.09928
2.09996
2.10062
2.10123
2.10181
2.10235
2.10285
2.10332
2.10374
2.10413
2.10448
2.1048
2.10509
2.10535
2.10559
2.10581
2.106
2.10619
2.10637
2.10655
2.10673
2.10691
2.10711
2.10732
2.10755
2.10781
2.1081
2.10842
2.10878
2.10918
2.10963
2.11012
2.11066
2.11126
2.1119
2.1126
2.11335
2.11415
2.11501
2.11591
2.11687
2.11787
2.11891
2.12
2.12112
2.12227
2.12346
2.12467
2.12589
2.12714
2.12839
2.12964
2.1309
2.13214
2.13338
2.13459
2.13578
2.13694
2.13807
2.13915
2.14019
2.14119
2.14212
2.143
2.14382
2.14457
2.14525
2.14585
2.14639
2.14684
2.14722
2.14751
2.14773
2.14786
2.1479
2.14787
2.14775
2.14755
2.14726
2.1469
2.14645
2.14593
2.14533
2.14466
2.14393
2.14312
2.14225
2.14132
2.14034
2.1393
2.13821
2.13708
2.1359
2.13469
2.13344
2.13217
2.13087
2.12955
2.12821
2.12685
2.12549
2.12411
2.12273
2.12134
2.11996
2.11857
2.11719
2.11581
2.11443
2.11306
2.1117
2.11034
2.10899
2.10765
2.10632
2.10499
2.10367
2.10235
2.10104
2.09974
2.09844
2.09715
2.09586
2.09458
2.0933
2.09203
2.09077
2.08951
2.08826
2.08703
2.0858
2.08458
2.08338
2.08219
2.08102
2.07987
2.07874
2.07764
2.07656
2.0755
2.07448
2.07349
2.07253
2.07161
2.07073
2.06988
2.06908
2.06832
2.0676
2.06693
2.06631
2.06573
2.0652
2.06472
2.06428
2.0639
2.06356
2.06327
2.06303
2.06283
2.06268
2.06258
2.06252
2.0625
2.06252
2.06258
2.06268
2.06281
2.06298
2.06318
2.06341
2.06367
2.06395
2.06426
2.06458
2.06492
2.06528
2.06564
2.06602
2.06639
2.06677
2.06715
2.06752
2.06789
2.06824
2.06858
2.0689
2.06919
2.06946
2.06971
2.06992
2.07009
2.07024
2.07034
2.0704
2.07042
2.07039
2.07032
2.0702
2.07003
2.06981
2.06955
2.06924
2.06888
2.06848
2.06803
2.06754
2.06701
2.06645
2.06585
2.06521
2.06455
2.06387
2.06316
2.06244
2.06171
2.06097
2.06023
2.05949
2.05876
2.05803
2.05733
2.05665
2.056
2.05538
2.0548
2.05426
2.05378
2.05335
2.05297
2.05267
2.05243
2.05228
2.0522
2.05221
2.05231
2.0525
2.0528
2.05321
2.05372
2.05435
2.0551
2.05597
2.05696
2.05809
2.05935
2.06074
2.06227
2.06394
2.06575
2.0677
2.0698
2.07203
2.07441
2.07692
2.07957
2.08235
2.08527
2.08831
2.09146
2.09474
2.09812
2.1016
2.10518
2.10885
2.11259
2.11639
2.12026
2.12417
2.12813
2.13211
2.13611
2.14011
2.14411
2.1481
2.15206
2.15599
2.15987
2.16369
2.16745
2.17113
2.17473
2.17824
2.18165
2.18495
2.18814
2.1912
2.19413
2.19694
2.1996
2.20211
2.20448
2.20669
2.20875
2.21064
2.21237
2.21393
2.21533
2.21655
2.2176
2.21847
2.21917
2.21969
2.22003
2.2202
2.22018
2.21999
2.21962
2.21908
2.21835
2.21746
2.21638
2.21514
2.21373
2.21215
2.2104
2.20849
2.20642
2.2042
2.20183
2.19931
2.19664
2.19384
2.19091
2.18785
2.18467
2.18137
2.17797
2.17446
2.17086
2.16717
2.1634
2.15955
2.15564
2.15167
2.14765
2.14358
2.13947
2.13533
2.13117
2.12699
2.1228
2.11861
2.11443
2.11025
2.10609
2.10195
2.09785
2.09377
2.08974
2.08576
2.08182
2.07795
2.07413
2.07039
2.06671
2.06311
2.05959
2.05616
2.05281
2.04955
2.04639
2.04332
2.04036
2.03749
2.03472
2.03206
2.0295
2.02704
2.02469
2.02244
2.02029
2.01824
2.01628
2.01443
2.01266
2.01099
2.0094
2.0079
2.00649
2.00515
2.00389
2.0027
2.00158
2.00053
1.99955
1.99863
1.99776
1.99696
1.99621
1.99551
1.99487
1.99427
1.99373
1.99323
1.99278
1.99237
1.99201
1.9917
1.99143
1.99121
1.99104
1.99092
1.99084
1.99082
1.99085
1.99093
1.99107
1.99127
1.99152
1.99184
1.99223
1.99268
1.9932
1.99379
1.99446
1.9952
1.99601
1.99691
1.99788
1.99893
2.00006
2.00128
2.00257
2.00394
2.00539
2.00691
2.00851
2.01018
2.01192
2.01372
2.01558
2.0175
2.01947
2.02149
2.02355
2.02564
2.02776
2.0299
2.03206
2.03423
2.0364
2.03856
2.04072
2.04286
2.04497
2.04705
2.04909
2.05109
2.05304
2.05493
2.05676
2.05853
2.06022
2.06183
2.06337
2.06482
2.06618
2.06745
2.06863
2.06972
2.07071
2.0716
2.0724
2.0731
2.07371
2.07422
2.07464
2.07497
2.07522
2.07539
2.07549
2.07551
2.07547
2.07537
2.07522
2.07502
2.07479
2.07452
2.07424
2.07394
2.07365
2.07335
2.07307
2.07281
2.07258
2.0724
2.07226
2.07217
2.07215
2.07219
2.07231
2.07252
2.07281
2.07319
2.07366
2.07423
2.0749
2.07567
2.07655
2.07752
2.0786
2.07977
2.08104
2.08241
2.08387
2.08541
2.08703
2.08873
2.0905
2.09233
2.09422
2.09616
2.09815
2.10017
2.10222
2.10429
2.10638
2.10848
2.11057
2.11266
2.11473
2.11678
2.1188
2.12079
2.12274
2.12463
2.12648
2.12826
2.12998
2.13163
2.13321
2.13472
2.13614
2.13747
2.13872
2.13989
2.14095
2.14193
2.14281
2.14359
2.14427
2.14486
2.14535
2.14573
2.14602
2.1462
2.14629
2.14628
2.14616
2.14595
2.14564
2.14523
2.14473
2.14412
2.14343
2.14264
2.14176
2.14078
2.13972
2.13857
2.13733
2.13601
2.13461
2.13313
2.13157
2.12994
2.12824
2.12648
2.12465
2.12277
2.12084
2.11885
2.11683
2.11477
2.11267
2.11055
2.10842
2.10626
2.10411
2.10195
2.09979
2.09765
2.09553
2.09343
2.09136
2.08933
2.08734
2.08539
2.0835
2.08167
2.0799
2.0782
2.07656
2.075
2.07352
2.07211
2.07079
2.06955
2.06839
2.06732
2.06633
2.06543
2.06462
2.06388
2.06324
2.06267
2.06219
2.06179
2.06147
2.06122
2.06105
2.06096
2.06093
2.06098
2.06109
2.06127
2.06151
2.06182
2.06218
2.0626
2.06308
2.06361
2.06419
2.06483
2.06551
2.06623
2.067
2.06781
2.06866
2.06954
2.07046
2.07141
2.07238
2.07338
2.07441
2.07545
2.07651
2.07758
2.07867
2.07976
2.08086
2.08197
2.08307
2.08417
2.08527
2.08636
2.08744
2.08851
2.08957
2.09061
2.09164
2.09265
2.09365
2.09462
2.09557
2.09651
2.09741
2.0983
2.09916
2.09999
2.1008
2.10158
2.10234
2.10307
2.10376
2.10443
2.10506
2.10567
2.10624
2.10678
2.10728
2.10774
2.10817
2.10856
2.1089
2.10921
2.10947
2.10968
2.10985
2.10997
2.11004
2.11006
2.11003
2.10995
2.10981
2.10961
2.10936
2.10906
2.1087
2.10829
2.10782
2.1073
2.10672
2.1061
2.10543
2.10471
2.10395
2.10315
2.10231
2.10144
2.10055
2.09962
2.09868
2.09772
2.09675
2.09577
2.09479
2.09382
2.09285
2.0919
2.09096
2.09004
2.08915
2.08829
2.08746
2.08666
2.0859
2.08518
2.0845
2.08386
2.08326
2.08271
2.08219
2.08172
2.08129
2.08089
2.08053
2.0802
2.0799
2.07963
2.07938
2.07915
2.07893
2.07873
2.07853
2.07834
2.07816
2.07796
2.07777
2.07756
2.07734
2.0771
2.07685
2.07659
2.0763
2.07599
2.07565
2.0753
2.07493
2.07453
2.07411
2.07367
2.07322
2.07275
2.07226
2.07177
2.07127
2.07076
2.07025
2.06974
2.06923
2.06873
2.06825
2.06777
2.06732
2.06688
2.06647
2.06609
2.06574
2.06542
2.06513
2.06489
2.06468
2.06452
2.0644
2.06433
2.06431
2.06434
2.06442
2.06456
2.06475
2.065
2.0653
2.06566
2.06609
2.06657
2.06711
2.06771
2.06838
2.06911
2.0699
2.07075
2.07167
2.07265
2.0737
2.0748
2.07597
2.07721
2.0785
2.07986
2.08128
2.08276
2.08429
2.08589
2.08754
2.08925
2.09102
2.09283
2.0947
2.09662
2.09858
2.10059
2.10263
2.10471
2.10683
2.10898
2.11115
2.11334
2.11555
2.11776
2.11999
2.12221
2.12443
2.12664
2.12882
2.13099
2.13312
2.13521
2.13726
2.13927
2.14121
2.14309
2.1449
2.14664
2.1483
2.14988
2.15136
2.15275
2.15404
2.15523
2.15631
2.15728
2.15815
2.1589
2.15954
2.16006
2.16047
2.16077
2.16096
2.16104
2.16101
2.16087
2.16064
2.16031
2.15988
2.15937
2.15878
2.15811
2.15738
2.15657
2.15572
2.15481
2.15385
2.15286
2.15183
2.15078
2.14972
2.14863
2.14755
2.14646
2.14537
2.14429
2.14323
2.14218
2.14115
2.14015
2.13918
2.13824
2.13732
2.13645
2.13561
2.13481
2.13404
2.13332
2.13263
2.13199
2.13138
2.13081
2.13028
2.12979
2.12933
2.12891
2.12852
2.12816
2.12783
2.12753
2.12725
2.12699
2.12676
2.12654
2.12633
2.12614
2.12595
2.12578
2.1256
2.12543
2.12527
2.12509
2.12492
2.12474
2.12455
2.12436
2.12415
2.12393
2.12371
2.12347
2.12321
2.12294
2.12266
2.12237
2.12206
2.12173
2.12139
2.12104
2.12067
2.12028
2.11988
2.11947
2.11904
2.1186
2.11814
2.11767
2.11718
2.11667
2.11616
2.11562
2.11507
2.1145
2.11391
2.1133
2.11267
2.11202
2.11135
2.11065
2.10993
2.10919
2.10842
2.10762
2.10679
2.10593
2.10503
2.10411
2.10315
2.10215
2.10111
2.10004
2.09893
2.09778
2.09659
2.09535
2.09408
2.09276
2.09141
2.09001
2.08857
2.08709
2.08557
2.08401
2.08242
2.08079
2.07913
2.07743
2.07571
2.07396
2.07218
2.07039
2.06857
2.06674
2.06489
2.06304
2.06117
2.0593
2.05743
2.05556
2.0537
2.05184
2.04999
2.04816
2.04635
2.04456
2.04279
2.04105
2.03935
2.03768
2.03605
2.03446
2.03293
2.03145
2.03003
2.02867
2.02738
2.02617
2.02504
2.02399
2.02304
2.02219
2.02144
2.02081
2.02029
2.01989
2.01963
2.0195
2.01951
2.01967
2.01998
2.02045
2.02108
2.02187
2.02282
2.02395
2.02525
2.02672
2.02836
2.03017
2.03215
2.0343
2.03662
2.03909
2.04172
2.04451
2.04744
2.0505
2.0537
2.05702
2.06046
2.064
2.06764
2.07136
2.07516
2.07903
2.08295
2.08692
2.09092
2.09495
2.09899
2.10304
2.10708
2.11111
2.11512
2.11909
2.12303
2.12692
2.13076
2.13454
2.13826
2.14191
2.14548
2.14897
2.15239
2.15571
2.15895
2.16211
2.16516
2.16813
2.171
2.17378
2.17646
2.17905
2.18154
2.18393
2.18623
2.18844
2.19055
2.19258
2.19451
2.19636
2.19812
2.1998
2.20139
2.2029
2.20434
2.20571
2.207
2.20822
2.20938
2.21047
2.21151
2.21249
2.21342
2.21429
2.21513
2.21592
2.21667
2.21738
2.21806
2.21872
2.21934
2.21995
2.22053
2.2211
2.22165
2.22219
2.22272
2.22324
2.22375
2.22425
2.22475
2.22524
2.22572
2.22619
2.22666
2.22712
2.22757
2.228
2.22842
2.22882
2.2292
2.22956
2.22988
2.23018
2.23043
2.23065
2.23083
2.23095
2.23102
2.23104
2.23099
2.23088
2.2307
2.23045
2.23012
2.22971
2.22922
2.22864
2.22797
2.22722
2.22637
2.22542
2.22438
2.22324
2.22201
2.22068
2.21925
2.21772
2.2161
2.21438
2.21257
2.21067
2.20868
2.2066
2.20443
2.20219
2.19986
2.19746
2.19498
2.19244
2.18983
2.18716
2.18443
2.18165
2.17881
2.17593
2.173
2.17004
2.16704
2.16401
2.16096
2.15788
2.15478
2.15166
2.14854
2.1454
2.14226
2.13912
2.13598
2.13285
2.12973
2.12662
2.12353
2.12046
2.11742
2.1144
2.11141
2.10846
2.10555
2.10268
2.09985
2.09707
2.09434
2.09167
2.08905
2.0865
2.08401
2.08159
2.07924
2.07696
2.07476
2.07264
2.0706
2.06864
2.06677
2.06498
2.06329
2.06169
2.06018
2.05877
2.05745
2.05624
2.05512
2.0541
2.05319
2.05237
2.05166
2.05106
2.05056
2.05016
2.04987
2.04969
2.04962
2.04965
2.04979
2.05003
2.05039
2.05085
2.05141
2.05209
2.05286
2.05375
2.05473
2.05582
2.057
2.05829
2.05967
2.06115
2.06271
2.06437
2.0661
2.06792
2.06982
2.07179
2.07382
2.07592
2.07807
2.08028
2.08253
2.08483
2.08716
2.08952
2.0919
2.0943
2.09671
2.09912
2.10154
2.10394
2.10633
2.10871
2.11106
2.11338
2.11566
2.11791
2.12011
2.12226
2.12437
2.12642
2.12841
2.13034
2.1322
2.13401
2.13574
2.13741
2.13901
2.14054
2.142
2.14338
2.1447
2.14595
2.14714
2.14825
2.1493
2.15028
2.1512
2.15206
2.15286
2.15359
2.15427
2.15489
2.15546
2.15597
2.15643
2.15683
2.15718
2.15748
2.15773
2.15793
2.15808
2.15817
2.15821
2.15819
2.15812
2.15799
2.1578
2.15755
2.15724
2.15686
2.15642
2.1559
2.15532
2.15465
2.15392
2.1531
2.1522
2.15122
2.15015
2.149
2.14777
2.14644
2.14503
2.14352
2.14193
2.14025
2.13849
2.13664
2.1347
2.13269
2.13059
2.12842
2.12618
2.12386
2.12148
2.11904
2.11654
2.114
2.1114
2.10876
2.10609
2.10338
2.10065
2.0979
2.09513
2.09236
2.08959
2.08681
2.08405
2.0813
2.07857
2.07586
2.07318
2.07054
2.06794
2.06538
2.06287
2.06042
2.05802
2.05568
2.05341
2.0512
2.04907
2.04701
2.04502
2.04312
2.0413
2.03957
2.03793
2.03637
2.03491
2.03355
2.03228
2.0311
2.03003
2.02907
2.0282
2.02744
2.02679
2.02625
2.02581
2.02549
2.02527
2.02517
2.02517
2.02529
2.02551
2.02585
2.02629
2.02684
2.0275
2.02826
2.02912
2.03008
2.03113
2.03228
2.03352
2.03484
2.03624
2.03772
2.03927
2.04089
2.04257
2.04431
2.0461
2.04795
2.04983
2.05176
2.05372
2.05571
2.05773
2.05976
2.06182
2.06388
2.06595
2.06802
2.07009
2.07216
2.07421
2.07626
2.07828
2.08028
2.08225
2.0842
2.08611
2.08799
2.08982
2.09161
2.09336
2.09506
2.0967
2.09829
2.09983
2.1013
2.10272
2.10408
2.10537
2.1066
2.10776
2.10886
2.1099
2.11087
2.11178
2.11262
2.11341
2.11413
2.11479
2.1154
2.11594
2.11644
2.11688
2.11726
2.1176
2.11789
2.11813
2.11832
2.11847
2.11857
2.11863
2.11865
2.11862
2.11856
2.11845
2.11829
2.1181
2.11786
2.11757
2.11724
2.11686
2.11644
2.11596
2.11544
2.11486
2.11423
2.11355
2.1128
2.112
2.11115
2.11023
2.10925
2.10821
2.10711
2.10595
2.10472
2.10344
2.10209
2.10068
2.09922
2.09769
2.09612
2.09449
2.09281
2.09108
2.08931
2.0875
2.08566
2.08379
2.08189
2.07997
2.07803
2.07609
2.07414
2.07219
2.07025
2.06833
2.06642
2.06455
2.0627
2.0609
2.05914
2.05743
2.05577
2.05418
2.05265
2.05119
2.04981
2.04851
2.04728
2.04615
2.04509
2.04413
2.04325
2.04246
2.04176
2.04115
2.04063
2.0402
2.03985
2.03959
2.03941
2.0393
2.03928
2.03932
2.03944
2.03963
2.03988
2.04018
2.04055
2.04097
2.04144
2.04195
2.04251
2.0431
2.04373
2.04439
2.04508
2.0458
2.04654
2.0473
2.04808
2.04887
2.04967
2.05048
2.0513
2.05212
2.05294
2.05377
2.05459
2.05542
2.05624
2.05705
2.05786
2.05866
2.05945
2.06023
2.06101
2.06177
2.06252
2.06327
2.06399
2.06471
2.06542
2.06611
2.06679
2.06745
2.06811
2.06875
2.06937
2.06998
2.07058
2.07117
2.07173
2.07229
2.07283
2.07336
2.07387
2.07437
2.07485
2.07532
2.07578
2.07622
2.07665
2.07708
2.07749
2.07789
2.07829
2.07868
2.07906
2.07945
2.07983
2.08022
2.08062
2.08102
2.08143
2.08186
2.0823
2.08276
2.08324
2.08374
2.08427
2.08483
2.08541
2.08602
2.08667
2.08734
2.08804
2.08877
2.08952
2.0903
2.0911
2.09193
2.09276
2.09361
2.09447
2.09533
2.0962
2.09705
2.0979
2.09874
2.09955
2.10034
2.10111
2.10184
2.10254
2.10319
2.10381
2.10438
2.1049
2.10537
2.10578
2.10614
2.10645
2.10669
2.10688
2.10702
2.10709
2.1071
2.10706
2.10697
2.10681
2.10661
2.10635
2.10605
2.10569
2.1053
2.10486
2.10438
2.10387
2.10332
2.10274
2.10214
2.10152
2.10088
2.10022
2.09956
2.09888
2.09821
2.09753
2.09686
2.09619
2.09553
2.09488
2.09425
2.09363
2.09304
2.09246
2.09191
2.09138
2.09087
2.09039
2.08993
2.0895
2.0891
2.08871
2.08835
2.08802
2.0877
2.0874
2.08712
2.08686
2.08661
2.08637
2.08614
2.08592
2.0857
2.08549
2.08527
2.08506
2.08485
2.08463
2.08441
2.08419
2.08396
2.08372
2.08348
2.08323
2.08298
2.08272
2.08245
2.08219
2.08192
2.08166
2.08139
2.08113
2.08088
2.08063
2.0804
2.08018
2.07998
2.07979
2.07963
2.07949
2.07937
2.07929
2.07923
2.0792
2.07921
2.07925
2.07933
2.07945
2.0796
2.07979
2.08001
2.08028
2.08058
2.08091
2.08128
2.08168
2.08212
2.08258
2.08307
2.08358
2.08412
2.08468
2.08525
2.08584
2.08643
2.08704
2.08765
2.08826
2.08887
2.08948
2.09008
2.09068
2.09126
2.09184
2.0924
2.09294
2.09347
2.09398
2.09447
2.09494
2.0954
2.09583
2.09625
2.09666
2.09705
2.09742
2.09779
2.09814
2.09849
2.09883
2.09916
2.0995
2.09983
2.10017
2.10052
2.10087
2.10124
2.10162
2.10202
2.10243
2.10286
2.10332
2.1038
2.10431
2.10484
2.1054
2.10599
2.1066
2.10725
2.10793
2.10863
2.10937
2.11013
2.11093
2.11175
2.11259
2.11347
2.11437
2.11529
2.11624
2.1172
2.11819
2.11919
2.12021
2.12124
2.12228
2.12333
2.12439
2.12546
2.12653
2.12759
2.12866
2.12972
2.13077
2.13181
2.13284
2.13384
2.13482
2.13578
2.1367
2.13759
2.13844
2.13924
2.13999
2.14068
2.14131
2.14188
2.14237
2.14278
2.14311
2.14335
2.1435
2.14355
2.14349
2.14332
2.14304
2.14265
2.14213
2.14149
2.14073
2.13984
2.13882
2.13768
2.1364
2.135
2.13347
2.13182
2.13004
2.12815
2.12614
2.12403
2.12181
2.11949
2.11708
2.11459
2.11202
2.10938
2.10668
2.10392
2.10112
2.09828
2.09542
2.09253
2.08964
2.08674
2.08385
2.08098
2.07814
2.07532
2.07255
2.06983
2.06716
2.06455
2.06202
2.05955
2.05717
2.05488
2.05268
2.05057
2.04855
2.04664
2.04483
2.04313
2.04153
2.04003
2.03865
2.03736
2.03618
2.0351
2.03412
2.03324
2.03245
2.03175
2.03113
2.0306
2.03014
2.02975
2.02942
2.02916
2.02895
2.02879
2.02868
2.0286
2.02855
2.02853
2.02853
2.02855
2.02857
2.0286
2.02864
2.02866
2.02868
2.02869
2.02868
2.02865
2.0286
2.02852
2.02842
2.02829
2.02813
2.02793
2.02771
2.02745
2.02716
2.02683
2.02648
2.0261
2.02569
2.02526
2.02481
2.02434
2.02386
2.02337
2.02287
2.02238
2.02189
2.02142
2.02096
2.02053
2.02014
2.01978
2.01947
2.01922
2.01903
2.01891
2.01886
2.0189
2.01904
2.01927
2.0196
2.02005
2.02061
2.0213
2.02212
2.02306
2.02415
2.02537
2.02674
2.02825
2.0299
2.0317
2.03365
2.03574
2.03798
2.04035
2.04287
2.04552
2.0483
2.05121
2.05423
2.05737
2.06062
2.06397
2.06741
2.07094
2.07454
2.07822
2.08195
2.08574
2.08957
2.09343
2.09732
2.10123
2.10515
2.10906
2.11296
2.11685
2.12072
2.12455
2.12834
2.13208
2.13577
2.1394
2.14297
2.14646
2.14988
2.15321
2.15646
2.15961
2.16267
2.16564
2.1685
2.17126
2.17391
2.17645
2.17888
2.1812
2.18341
2.1855
2.18747
2.18934
2.19108
2.19272
2.19424
2.19565
2.19694
2.19813
2.19921
2.20019
2.20107
2.20185
2.20253
2.20312
2.20362
2.20403
2.20437
2.20462
2.20481
2.20492
2.20497
2.20496
2.20488
2.20476
2.20458
2.20435
2.20408
2.20376
2.20341
2.20302
2.20259
2.20212
2.20163
2.2011
2.20054
2.19995
2.19933
2.19868
2.198
2.19729
2.19655
2.19578
2.19497
2.19413
2.19326
2.19234
2.19139
2.1904
2.18937
2.1883
2.18718
2.18601
2.1848
2.18353
2.18221
2.18084
2.17942
2.17794
2.1764
2.17481
2.17315
2.17144
2.16967
2.16784
2.16595
2.164
2.162
2.15994
2.15783
2.15568
2.15347
2.15123
2.14895
2.14663
2.14428
2.14191
2.13952
2.13712
2.13471
2.13229
2.12988
2.12747
2.12509
2.12272
2.12037
2.11806
2.11578
2.11353
2.11133
2.10918
2.10707
2.10502
2.10301
2.10106
2.09916
2.09732
2.09552
2.09378
2.09208
2.09043
2.08882
2.08725
2.08571
2.0842
2.08272
2.08125
2.0798
2.07835
2.07691
2.07546
2.074
2.07252
2.07102
2.06949
2.06793
2.06634
2.06469
2.06301
2.06127
2.05948
2.05763
2.05573
2.05377
2.05175
2.04967
2.04754
2.04535
2.04311
2.04083
2.0385
2.03613
2.03372
2.03129
2.02884
2.02638
2.02392
2.02146
2.01902
2.0166
2.01421
2.01187
2.00959
2.00737
2.00522
2.00316
2.00119
1.99933
1.99758
1.99596
1.99446
1.99311
1.9919
1.99084
1.98994
1.9892
1.98863
1.98823
1.988
1.98795
1.98807
1.98836
1.98883
1.98948
1.99029
1.99127
1.99242
1.99372
1.99518
1.99679
1.99855
2.00044
2.00246
2.00461
2.00687
2.00924
2.01172
2.01429
2.01695
2.01969
2.02249
2.02537
2.0283
2.03127
2.03429
2.03735
2.04043
2.04353
2.04664
2.04976
2.05288
2.056
2.0591
2.06218
2.06524
2.06827
2.07127
2.07423
2.07714
2.08001
2.08282
2.08558
2.08827
2.0909
2.09347
2.09596
2.09839
2.10073
2.103
2.10518
2.10728
2.1093
2.11123
2.11307
2.11481
2.11647
2.11803
2.1195
2.12087
2.12214
2.12332
2.12439
2.12537
2.12625
2.12703
2.12771
2.1283
2.12878
2.12917
2.12945
2.12965
2.12974
2.12974
2.12965
2.12947
2.12919
2.12883
2.12838
2.12785
2.12724
2.12654
2.12577
2.12492
2.124
2.12301
2.12196
2.12084
2.11967
2.11843
2.11714
2.11581
2.11442
2.11299
2.11153
2.11002
2.10849
2.10693
2.10534
2.10373
2.10211
2.10048
2.09884
2.09719
2.09555
2.09392
2.09229
2.09068
2.08909
2.08753
2.08599
2.08449
2.08303
2.08161
2.08024
2.07893
2.07767
2.07648
2.07535
2.07429
2.07331
2.07241
2.07159
2.07085
2.07021
2.06965
2.06919
2.06882
2.06855
2.06838
2.0683
2.06833
2.06846
2.06868
2.06901
2.06943
2.06996
2.07058
2.07129
2.0721
2.07299
2.07398
2.07505
2.0762
2.07743
2.07874
2.08012
2.08157
2.08307
2.08464
2.08626
2.08794
2.08965
2.09141
2.0932
2.09502
2.09686
2.09872
2.10059
2.10247
2.10435
2.10623
2.10809
2.10994
2.11178
2.11359
2.11536
2.11711
2.11882
2.12048
2.1221
2.12368
2.1252
2.12667
2.12808
2.12943
2.13072
2.13196
2.13313
2.13424
2.13529
2.13627
2.13719
2.13805
2.13885
2.13958
2.14026
2.14088
2.14143
2.14193
2.14238
2.14276
2.1431
2.14338
2.14361
2.14379
2.14391
2.144
2.14403
2.14402
2.14397
2.14387
2.14374
2.14356
2.14335
2.14311
2.14283
2.14253
2.1422
2.14184
2.14146
2.14106
2.14065
2.14022
2.13978
2.13933
2.13889
2.13844
2.13799
2.13756
2.13714
2.13673
2.13634
2.13597
2.13564
2.13533
2.13506
2.13483
2.13464
2.1345
2.1344
2.13436
2.13436
2.13443
2.13454
2.13472
2.13494
2.13522
2.13555
2.13594
2.13636
2.13683
2.13733
2.13787
2.13843
2.13902
2.13961
2.14021
2.14081
2.1414
2.14198
2.14253
2.14304
2.14352
2.14395
2.14433
2.14465
2.1449
2.14507
2.14517
2.14518
2.1451
2.14493
2.14466
2.14429
2.14382
2.14324
2.14255
2.14175
2.14084
2.13982
2.13868
2.13744
2.13609
2.13462
2.13305
2.13138
2.1296
2.12772
2.12575
2.12368
2.12153
2.11929
2.11697
2.11457
2.1121
2.10957
2.10698
2.10433
2.10164
2.0989
2.09613
2.09333
2.09051
2.08768
2.08483
2.08198
2.07914
2.07631
2.0735
2.07071
2.06795
2.06524
2.06256
2.05994
2.05737
2.05487
2.05243
2.05007
2.04778
2.04558
2.04345
2.04142
2.03948
2.03763
2.03588
2.03422
2.03266
2.03121
2.02984
2.02858
2.02742
2.02635
2.02537
2.02449
2.0237
2.023
2.02238
2.02184
2.02139
2.02101
2.02071
2.02048
2.02031
2.02022
2.02018
2.02021
2.0203
2.02045
2.02065
2.02091
2.02122
2.02159
2.02201
2.02248
2.023
2.02358
2.02421
2.02489
2.02563
2.02642
2.02727
2.02817
2.02912
2.03013
2.03119
2.03231
2.03347
2.03469
2.03596
2.03727
2.03863
2.04003
2.04147
2.04294
2.04443
2.04595
2.04749
2.04904
2.0506
2.05216
2.05371
2.05524
2.05675
2.05824
2.05968
2.06109
2.06245
2.06375
2.06499
2.06616
2.06726
2.06828
2.06922
2.07007
2.07084
2.07151
2.0721
2.07259
2.07299
2.0733
2.07352
2.07365
2.0737
2.07367
2.07357
2.0734
2.07316
2.07288
2.07254
2.07216
2.07174
2.0713
2.07084
2.07036
2.06988
2.0694
2.06893
2.06848
2.06804
2.06763
2.06724
2.06689
2.06657
2.0663
2.06606
2.06586
2.06571
2.0656
2.06554
2.06552
2.06554
2.0656
2.06571
2.06585
2.06604
2.06625
2.06651
2.0668
2.06712
2.06747
2.06785
2.06825
2.06869
2.06915
2.06964
2.07015
2.07069
2.07125
2.07184
2.07245
2.07309
2.07376
2.07446
2.07518
2.07594
2.07672
2.07754
2.07839
2.07928
2.0802
2.08116
2.08216
2.08319
2.08427
2.08539
2.08655
2.08776
2.089
2.0903
2.09164
2.09303
2.09446
2.09595
2.09748
2.09906
2.10069
2.10237
2.1041
2.10588
2.10771
2.10958
2.1115
2.11346
2.11547
2.11751
2.11959
2.12171
2.12385
2.12602
2.12822
2.13043
2.13265
2.13487
2.1371
2.13932
2.14152
2.1437
2.14586
2.14798
2.15005
2.15208
2.15404
2.15594
2.15777
2.15952
2.16118
2.16274
2.16421
2.16556
2.1668
2.16793
2.16892
2.16979
2.17052
2.17111
2.17155
2.17185
2.172
2.17199
2.17183
2.17151
2.17103
2.17039
2.16958
2.16862
2.16749
2.1662
2.16476
2.16315
2.16139
2.15947
2.1574
2.15518
2.15282
2.15032
2.14768
2.14491
2.14201
2.13899
2.13586
2.13262
2.12929
2.12585
2.12233
2.11874
2.11507
2.11135
2.10757
2.10375
2.09989
2.09601
2.09212
2.08823
2.08434
2.08047
2.07663
2.07283
2.06907
2.06538
2.06176
2.05821
2.05476
2.0514
2.04816
2.04504
2.04204
2.03918
2.03647
2.03391
2.03151
2.02928
2.02722
2.02534
2.02363
2.02212
2.02079
2.01966
2.01871
2.01796
2.0174
2.01704
2.01686
2.01687
2.01706
2.01744
2.01798
2.0187
2.01958
2.02061
2.02179
2.02311
2.02455
2.02612
2.0278
2.02959
2.03146
2.03341
2.03544
2.03752
2.03965
2.04182
2.04402
2.04623
2.04845
2.05067
2.05288
2.05506
2.05722
2.05933
2.0614
2.06342
2.06538
2.06727
2.06909
2.07084
2.0725
2.07408
2.07558
2.07699
2.07831
2.07953
2.08067
2.08172
2.08268
2.08355
2.08434
2.08504
2.08567
2.08622
2.0867
2.08712
2.08747
2.08777
2.08802
