12.4576
12.4528
12.4461
12.4374
12.4268
12.4141
12.3993
12.3825
12.3635
12.3422
12.3187
12.2928
12.2644
12.2335
12.1999
12.1636
12.1244
12.0822
12.0369
11.9883
11.9363
11.8807
11.8214
11.7581
11.6908
11.6192
11.5432
11.4625
11.377
11.2866
11.1911
11.0904
10.9844
10.873
10.7563
10.6343
10.5072
10.375
10.2382
10.0971
9.95213
9.80383
9.65281
9.49975
9.34536
9.19036
9.03549
8.88147
8.729
8.57873
8.43125
8.28712
8.14683
8.01082
7.87947
7.75313
7.63207
7.51653
7.40667
7.30264
7.20452
7.11236
7.02617
6.94591
6.87153
6.80293
6.74001
6.68261
6.63059
6.58376
6.54193
6.5049
6.47245
6.44434
6.42035
6.40022
6.38371
6.37056
6.36052
6.35335
6.3488
6.34664
6.34665
6.34862
6.35239
6.35778
6.36467
6.37295
6.38255
6.39342
6.40553
6.41888
6.43348
6.44933
6.46645
6.48482
6.50443
6.52521
6.54708
6.5699
6.59353
6.61778
6.64243
6.66727
6.69205
6.71655
6.74054
6.76379
6.78612
6.80734
6.8273
6.84587
6.86296
6.8785
6.89245
6.90482
6.91565
6.92499
6.93295
6.93966
6.94528
6.94997
6.95392
6.95729
6.96023
6.96287
6.96529
6.96753
6.96959
6.97141
6.97291
6.97395
6.97441
6.97416
6.97304
6.97095
6.96779
6.96348
6.958
6.95131
6.94344
6.93443
6.92435
6.91329
6.90135
6.88868
6.87541
6.86171
6.84776
6.83373
6.8198
6.80615
6.79293
6.78029
6.76831
6.75708
6.74663
6.73693
6.72795
6.71959
6.71174
6.70428
6.69706
6.68994
6.68278
6.67546
6.66787
6.65992
6.65156
6.64274
6.63344
6.62368
6.61346
6.60284
6.59189
6.58067
6.56929
6.55784
6.54645
6.53522
6.5243
6.51379
6.50384
6.49455
6.48604
6.47841
6.47174
6.4661
6.46154
6.4581
6.45579
6.4546
6.45451
6.45546
6.45742
6.4603
6.46401
6.46848
6.4736
6.47927
6.48539
6.49186
6.49857
6.50544
6.51239
6.51931
6.52615
6.53284
6.53933
6.54556
6.5515
6.55711
6.56238
6.56729
6.57183
6.57599
6.57978
6.5832
6.58626
6.58896
6.59132
6.59336
6.59509
6.59654
6.59772
6.59866
6.59939
6.59994
6.60035
6.60064
6.60085
6.60102
6.60118
6.60136
6.6016
6.6019
6.6023
6.60279
6.60337
6.60405
6.60479
6.60558
6.60638
6.60717
6.6079
6.60854
6.60904
6.60939
6.60954
6.60949
6.60921
6.60872
6.608
6.60709
6.60601
6.60478
6.60345
6.60207
6.60069
6.59935
6.59812
6.59705
6.59621
6.59563
6.59537
6.59548
6.59597
6.59688
6.59822
6.59999
6.60217
6.60475
6.6077
6.61097
6.61452
6.61829
6.62223
6.62629
6.63041
6.63453
6.6386
6.64258
6.64642
6.65007
6.65349
6.65666
6.65955
6.66211
6.66434
6.66621
6.6677
6.66881
6.66952
6.66984
6.66977
6.66931
6.66849
6.66732
6.66582
6.66404
6.662
6.65975
6.65733
6.65478
6.65216
6.64952
6.6469
6.64437
6.64197
6.63976
6.63777
6.63607
6.63467
6.63363
6.63297
6.63271
6.63286
6.63344
6.63443
6.63584
6.63764
6.6398
6.64231
6.64513
6.6482
6.65149
6.65496
6.65854
6.66218
6.66585
6.66948
6.67304
6.67648
6.67977
6.68287
6.68576
6.68842
6.69084
6.69299
6.69489
6.69651
6.69788
6.69898
6.69982
6.70041
6.70076
6.70087
6.70075
6.7004
6.69983
6.69904
6.69802
6.69678
6.69531
6.69361
6.69166
6.68947
6.68702
6.6843
6.68131
6.67804
6.67448
6.67064
6.66651
6.6621
6.65742
6.65249
6.64733
6.64196
6.63642
6.63074
6.62497
6.61916
6.61336
6.60761
6.60199
6.59654
6.59133
6.58642
6.58186
6.5777
6.574
6.57081
6.56815
6.56608
6.5646
6.56374
6.5635
6.56389
6.5649
6.5665
6.56867
6.57138
6.57458
6.57824
6.58229
6.5867
6.59139
6.5963
6.60138
6.60656
6.61176
6.61694
6.62202
6.62694
6.63163
6.63605
6.64012
6.64381
6.64707
6.64985
6.65213
6.65388
6.65509
6.65574
6.65584
6.6554
6.65441
6.65292
6.65092
6.64845
6.64554
6.6422
6.63847
6.63436
6.62988
6.62507
6.61993
6.61447
6.60872
6.60268
6.59638
6.58983
6.58307
6.57612
6.56904
6.56185
6.55462
6.5474
6.54025
6.53323
6.5264
6.51981
6.51352
6.50758
6.50202
6.49687
6.49216
6.4879
6.48408
6.48069
6.47772
6.47514
6.47291
6.47101
6.46938
6.46797
6.46675
6.46565
6.46464
6.46367
6.46268
6.46165
6.46053
6.45928
6.45789
6.45632
6.45457
6.4526
6.45042
6.44803
6.44542
6.44259
6.43956
6.43633
6.43293
6.42935
6.42563
6.42177
6.4178
6.41375
6.40963
6.40546
6.40128
6.39712
6.39299
6.38895
6.38503
6.38127
6.37772
6.37443
6.37148
6.36892
6.36683
6.36529
6.36439
6.36422
6.36488
6.36646
6.36906
6.37278
6.37769
6.38388
6.3914
6.4003
6.41061
6.42233
6.43545
6.44994
6.46572
6.48273
6.50087
6.52
6.54002
6.56075
6.58206
6.60377
6.62571
6.64771
6.66961
6.69124
6.71243
6.73306
6.75297
6.77206
6.79022
6.80736
6.82342
6.83833
6.85205
6.86456
6.87585
6.8859
6.89472
6.90232
6.90871
6.91392
6.91796
6.92087
6.92268
6.92342
6.92312
6.92184
6.91961
6.91648
6.91251
6.90776
6.90228
6.89614
6.8894
6.88214
6.87442
6.86631
6.85788
6.84921
6.84037
6.83141
6.82241
6.81342
6.8045
6.79569
6.78705
6.77861
6.77041
6.76248
6.75483
6.74748
6.74045
6.73374
6.72735
6.72129
6.71554
6.71009
6.70495
6.70008
6.69548
6.69113
6.68702
6.68312
6.67943
6.67593
6.6726
6.66944
6.66644
6.66357
6.66085
6.65826
6.65579
6.65344
6.6512
6.64905
6.64699
6.64501
6.64309
6.64122
6.63936
6.63752
6.63565
6.63375
6.6318
6.62976
6.62764
6.62541
6.62307
6.62061
6.61804
6.61537
6.6126
6.60976
6.60689
6.604
6.60113
6.59832
6.59562
6.59305
6.59066
6.58848
6.58654
6.58484
6.5834
6.58223
6.58129
6.58057
6.58003
6.57962
6.57928
6.57893
6.57851
6.57793
6.5771
6.57593
6.57434
6.57223
6.56953
6.56616
6.56205
6.55715
6.55141
6.54479
6.53727
6.52885
6.51953
6.50933
6.49828
6.48644
6.47387
6.46064
6.44683
6.43255
6.41788
6.40294
6.38785
6.37271
6.35765
6.34277
6.32819
6.31403
6.30038
6.28735
6.27503
6.26352
6.25288
6.24319
6.23453
6.22695
6.22049
6.21521
6.21114
6.20831
6.20675
6.20646
6.20745
6.20972
6.21326
6.21806
6.22408
6.2313
6.23967
6.24914
6.25965
6.27114
6.28354
6.29678
6.31077
6.32542
6.34065
6.35637
6.37248
6.38889
6.40551
6.42225
6.43902
6.45574
6.47235
6.48876
6.50492
6.52078
6.5363
6.55143
6.56615
6.58045
6.5943
6.6077
6.62066
6.63317
6.64524
6.65688
6.6681
6.67892
6.68934
6.69939
6.70906
6.71838
6.72735
6.73597
6.74426
6.75223
6.75987
6.7672
6.77422
6.78093
6.78733
6.79344
6.79925
6.80477
6.81001
6.81495
6.81962
6.82399
6.82807
6.83186
6.83535
6.83852
6.84136
6.84387
6.84601
6.84778
6.84915
6.8501
6.85062
6.85068
6.85027
6.84937
6.84797
6.84605
6.84363
6.84069
6.83725
6.83333
6.82893
6.8241
6.81887
6.8133
6.80744
6.80136
6.79514
6.78884
6.78255
6.77636
6.77033
6.76455
6.75907
6.75394
6.74921
6.74489
6.74101
6.73755
6.73449
6.7318
6.72945
6.72739
6.72556
6.72392
6.72242
6.72102
6.71968
6.71836
6.71706
6.71577
6.71448
6.71321
6.71197
6.71081
6.70975
6.70884
6.7081
6.70759
6.70734
6.70738
6.70774
6.70844
6.70949
6.7109
6.71266
6.71475
6.71715
6.71985
6.7228
6.72599
6.72937
6.73291
6.7366
6.7404
6.74429
6.74827
6.75231
6.75641
6.76056
6.76476
6.769
6.77326
6.77754
6.7818
6.78602
6.79017
6.79419
6.79803
6.80162
6.80492
6.80783
6.81028
6.8122
6.81351
6.81413
6.81399
6.81302
6.81117
6.80837
6.8046
6.79982
6.79401
6.78717
6.7793
6.77044
6.76061
6.74987
6.7383
6.72599
6.71302
6.69953
6.68564
6.6715
6.65726
6.64308
6.62911
6.61551
6.60245
6.59006
6.57847
6.56779
6.55811
6.5495
6.54202
6.53568
6.53049
6.52646
6.52356
6.52176
6.52101
6.52129
6.52254
6.52471
6.52775
6.53163
6.53628
6.54166
6.54771
6.55438
6.56161
6.56934
6.57752
6.58607
6.59494
6.60406
6.61336
6.62277
6.63223
6.64168
6.65104
6.66026
6.66927
6.67801
6.68643
6.69446
6.70205
6.70915
6.7157
6.72164
6.72694
6.73156
6.73544
6.73856
6.74089
6.74242
6.74313
6.74304
6.74215
6.74049
6.7381
6.73504
6.73138
6.72718
6.72254
6.71754
6.71226
6.70681
6.70126
6.69567
6.69012
6.68464
6.67929
6.67406
6.66899
6.66407
6.6593
6.65468
6.6502
6.64585
6.64162
6.63752
6.63355
6.62971
6.62601
6.62245
6.61905
6.61581
6.61276
6.60989
6.60723
6.60477
6.60254
6.60053
6.59876
6.59722
6.59592
6.59486
6.59405
6.59348
6.59317
6.5931
6.59328
6.59372
6.59442
6.59539
6.59663
6.59816
6.59997
6.60209
6.60451
6.60723
6.61028
6.61363
6.61729
6.62125
6.62548
6.62997
6.63469
6.6396
6.64466
6.64981
6.65501
6.66019
6.66528
6.67023
6.67495
6.67939
6.68348
6.68715
6.69034
6.69301
6.69511
6.69661
6.69749
6.69772
6.69731
6.69626
6.69461
6.69238
6.6896
6.68634
6.68264
6.67857
6.6742
6.66958
6.66479
6.65988
6.65492
6.64997
6.64507
6.64028
6.63562
6.63114
6.62685
6.62279
6.61895
6.61536
6.61202
6.60892
6.60605
6.60342
6.60101
6.59879
6.59677
6.59491
6.59321
6.59163
6.59016
6.58879
6.58748
6.58621
6.58498
6.58374
6.58249
6.58121
6.57987
6.57845
6.57693
6.57531
6.57356
6.57167
6.56964
6.56745
6.56509
6.56258
6.5599
6.55706
6.55406
6.55091
6.54762
6.54419
6.54063
6.53695
6.53316
6.52929
6.52535
6.52138
6.51741
6.51349
6.50967
6.50602
6.50262
6.49956
6.49693
6.49483
6.49335
6.49257
6.49258
6.49342
6.49515
6.49777
6.50128
6.50565
6.51082
6.51673
6.52329
6.53041
6.53798
6.54591
6.55408
6.5624
6.57077
6.57908
6.58725
6.5952
6.60283
6.61008
6.61687
6.62315
6.62885
6.63394
6.63836
6.64209
6.6451
6.64739
6.64895
6.64978
6.64991
6.64935
6.64813
6.64631
6.64391
6.64101
6.63763
6.63386
6.62973
6.62532
6.62068
6.61585
6.6109
6.60588
6.60082
6.59578
6.59078
6.58588
6.58109
6.57647
6.57203
6.56781
6.56386
6.5602
6.55688
6.55392
6.55139
6.54932
6.54775
6.54673
6.5463
6.5465
6.54736
6.54893
6.55121
6.55424
6.55802
6.56256
6.56784
6.57385
6.58057
6.58794
6.59594
6.6045
6.61356
6.62305
6.63291
6.64304
6.65337
6.66382
6.67431
6.68475
6.69508
6.70522
6.71509
6.72464
6.73381
6.74253
6.75077
6.75846
6.76558
6.77209
6.77794
6.78311
6.78757
6.79129
6.79426
6.79646
6.79786
6.79847
6.79828
6.79727
6.79547
6.79287
6.7895
6.78537
6.78051
6.77497
6.76879
6.76201
6.75471
6.74696
6.73883
6.73042
6.72182
6.71314
6.70447
6.69593
6.68761
6.67961
6.67203
6.66494
6.65841
6.65248
6.64721
6.64262
6.63871
6.63549
6.63295
6.63107
6.62983
6.62919
6.62912
6.62958
6.63054
6.63194
6.63374
6.63589
6.63835
6.64106
6.64398
6.64705
6.65022
6.65345
6.6567
6.65993
6.6631
6.66619
6.66916
6.67201
6.67471
6.67725
6.67964
6.68188
6.68395
6.68588
6.68768
6.68934
6.6909
6.69236
6.69373
6.69504
6.69631
6.69754
6.69875
6.69995
6.70115
6.70235
6.70354
6.70471
6.70585
6.70693
6.70792
6.70878
6.70947
6.70995
6.71017
6.7101
6.70969
6.70891
6.70773
6.70614
6.70411
6.70164
6.69872
6.69538
6.69162
6.68747
6.68294
6.67807
6.6729
6.66747
6.66181
6.65598
6.65002
6.64399
6.63795
6.63195
6.62604
6.62029
6.61474
6.60945
6.60445
6.59977
6.59543
6.59145
6.58782
6.58451
6.5815
6.57875
6.5762
6.57381
6.57149
6.56921
6.56691
6.56453
6.56204
6.55942
6.55666
6.55376
6.55074
6.54765
6.54454
6.54146
6.53849
6.53571
6.53322
6.53111
6.52946
6.52836
6.5279
6.52815
6.52918
6.53103
6.53374
6.53734
6.54182
6.54718
6.55338
6.56038
6.56811
6.57651
6.58547
6.59489
6.60466
6.61467
6.62477
6.63486
6.6448
6.65447
6.66376
6.67257
6.68081
6.68839
6.69526
6.70134
6.70661
6.71104
6.7146
6.71728
6.7191
6.72007
6.72019
6.71951
6.71806
6.71589
6.71304
6.7096
6.70563
6.70122
6.69646
6.69147
6.68636
6.68125
6.67628
6.67158
6.6673
6.66355
6.66047
6.65817
6.65675
6.65629
6.65686
6.65849
6.66119
6.66495
6.66974
6.67551
6.68218
6.68966
6.69785
6.70665
6.71594
6.72562
6.73557
6.74569
6.75589
6.76608
6.77619
6.78615
6.79592
6.80544
6.81468
6.82363
6.83225
6.84054
6.84849
6.85609
6.86332
6.87019
6.87669
6.8828
6.88852
6.89383
6.89873
6.90319
6.90722
6.91078
6.91388
6.91651
6.91864
6.92028
6.92142
6.92205
6.92217
6.92178
6.92088
6.91946
6.91754
6.91512
6.91221
6.90882
6.90496
6.90065
6.89592
6.89079
6.88531
6.87951
6.87343
6.86712
6.86063
6.85401
6.84732
6.8406
6.83389
6.82724
6.82068
6.81422
6.80789
6.80168
6.79558
6.78958
6.78365
6.77775
6.77182
6.76582
6.75968
6.75334
6.74673
6.73978
6.73244
6.72463
6.71632
6.70747
6.69803
6.688
6.67737
6.66616
6.65439
6.64212
6.6294
6.61632
6.60295
6.58939
6.57577
6.56219
6.54878
6.53565
6.52293
6.51074
6.4992
6.4884
6.47844
6.4694
6.46137
6.45437
6.44846
6.44364
6.43991
6.43725
6.4356
6.43491
6.43509
6.43606
6.4377
6.43991
6.44257
6.44556
6.44875
6.45202
6.45525
6.45833
6.46113
6.46355
6.46548
6.46684
6.46755
6.46755
6.46679
6.46525
6.46294
6.4599
6.45617
6.45185
6.44704
6.44188
6.43651
6.43111
6.42584
6.42087
6.41639
6.41254
6.40947
6.40731
6.40617
6.40612
6.40722
6.4095
6.41296
6.41758
6.42329
6.43003
6.43768
6.44612
6.4552
6.46478
6.47468
6.48476
6.49485
6.50482
6.51452
6.52386
6.53274
6.54109
6.54886
6.55603
6.56259
6.56853
6.57388
6.57866
6.58292
6.5867
6.59005
6.59303
6.59571
6.59812
6.60035
6.60243
6.60441
6.60635
6.60826
6.61019
6.61213
6.6141
6.6161
6.61811
6.6201
6.62206
6.62395
6.62574
6.6274
6.62888
6.63014
6.63117
6.63193
6.63238
6.63252
6.63232
6.63178
6.63088
6.62963
6.62803
6.6261
6.62385
6.62131
6.61851
6.61548
6.61226
6.60891
6.60546
6.60198
6.59852
6.59513
6.59187
6.58881
6.58599
6.58348
6.58131
6.57955
6.57823
6.57738
6.57705
6.57726
6.57803
6.57938
6.58133
6.58388
6.58703
6.59079
6.59515
6.6001
6.60561
6.61168
6.61827
6.62534
6.63284
6.64074
6.64896
6.65744
6.66612
6.6749
6.68371
6.69247
6.70108
6.70945
6.7175
6.72514
6.73229
6.73887
6.74482
6.75008
6.75458
6.7583
6.76119
6.76324
6.76444
6.76477
6.76424
6.76288
6.76069
6.75771
6.75396
6.74948
6.74429
6.73844
6.73195
6.72485
6.71719
6.70898
6.70028
6.69109
6.68148
6.67147
6.66112
6.65048
6.63961
6.62857
6.61743
6.60627
6.59515
6.58416
6.57337
6.56283
6.55262
6.54277
6.53333
6.52432
6.51577
6.50769
6.50007
6.49292
6.48622
6.47995
6.47411
6.46867
6.46361
6.45893
6.4546
6.4506
6.44693
6.44357
6.4405
6.43772
6.4352
6.43293
6.43089
6.42906
6.42742
6.42594
6.4246
6.42338
6.42224
6.42117
6.42015
6.41915
6.41816
6.41716
6.41616
6.41515
6.41413
6.41312
6.41214
6.41121
6.41037
6.40964
6.40907
6.40869
6.40853
6.40864
6.40902
6.4097
6.41069
6.41198
6.41355
6.41539
6.41746
6.41972
6.42214
6.42466
6.42726
6.4299
6.43255
6.4352
6.43784
6.44049
6.44317
6.44591
6.44876
6.45176
6.45497
6.45845
6.46225
6.46642
6.471
6.47603
6.48152
6.4875
6.49396
6.5009
6.50829
6.5161
6.52432
6.53289
6.54177
6.55092
6.56027
6.56979
6.5794
6.58904
6.59865
6.60815
6.61746
6.62651
6.6352
6.64345
6.65117
6.65826
6.66463
6.67018
6.67481
6.67844
6.68099
6.68237
6.68251
6.68136
6.67887
6.675
6.66973
6.66307
6.65502
6.64564
6.63498
6.62313
6.61022
6.59637
6.58177
6.56659
6.55106
6.53541
6.51988
6.50472
6.49017
6.47647
6.46385
6.4525
6.44258
6.43424
6.42755
6.42258
6.41936
6.41785
6.41802
6.41978
6.42306
6.42772
6.43366
6.44074
6.44884
6.45783
6.4676
6.47804
6.48904
6.50052
6.51239
6.52459
6.53704
6.54969
6.56248
6.57537
6.58829
6.60121
6.61405
6.62677
6.63931
6.6516
6.66359
6.67522
6.68642
6.69714
6.70733
6.71696
6.72597
6.73436
6.74209
6.74915
6.75553
6.76123
6.76625
6.77059
6.77426
6.77728
6.77965
6.78138
6.7825
6.78301
6.78294
6.78231
6.78114
6.77945
6.77727
6.77462
6.77154
6.76806
6.76419
6.75998
6.75544
6.75062
6.74553
6.74021
6.73469
6.72899
6.72315
6.7172
6.71116
6.70508
6.69897
6.69288
6.68683
6.68086
6.67501
6.6693
6.66376
6.65845
6.65338
6.6486
6.64415
6.64005
6.63633
6.63302
6.63015
6.62772
6.62573
6.62417
6.62303
6.62227
6.62183
6.62168
6.62173
6.62192
6.62216
6.62238
6.6225
6.62244
6.62215
6.62156
6.62064
6.61936
6.6177
6.61568
6.6133
6.61059
6.60758
6.60433
6.60086
6.59723
6.5935
6.58969
6.58587
6.58207
6.57833
6.57471
6.57124
6.56797
6.56494
6.56219
6.55979
6.55777
6.55618
6.55506
6.55445
6.55439
6.5549
6.556
6.5577
6.56
6.56288
6.56634
6.57035
6.57487
6.57986
6.58528
6.59108
6.5972
6.60361
6.61023
6.61702
6.62391
6.63086
6.63782
6.64473
6.65154
6.65821
6.6647
6.67097
6.67698
6.68271
6.68812
6.6932
6.69793
6.70232
6.70634
6.71002
6.71336
6.71638
6.71911
6.72157
6.7238
6.72584
6.72773
6.72951
6.73122
6.73289
6.73456
6.73626
6.738
6.73981
6.74168
6.74362
6.74559
6.7476
6.74961
6.7516
6.75354
6.75542
6.75722
6.75895
6.76062
6.76227
6.76393
6.76565
6.7675
6.76954
6.77182
6.77439
6.77727
6.78045
6.7839
6.78758
6.79139
6.79523
6.79896
6.80245
6.80556
6.80814
6.81006
6.81121
6.81148
6.81079
6.80911
6.80638
6.80262
6.79783
6.79205
6.78533
6.77776
6.76942
6.7604
6.75082
6.7408
6.73046
6.71992
6.70931
6.69877
6.68841
6.67835
6.6687
6.65956
6.651
6.64311
6.63591
6.62946
6.62377
6.61883
6.61464
6.61115
6.60832
6.60611
6.60445
6.60327
6.60251
6.60208
6.60193
6.60198
6.60216
6.60242
6.60271
6.60298
6.6032
6.60334
6.60339
6.60335
6.60324
6.60306
6.60287
6.60269
6.60258
6.60258
6.60276
6.60318
6.60388
6.60493
6.60635
6.6082
6.61048
6.61321
6.61638
6.62
6.62402
6.62841
6.63313
6.63812
6.64333
6.6487
6.65416
6.65965
6.66512
6.67052
6.67578
6.68089
6.6858
6.69048
6.69493
6.69913
6.70309
6.7068
6.71029
6.71355
6.71662
6.71952
6.72227
6.72488
6.72739
6.7298
6.73214
6.73442
6.73663
6.73879
6.74089
6.74291
6.74486
6.74671
6.74843
6.75001
6.75141
6.75262
6.75358
6.75428
6.75468
6.75475
6.75445
6.75377
6.75267
6.75115
6.74918
6.74676
6.7439
6.7406
6.7369
6.73282
6.72841
6.72372
6.71882
6.71378
6.70869
6.70363
6.69868
6.69393
6.68947
6.68536
6.68168
6.67847
6.67578
6.67363
6.67203
6.67099
6.67049
6.6705
6.671
6.67194
6.67329
6.67499
6.67701
6.67929
6.6818
6.68451
6.68737
6.69035
6.69344
6.6966
6.69983
6.70311
6.70643
6.70977
6.71314
6.71654
6.71994
6.72336
6.72677
6.73019
6.73358
6.73695
6.74027
6.74352
6.74667
6.7497
6.75257
6.75525
6.7577
6.75989
6.76178
6.76333
6.76452
6.76531
6.76568
6.76562
6.76511
6.76415
6.76275
6.76091
6.75865
6.75601
6.75302
6.74972
6.74615
6.74236
6.73841
6.73434
6.73021
6.72605
6.72192
6.71784
6.71383
6.7099
6.70607
6.70232
6.69864
6.695
6.69137
6.68771
6.68398
6.68015
6.67618
6.67204
6.66771
6.66317
6.65842
6.65347
6.64834
6.64307
6.6377
6.63229
6.62691
6.62163
6.61653
6.6117
6.60722
6.60317
6.59964
6.59669
6.59439
6.59279
6.59193
6.59184
6.59253
6.594
6.59623
6.5992
6.60287
6.60717
6.61206
6.61746
6.6233
6.6295
6.63598
6.64266
6.64946
6.6563
6.6631
6.66979
6.67631
6.68258
6.68857
6.69421
6.69947
6.70431
6.70871
6.71263
6.71607
6.71903
6.72148
6.72345
6.72492
6.72592
6.72646
6.72655
6.7262
6.72542
6.72425
6.72268
6.72073
6.71841
6.71574
6.71272
6.70936
6.70567
6.70165
6.69731
6.69264
6.68764
6.68231
6.67664
6.67062
6.66424
6.65749
6.65035
6.6428
6.63484
6.62645
6.61763
6.60838
6.5987
6.58861
6.57814
6.56732
6.55619
6.54483
6.53329
6.52165
6.51001
6.49845
6.48708
6.476
6.46531
6.45511
6.44551
6.4366
6.42846
6.42116
6.41478
6.40936
6.40495
6.40156
6.39921
6.39791
6.39764
6.39838
6.40011
6.40278
6.40636
6.41079
6.41604
6.42205
6.42876
6.43612
6.44408
6.45256
6.46152
6.47089
6.48061
6.49061
6.50082
6.51119
6.52164
6.53211
6.54253
6.55285
6.56302
6.57297
6.58269
6.59213
6.60128
6.61011
6.61864
6.62684
6.63475
6.64237
6.64971
6.6568
6.66365
6.67027
6.67667
6.68285
6.6888
6.69452
6.69997
6.70514
6.70998
6.71446
6.71852
6.72213
6.72522
6.72776
6.72969
6.73098
6.73158
6.73146
6.73061
6.72899
6.72662
6.72349
6.71961
6.71501
6.70971
6.70377
6.69724
6.69016
6.6826
6.67463
6.66631
6.65771
6.64889
6.63991
6.6308
6.6216
6.61232
6.60296
6.59352
6.58397
6.57426
6.56437
6.55424
6.54383
6.53309
6.522
6.51053
6.49869
6.48651
6.47401
6.46128
6.44841
6.43549
6.42268
6.4101
6.39792
6.38631
6.37541
6.36539
6.3564
6.34856
6.34199
6.33678
6.33297
6.33062
6.32973
6.33027
6.33222
6.3355
6.34003
6.34572
6.35246
6.36014
6.36863
6.37781
6.38759
6.39785
6.4085
6.41945
6.43064
6.442
6.4535
6.46511
6.47681
6.48859
6.50046
6.51241
6.52446
6.53662
6.54889
6.56127
6.57378
6.5864
6.59912
6.61193
6.6248
6.63772
6.65065
6.66356
6.67643
6.68921
6.70187
6.71436
6.72666
6.73871
6.75048
6.76191
6.77296
6.78357
6.79371
6.80331
6.81234
6.82073
6.82845
6.83546
6.84171
6.84717
6.85183
6.85565
6.85863
6.86077
6.86206
6.86251
6.86214
6.86096
6.85902
6.85634
6.85295
6.8489
6.84422
6.83897
6.83318
6.8269
6.82018
6.81306
6.80559
6.79781
6.78976
6.78149
6.77303
6.76442
6.75571
6.74692
6.7381
6.72928
6.72051
6.71182
6.70325
6.69486
6.68668
6.67875
6.67114
6.66389
6.65705
6.65066
6.64477
6.63943
6.63467
6.63052
6.62701
6.62415
6.62194
6.62039
6.61947
6.61916
6.61944
6.62025
6.62154
6.62328
6.62539
6.62782
6.63051
6.6334
6.63645
6.6396
6.64281
6.64604
6.64927
6.65247
6.65564
6.65875
6.66181
6.66481
6.66775
6.67063
6.67345
6.6762
6.67888
6.68146
6.68393
6.68627
6.68843
6.69039
6.69211
6.69354
6.69464
6.69538
6.69571
6.69562
6.69507
6.69406
6.69258
6.69062
6.68821
6.68536
6.6821
6.67845
6.67445
6.67012
6.6655
6.66062
6.6555
6.65016
6.64461
6.63887
6.63295
6.62686
6.6206
6.6142
6.60767
6.60104
6.59433
6.58759
6.58086
6.57419
6.56763
6.56124
6.55508
6.5492
6.54367
6.53851
6.53379
6.52952
6.52574
6.52246
6.51969
6.51744
6.5157
6.51446
6.51371
6.51345
6.51366
6.51432
6.51542
6.51694
6.51887
6.52118
6.52386
6.52689
6.53022
6.53385
6.53772
6.54181
6.54608
6.55049
6.55499
6.55954
6.5641
6.56862
6.57307
6.5774
6.58158
6.58557
6.58934
6.59287
6.59613
6.59911
6.60178
6.60414
6.60616
6.60785
6.6092
6.61019
6.61084
6.61114
6.61109
6.6107
6.60997
6.60891
6.60753
6.60584
6.60387
6.60163
6.59914
6.59643
6.59353
6.59048
6.58731
6.58406
6.58077
6.5775
6.57429
6.5712
6.56827
6.56556
6.56311
6.56099
6.55923
6.55788
6.55697
6.55653
6.55658
6.55714
6.55819
6.55975
6.56178
6.56426
6.56716
6.57042
6.57399
6.57781
6.58182
6.58594
6.5901
6.59424
6.59827
6.60213
6.60576
6.60908
6.61203
6.61458
6.61667
6.61826
6.61932
6.61982
6.61975
6.61908
6.61782
6.61597
6.61352
6.61049
6.60689
6.60273
6.59805
6.59287
6.58721
6.5811
6.5746
6.56773
6.56054
6.55308
6.54539
6.53754
6.52958
6.52155
6.51352
6.50554
6.49765
6.48991
6.48237
6.47504
6.46797
6.46119
6.4547
6.44852
6.44266
6.43713
6.43191
6.42702
6.42243
6.41815
6.41417
6.41047
6.40706
6.40393
6.40107
6.39848
6.39615
6.39408
6.39226
6.3907
6.38939
6.38833
6.38753
6.38698
6.3867
6.38668
6.38695
6.38751
6.38839
6.3896
6.39117
6.39313
6.3955
6.39833
6.40163
6.40544
6.4098
6.41474
6.42027
6.42643
6.43324
6.44071
6.44886
6.4577
6.46722
6.47745
6.48836
6.49996
6.51223
6.52516
6.53874
6.55292
6.5677
6.58303
6.59886
6.61517
6.63188
6.64895
6.66629
6.68384
6.70152
6.71923
6.73688
6.75437
6.7716
6.78847
6.80487
6.82069
6.83583
6.8502
6.86369
6.87621
6.88768
6.89801
6.90716
6.91504
6.92162
6.92686
6.93073
6.93323
6.93435
6.93412
6.93257
6.92975
6.92572
6.92055
6.91434
6.90719
6.89921
6.89051
6.88123
6.8715
6.86145
6.8512
6.84088
6.83062
6.82052
6.81068
6.80118
6.7921
6.7835
6.77541
6.76786
6.76087
6.75443
6.74852
6.74314
6.73824
6.73378
6.72973
6.72603
6.72265
6.71953
6.71665
6.71396
6.71145
6.70908
6.70685
6.70475
6.70279
6.70098
6.69935
6.6979
6.69668
6.69572
6.69506
6.69473
6.69476
6.6952
6.69608
6.69741
6.69922
6.70151
6.7043
6.70756
6.71129
6.71546
6.72004
6.72497
6.7302
6.73569
6.74136
6.74714
6.75298
6.75881
6.76456
6.77018
6.77561
6.78081
6.78574
6.79037
6.7947
6.7987
6.80237
6.80573
6.80879
6.81156
6.81406
6.81633
6.81837
6.82023
6.82191
6.82343
6.82481
6.82604
6.82714
6.82808
6.82886
6.82945
6.82983
6.82997
6.82981
6.82934
6.8285
6.82725
6.82556
6.82338
6.82068
6.81742
6.81359
6.80916
6.80413
6.79848
6.79222
6.78535
6.7779
6.76987
6.7613
6.7522
6.74263
6.7326
6.72216
6.71135
6.7002
6.68876
6.67708
6.66519
6.65314
6.64098
6.62874
6.61649
6.60427
6.59213
6.58014
6.56833
6.55677
6.54553
6.53466
6.52422
6.51428
6.50488
6.49609
6.48797
6.48055
6.47389
6.468
6.46293
6.45868
6.45526
6.45266
6.45087
6.44985
6.44957
6.44997
6.45099
6.45256
6.4546
6.45704
6.4598
6.46279
6.46594
6.46918
6.47244
6.47568
6.47884
6.4819
6.48483
6.48762
6.49027
6.49279
6.4952
6.49752
6.49977
6.502
6.50423
6.50649
6.50883
6.51127
6.51383
6.51654
6.51942
6.52247
6.5257
6.52911
6.53268
6.53641
6.54027
6.54423
6.54829
6.55239
6.55652
6.56065
6.56475
6.56879
6.57276
6.57664
6.58043
6.58412
6.58771
6.59124
6.59471
6.59815
6.60161
6.60513
6.60875
6.61252
6.61651
6.62075
6.6253
6.6302
6.63548
6.64117
6.64726
6.65377
6.66067
6.66792
6.67547
6.68326
6.69121
6.69921
6.70718
6.715
6.72256
6.72974
6.73644
6.74254
6.74796
6.75258
6.75635
6.75918
6.76103
6.76186
6.76166
6.7604
6.75812
6.75482
6.75055
6.74537
6.73934
6.73254
6.72506
6.71699
6.70846
6.69955
6.69039
6.6811
6.67178
6.66256
6.65353
6.6448
6.63647
6.62862
6.62132
6.61464
6.60861
6.60329
6.59868
6.59479
6.59161
6.58913
6.5873
6.58609
6.58544
6.58529
6.58556
6.58617
6.58705
6.58812
6.58928
6.59046
6.59156
6.59252
6.59326
6.5937
6.5938
6.59349
6.59273
6.5915
6.58977
6.58753
6.58479
6.58156
6.57788
6.57379
6.56935
6.56462
6.55968
6.55464
6.54957
6.54459
6.53981
6.53534
6.53129
6.52777
6.52489
6.52274
6.52142
6.52099
6.52153
6.52307
6.52565
6.52928
6.53395
6.53962
6.54624
6.55375
6.56205
6.57103
6.58057
6.59052
6.60075
6.6111
6.6214
6.63151
6.64126
6.65052
6.65916
6.66706
6.67411
6.68026
6.68542
6.68958
6.69271
6.69483
6.69597
6.69618
6.69554
6.69412
6.69204
6.68941
6.68635
6.68301
6.67951
6.67599
6.67259
6.66944
6.66666
6.66436
6.66264
6.66159
6.66126
6.66171
6.66299
6.66509
6.66802
6.67178
6.67632
6.68161
6.6876
6.69421
6.70137
6.70902
6.71706
6.7254
6.73397
6.74267
6.75143
6.76014
6.76875
6.77717
6.78533
6.79318
6.80065
6.80771
6.8143
6.82039
6.82594
6.83094
6.83536
6.83919
6.84242
6.84503
6.84703
6.84842
6.84919
6.84936
6.84892
6.84789
6.84629
6.84412
6.8414
6.83815
6.83439
6.83015
6.82545
6.82032
6.8148
6.80891
6.80268
6.79615
6.78935
6.78231
6.77504
6.76756
6.7599
6.75204
6.74398
6.73572
6.72722
6.71848
6.70945
6.70009
6.69037
6.68023
6.66964
6.65856
6.64694
6.63475
6.62196
6.60854
6.59448
6.57977
6.56442
6.54842
6.53181
6.51461
6.49687
6.47864
6.45998
6.44099
6.42174
6.40236
6.38295
6.36365
6.34462
6.326
6.30796
6.29067
6.27431
6.25904
6.24503
6.23245
6.22143
6.2121
6.20457
6.19894
6.19525
6.19355
6.19386
6.19617
6.20043
6.2066
6.21462
6.22438
6.23579
6.24873
6.26308
6.2787
6.29547
6.31324
6.33187
6.35121
6.37113
6.39149
6.41216
6.433
6.45389
6.47473
6.49539
6.51577
6.53579
6.55535
6.57437
6.59279
6.61053
6.62753
6.64374
6.65912
6.67362
6.6872
6.69985
6.71153
6.72223
6.73195
6.74067
6.74841
6.75519
6.76101
6.76592
6.76994
6.77313
6.77553
6.7772
6.7782
6.7786
6.77848
6.77789
6.77693
6.77565
6.77413
6.77243
6.77062
6.76876
6.76688
6.76505
6.76328
6.76161
6.76005
6.75863
6.75733
6.75616
6.7551
6.75415
6.75328
6.75248
6.75171
6.75095
6.75018
6.74936
6.74847
6.74748
6.74635
6.74507
6.7436
6.74191
6.74
6.73782
6.73536
6.7326
6.72952
6.72611
6.72237
6.71829
6.71389
6.70918
6.70418
6.69894
6.6935
6.68791
6.68226
6.6766
6.67102
6.66559
6.66038
6.65548
6.65092
6.64677
6.64304
6.63975
6.6369
6.63446
6.63242
6.63072
6.62932
6.62817
6.62724
6.62646
6.6258
6.62523
6.62472
6.62425
6.62382
6.62342
6.62305
6.62272
6.62244
6.62223
6.62209
6.62205
6.62212
6.62229
6.6226
6.62303
6.62359
6.62428
6.6251
6.62605
6.62713
6.62834
6.62967
6.63114
6.63272
6.63443
6.63626
6.63819
6.64021
6.6423
6.64445
6.64663
6.64881
6.65096
6.65308
6.65514
6.65714
6.65907
6.66095
6.66278
6.6646
6.66644
6.66831
6.67026
6.6723
6.67448
6.67681
6.67929
6.68194
6.68474
6.68769
6.69074
6.69388
6.69706
6.70022
6.70334
6.70634
6.70917
6.71178
6.71411
6.7161
6.7177
6.71887
6.71956
6.71972
6.71932
6.71833
6.71673
6.71449
6.71162
6.70812
6.704
6.69928
6.69401
6.68823
6.682
6.6754
6.66851
6.66143
6.65426
6.64711
6.64008
6.63327
6.62681
6.62077
6.61525
6.61032
6.60604
6.60245
6.59958
6.59743
6.59601
6.59529
6.59524
6.59582
6.59698
6.59866
6.60081
6.60336
6.60626
6.60944
6.61286
6.61646
6.62021
6.62405
6.62796
6.6319
6.63584
6.63977
6.64366
6.6475
6.65126
6.65494
6.65851
6.66198
6.66533
6.66856
6.67165
6.67459
6.67739
6.68003
6.68251
6.68483
6.68697
6.68894
6.69073
6.69232
6.69373
6.69493
6.69593
6.69672
6.69728
6.69761
6.6977
6.69755
6.69714
6.69646
6.69551
6.69427
6.69273
6.69088
6.6887
6.68617
6.68328
6.68001
6.67636
6.6723
6.66783
6.66295
6.65766
6.65198
6.64591
6.6395
6.63278
6.62579
6.61861
6.6113
6.60394
6.59661
6.5894
6.58242
6.57575
6.5695
6.56378
6.55866
6.55425
6.55061
6.54783
6.54595
6.54503
6.54509
6.54615
6.5482
6.55124
6.55523
6.56014
6.56591
6.57249
6.5798
6.58778
6.59635
6.60544
6.61498
6.62488
6.63507
6.64549
6.65608
6.66676
6.67748
6.6882
6.69887
6.70944
6.71988
6.73017
6.74029
6.75021
6.75993
6.76944
6.77874
6.78784
6.79674
6.80545
6.81398
6.82233
6.83052
6.83855
6.84641
6.85413
6.86168
6.86908
6.8763
6.88333
6.89017
6.8968
6.90321
6.90937
6.91526
6.92089
6.92622
6.93124
6.93596
6.94035
6.9444
6.94813
6.95151
6.95454
6.95723
6.95958
6.96157
6.9632
6.96447
6.96537
6.96589
6.96602
6.96575
6.96506
6.96395
6.96241
6.96042
6.95798
6.9551
6.95178
6.94803
6.94386
6.93929
6.93434
6.92905
6.92343
6.91753
6.91138
6.90501
6.89846
6.89176
6.88496
6.87808
6.87117
6.86426
6.85737
6.85055
6.84382
6.83722
6.83075
6.82446
6.81836
6.81247
6.80682
6.80142
6.79628
6.79142
6.78685
6.78258
6.77862
6.77497
6.77164
6.76864
6.76595
6.76358
6.76152
6.75976
6.75828
6.75707
6.7561
6.75537
6.75482
6.75445
6.75422
6.75411
6.75407
6.7541
6.75416
6.75423
6.7543
6.75437
6.75442
6.75447
6.75451
6.75457
6.75467
6.75482
6.75505
6.75538
6.75583
6.75642
6.75715
6.75802
6.75903
6.76015
6.76135
6.7626
6.76386
6.76507
6.76617
6.76713
6.76788
6.76839
6.7686
6.7685
6.76806
6.76727
6.76612
6.76463
6.7628
6.76066
6.75824
6.75555
6.75263
6.74952
6.74622
6.74278
6.73921
6.73552
6.73172
6.72782
6.72383
6.71973
6.71553
6.71122
6.7068
6.70225
6.69758
6.69279
6.68789
6.68287
6.67776
6.67256
6.66732
6.66204
6.65676
6.65152
6.64635
6.64129
6.63637
6.63164
6.62713
6.62288
6.61892
6.61529
6.612
6.60908
6.60654
6.6044
6.60268
6.60135
6.60044
6.59992
6.59979
6.60003
6.60062
6.60153
6.60275
6.60423
6.60596
6.60789
6.60999
6.61223
6.61457
6.61697
6.6194
6.62183
6.62422
6.62653
6.62876
6.63085
6.6328
6.63458
6.63617
6.63757
6.63876
6.63973
6.64048
6.64102
6.64134
6.64145
6.64136
6.64108
6.64061
6.63997
6.63917
6.63823
6.63714
6.63592
6.63459
6.63314
6.63157
6.62988
6.62808
6.62614
6.62405
6.6218
6.61936
6.61672
6.61386
6.61076
6.60742
6.60383
6.6
6.59595
6.59172
6.58735
6.5829
6.57843
6.57402
6.56974
6.56567
6.56188
6.55842
6.55536
6.55272
6.5505
6.54872
6.54733
6.54631
6.54558
6.54507
6.54472
6.54443
6.54413
6.54373
6.54318
6.5424
6.54137
6.54003
6.53839
6.53643
6.53416
6.53161
6.5288
6.52577
6.52255
6.51919
6.51572
6.51219
6.50861
6.50501
6.5014
6.4978
6.4942
6.4906
6.487
6.48336
6.4797
6.47598
6.47222
6.4684
6.46453
6.46062
6.4567
6.45279
6.44894
6.44519
6.44158
6.43818
6.43504
6.4322
6.42973
6.42765
6.42603
6.42487
6.42421
6.42405
6.4244
6.42524
6.42657
6.42836
6.43059
6.43323
6.43626
6.43966
6.4434
6.44748
6.45188
6.45662
6.46171
6.46716
6.47302
6.4793
6.48606
6.49333
6.50117
6.50961
6.5187
6.52847
6.53894
6.55013
6.56203
6.57465
6.58796
6.60192
6.61649
6.63159
6.64717
6.66312
6.67937
6.69581
6.71234
6.72885
6.74523
6.76136
6.77716
6.7925
6.80729
6.82145
6.83487
6.8475
6.85927
6.87012
6.88001
6.88892
6.89681
6.90369
6.90956
6.91444
6.91835
6.92131
6.92337
6.92457
6.92495
6.92455
6.92342
6.9216
6.91912
6.91601
6.91229
6.90798
6.90307
6.89758
6.8915
6.88482
6.87753
6.86963
6.86111
6.85198
6.84224
6.83192
6.82103
6.80964
6.79778
6.78552
6.77295
6.76014
6.74721
6.73424
6.72136
6.70868
6.69631
6.68435
6.67291
6.6621
6.652
6.64268
6.63421
6.62664
6.62001
6.61434
6.60965
6.60592
6.60316
6.60133
6.6004
6.60034
6.60109
6.60261
6.60484
6.60773
6.61122
6.61526
6.61979
6.62477
6.63015
6.63587
6.64189
6.64818
6.65467
6.66133
6.66812
6.675
6.68191
6.68881
6.69566
6.7024
6.70898
6.71536
6.72147
6.72728
6.73273
6.73776
6.74234
6.74643
6.74998
6.75296
6.75537
6.75717
6.75838
6.75898
6.75901
6.75849
6.75746
6.75596
6.75404
6.75178
6.74922
6.74645
6.7435
6.74046
6.73736
6.73426
6.73119
6.72817
6.72522
6.72234
6.71954
6.7168
6.71411
6.71145
6.70879
6.70612
6.70342
6.70067
6.69786
6.69496
6.69198
6.68891
6.68574
6.68247
6.67911
6.67567
6.67214
6.66853
6.66485
6.66111
6.65732
6.65348
6.6496
6.64569
6.64178
6.63787
6.63399
6.63016
6.62641
6.62276
6.61925
6.61592
6.61279
6.60991
6.60731
6.60503
6.6031
6.60155
6.60041
6.5997
6.59945
6.59966
6.60036
6.60156
6.60327
6.60549
6.60824
6.61151
6.61532
6.61965
6.6245
6.62988
6.63577
6.64216
6.64904
6.65639
6.6642
6.67243
6.68106
6.69007
6.69942
6.70908
6.71902
6.7292
6.73957
6.75011
6.76076
6.77148
6.78221
6.79292
6.80353
6.81399
6.82422
6.83416
6.84372
6.85283
6.86141
6.86937
6.87665
6.88317
6.88886
6.89368
6.89757
6.9005
6.90244
6.90338
6.90331
6.90223
6.90015
6.89707
6.89302
6.88803
6.88211
6.87532
6.86769
6.85929
6.85018
6.84044
6.83016
6.81942
6.80835
6.79704
6.78561
6.77418
6.76286
6.75175
6.74096
6.7306
6.72074
6.71146
6.70283
6.69488
6.68767
6.68119
6.67547
6.67049
6.66623
6.66266
6.65975
6.65745
6.65572
6.65449
6.65371
6.65333
6.65329
6.65353
6.65399
6.65463
6.65537
6.65616
6.65694
6.65765
6.65823
6.65863
6.65878
6.65862
6.6581
6.65718
6.65581
6.65394
6.65155
6.64863
6.64517
6.64116
6.63665
6.63166
6.62626
6.62053
6.61455
6.60845
6.60235
6.59639
6.59073
6.58551
6.58087
6.57695
6.57386
6.57168
6.57046
6.57022
6.57094
6.57258
6.57506
6.57828
6.58214
6.58651
6.59128
6.59633
6.60156
6.60688
6.6122
6.61747
6.62262
6.62763
6.63246
6.6371
6.64154
6.64578
6.64981
6.65364
6.65728
6.66072
6.66399
6.66707
6.66997
6.6727
6.67526
6.67764
6.67984
6.68187
6.68372
6.6854
6.68691
6.68826
6.68946
6.69053
6.69147
6.6923
6.69306
6.69375
6.69441
6.69506
6.69573
6.69645
6.69723
6.6981
6.69907
6.70015
6.70134
6.70265
6.70405
6.70553
6.70705
6.70859
6.7101
6.71152
6.71281
6.7139
6.71474
6.71525
6.71537
6.71504
6.71419
6.71277
6.71073
6.70802
6.70461
6.70048
6.69562
6.69002
6.68373
6.67676
6.66918
6.66107
6.65251
6.64361
6.63449
6.62527
6.61608
6.60706
6.59833
6.59001
6.58219
6.57495
6.56837
6.56248
6.55731
6.55286
6.54911
6.54603
6.54358
6.54171
6.54036
6.53945
6.53893
6.53871
6.53874
6.53895
6.53928
6.53968
6.5401
6.54051
6.54088
6.5412
6.54148
6.5417
6.5419
6.5421
6.54232
6.54259
6.54297
6.54346
6.54411
6.54494
6.54595
6.54716
6.54855
6.55012
6.55183
6.55364
6.55553
6.55742
6.55928
6.56104
6.56263
6.56402
6.56513
6.56592
6.56633
6.56633
6.56589
6.56496
6.56355
6.56163
6.5592
6.55629
6.55291
6.54908
6.54486
6.54029
6.53542
6.53033
6.52507
6.51972
6.51435
6.50904
6.50385
6.49886
6.49412
6.4897
6.48566
6.48203
6.47887
6.4762
6.47405
6.47245
6.47141
6.47096
6.47109
6.47182
6.47315
6.47507
6.4776
6.48073
6.48444
6.48873
6.49358
6.49898
6.50488
6.51127
6.5181
6.52532
6.53287
6.5407
6.54872
6.55686
6.56505
6.57319
6.58122
6.58903
6.59657
6.60374
6.61049
6.61676
6.62249
6.62764
6.63219
6.63611
6.63939
6.64204
6.64406
6.64547
6.6463
6.64656
6.64631
6.64556
6.64436
6.64273
6.6407
6.63831
6.63557
6.63249
6.62909
6.62538
6.62134
6.61697
6.61226
6.6072
6.60177
6.59595
6.58972
6.58306
6.57596
6.5684
6.56038
6.5519
6.54295
6.53355
6.52371
6.51347
6.50285
6.49189
6.48065
6.46919
6.45756
6.44584
6.4341
6.42242
6.4109
6.39961
6.38864
6.37808
6.36799
6.35848
6.34959
6.34139
6.33393
6.32726
6.32139
6.31635
6.31213
6.30874
6.30614
6.30431
6.30319
6.30273
6.30287
6.30353
6.30463
6.30608
6.30778
6.30965
6.31159
6.3135
6.3153
6.31689
6.3182
6.31917
6.31974
6.31986
6.31952
6.31869
6.31737
6.31558
6.31333
6.31066
6.30762
6.30425
6.30061
6.29675
6.29275
6.28866
6.28454
6.28047
6.2765
6.27269
6.2691
6.2658
6.26283
6.26025
6.25811
6.25647
6.25537
6.25485
6.25495
6.25571
6.25716
6.25932
6.26221
6.26584
6.27021
6.27532
6.28115
6.28768
6.29489
6.30274
6.31119
6.32019
6.3297
6.33967
6.35003
6.36074
6.37174
6.38297
6.39438
6.40592
6.41752
6.42915
6.44075
6.45228
6.4637
6.47497
6.48606
6.49693
6.50757
6.51795
6.52805
6.53786
6.54738
6.55661
6.56553
6.57417
6.58253
6.59062
6.59847
6.6061
6.61354
6.62081
6.62795
6.63501
6.64204
6.64907
6.65617
6.66339
6.67079
6.67844
6.6864
6.69472
6.70346
6.71266
6.72235
6.73255
6.74324
6.75441
6.76601
6.77799
6.79026
6.80274
6.81534
6.82796
6.84049
6.85287
6.865
6.87681
6.88825
6.89926
6.90979
6.91982
6.92929
6.93818
6.94646
6.95407
6.96099
6.96717
6.97256
6.97712
6.9808
6.98355
6.98533
6.9861
6.98582
6.98448
6.98204
6.97851
6.9739
6.96822
6.9615
6.9538
6.94519
6.93574
6.92554
6.91471
6.90338
6.89166
6.87972
6.86769
6.85574
6.844
6.83264
6.82179
6.81157
6.80211
6.79349
6.78578
6.77903
6.77328
6.76853
6.76477
6.76196
6.76004
6.75897
6.75865
6.759
6.75993
6.76133
6.7631
6.76514
6.76734
6.7696
6.77182
6.7739
6.77577
6.77734
6.77854
6.77931
6.7796
6.77937
6.7786
6.77726
6.77536
6.77288
6.76984
6.76627
6.76218
6.75761
6.75258
6.74713
6.74131
6.73513
6.72864
6.72187
6.71484
6.70759
6.70014
6.6925
6.6847
6.67676
6.66869
6.66052
6.65226
6.64395
6.6356
6.62725
6.61894
6.61072
6.60262
6.59472
6.58706
6.57971
6.57274
6.56623
6.56025
6.55487
6.55018
6.54625
6.54314
6.54094
6.53971
6.53951
6.5404
6.5424
6.54557
6.5499
6.55542
6.56209
6.5699
6.5788
6.58871
6.59955
6.61122
6.62361
6.63659
6.65002
6.66375
6.67765
6.69157
6.70534
6.71885
6.73194
6.74448
6.75636
6.76745
6.77765
6.78687
6.79502
6.80202
6.80782
6.81237
6.81564
6.81759
6.81822
6.81753
6.81555
6.8123
6.80783
6.8022
6.79549
6.78778
6.77917
6.76978
6.75972
6.74912
6.73814
6.72691
6.7156
6.70435
6.69333
6.68269
6.67258
6.66314
6.6545
6.64676
6.64003
6.63435
6.62979
6.62636
6.62405
6.62283
6.62264
6.62341
6.62504
6.62742
6.63045
6.63399
6.63792
6.6421
6.64643
6.65076
6.65499
6.659
6.66269
6.66596
6.66872
6.6709
6.67241
6.6732
6.67321
6.6724
6.67074
6.6682
6.66479
6.66049
6.65533
6.64933
6.64254
6.635
6.62677
6.61794
6.60857
6.59876
6.58861
6.57823
6.5677
6.55715
6.54668
6.5364
6.52641
6.51681
6.5077
6.49916
6.49126
6.48408
6.47766
6.47205
6.46727
6.46334
6.46025
6.458
6.45655
6.45588
6.45593
6.45665
6.45796
6.45982
6.46213
6.46482
6.46783
6.47107
6.47448
6.47799
6.48154
6.48509
6.48858
6.49199
6.49529
6.49846
6.50151
6.50444
6.50726
6.50999
6.51266
6.51529
6.51792
6.52057
6.52329
6.52608
6.52896
6.53196
6.53508
6.53831
6.54164
6.54505
6.54853
6.55203
6.55554
6.55901
6.56242
6.56571
6.56886
6.57184
6.57462
6.57717
6.57947
6.58151
6.58327
6.58475
6.58594
6.58685
6.58747
6.58783
6.58792
6.58778
6.5874
6.58682
6.58605
6.58512
6.58404
6.58285
6.58155
6.58017
6.57873
6.57724
6.57573
6.57419
6.57265
6.5711
6.56956
6.56802
6.56649
6.56495
6.56341
6.56185
6.56026
6.55863
6.55694
6.55517
6.5533
6.55132
6.54921
6.54694
6.54451
6.54189
6.53908
6.53607
6.53285
6.52943
6.52581
6.52201
6.51803
6.5139
6.50965
6.5053
6.50089
6.49645
6.49203
6.48767
6.4834
6.47928
6.47536
6.47167
6.46826
6.46517
6.46246
6.46015
6.4583
6.45694
6.45611
6.45585
6.45619
6.45718
6.45885
6.46121
6.4643
6.46814
6.47273
6.47808
6.48419
6.49103
6.49857
6.50678
6.5156
6.52498
6.53483
6.54507
6.55561
6.56634
6.57718
6.58799
6.59869
6.60916
6.61929
6.62898
6.63815
6.64671
6.65457
6.66168
6.66798
6.67344
6.67801
6.68168
6.68446
6.68635
6.68737
6.68756
6.68696
6.68564
6.68366
6.68108
6.67801
6.6745
6.67067
6.66658
6.66233
6.65801
6.65368
6.64941
6.64527
6.6413
6.63754
6.63401
6.63071
6.62765
6.6248
6.62213
6.61962
6.6172
6.61483
6.61243
6.60996
6.60735
6.60453
6.60144
6.59804
6.59426
6.59008
6.58545
6.58034
6.57475
6.56867
6.56208
6.55501
6.54747
6.53948
6.53108
6.52231
6.51322
6.50386
6.49431
6.48462
6.47489
6.46519
6.45562
6.44628
6.43727
6.4287
6.42067
6.41328
6.40663
6.40081
6.39588
6.39191
6.38895
6.387
6.38609
6.38618
6.38726
6.38926
6.39213
6.39578
6.40015
6.40514
6.41067
6.41667
6.42307
6.42979
6.43679
6.44401
6.45142
6.45899
6.4667
6.47453
6.48246
6.49049
6.4986
6.50678
6.51501
6.5233
6.5316
6.53991
6.5482
6.55644
6.56458
6.5726
6.58045
6.58807
6.59542
6.60242
6.60903
6.61517
6.62077
6.62578
6.63014
6.63377
6.63663
6.63868
6.63988
6.64021
6.63966
6.63824
6.63595
6.63283
6.62892
6.62427
6.61894
6.61299
6.6065
6.59954
6.59218
6.58452
6.5766
6.56852
6.56032
6.55209
6.54386
6.53569
6.52763
6.51972
6.51201
6.50454
6.49735
6.49049
6.48401
6.47795
6.47238
6.46734
6.46291
6.45914
6.45611
6.45386
6.45246
6.45195
6.45238
6.45378
6.45616
6.45952
6.46385
6.46913
6.47532
6.48235
6.49018
6.49873
6.50793
6.5177
6.52796
6.53865
6.54968
6.56099
6.57252
6.5842
6.59598
6.60781
6.61965
6.63143
6.64313
6.65468
6.66604
6.67717
6.68802
6.69853
6.70866
6.71836
6.72757
6.73626
6.74439
6.75192
6.75881
6.76506
6.77063
6.77553
6.77975
6.7833
6.78619
6.78845
6.7901
6.79118
6.79172
6.79176
6.79135
6.79053
6.78935
6.78784
6.78607
6.78405
6.78184
6.77947
6.77696
6.77435
6.77166
6.76891
6.7661
6.76327
6.7604
6.75752
6.75462
6.75172
6.74881
6.7459
6.74298
6.74005
6.73713
6.7342
6.73126
6.72831
6.72535
6.72237
6.71937
6.71634
6.71327
6.71018
6.70704
6.70388
6.70068
6.69746
6.69424
6.69103
6.68787
6.68478
6.68181
6.67899
6.67638
6.67403
6.67199
6.67031
6.66903
6.66819
6.66781
6.66792
6.66852
6.66959
6.67112
6.67306
6.67537
6.67799
6.68085
6.68388
6.68701
6.69018
6.6933
6.69633
6.69919
6.70185
6.70427
6.70642
6.70827
6.70982
6.71106
6.71199
6.71262
6.71297
6.71305
6.71287
6.71246
6.71185
6.71105
6.71008
6.70898
6.70777
6.70647
6.7051
6.70369
6.70226
6.70084
6.69944
6.69808
6.69678
6.69554
6.69438
6.6933
6.69231
6.69138
6.69051
6.68969
6.68889
6.68809
6.68725
6.68633
6.68531
6.68415
6.68281
6.68125
6.67945
6.67738
6.67501
6.67235
6.66938
6.6661
6.66254
6.65871
6.65463
6.65034
6.64588
6.6413
6.63662
6.63189
6.62715
6.62243
6.61775
6.61312
6.60855
6.60402
6.59952
6.59501
6.59046
6.58583
6.58105
6.57607
6.57085
6.56534
6.5595
6.5533
6.54673
6.5398
6.53253
6.52496
6.51713
6.50914
6.50105
6.49296
6.48499
6.47722
6.46978
6.46275
6.45623
6.4503
6.44502
6.44044
6.43658
6.43345
6.43104
6.42931
6.42822
6.42772
6.42772
6.42815
6.42894
6.42999
6.43126
6.43267
6.43418
6.43577
6.43743
6.43917
6.44104
6.44308
6.44537
6.44798
6.45099
6.45449
6.45854
6.46319
6.46845
6.47434
6.48081
6.48782
6.4953
6.50316
6.51132
6.51968
6.52815
6.53665
6.54512
6.55351
6.56177
6.56988
6.57781
6.58558
6.59317
6.60059
6.60785
6.61496
6.62193
6.62878
6.6355
6.64209
6.64856
6.65488
6.66105
6.66703
6.67279
6.67829
6.68349
6.68833
6.69275
6.69668
6.70006
6.70283
6.70491
6.70627
6.70685
6.70662
6.70555
6.70365
6.70094
6.69744
6.69321
6.68833
6.68289
6.67699
6.67075
6.6643
6.65776
6.65127
6.64496
6.63893
6.63331
6.62816
6.62358
6.6196
6.61626
6.61357
6.61153
6.61009
6.60923
6.60889
6.60902
6.60954
6.61038
6.61149
6.61279
6.61422
6.61572
6.61723
6.61871
6.62012
6.6214
6.62254
6.62349
6.62424
6.62477
6.62508
6.62517
6.62506
6.6248
6.62442
6.62399
6.62359
6.6233
6.62323
6.62345
6.62407
6.62516
6.62677
6.62895
6.63171
6.63502
6.63884
6.6431
6.64771
6.65258
6.65758
6.66262
6.66759
6.6724
6.67697
6.68123
6.68513
6.68865
6.69175
6.69443
6.69669
6.69852
6.69993
6.70094
6.70154
6.70174
6.70155
6.70097
6.69999
6.6986
6.69681
6.6946
6.69198
6.68894
6.68548
6.68161
6.67736
6.67273
6.66777
6.6625
6.65699
6.65127
6.64541
6.63947
6.63351
6.62758
6.62174
6.61605
6.61053
6.60523
6.60015
6.59531
6.5907
6.58631
6.58212
6.57809
6.5742
6.57041
6.5667
6.56302
6.55937
6.55571
6.55204
6.54834
6.54462
6.54088
6.53712
6.53336
6.52961
6.52589
6.52221
6.5186
6.51508
6.51166
6.50837
6.50522
6.50224
6.49945
6.49685
6.49447
6.4923
6.49035
6.48863
6.48713
6.48585
6.48477
6.48389
6.48319
6.48267
6.4823
6.48209
6.48201
6.48206
6.48223
6.48252
6.48292
6.48342
6.48402
6.48473
6.48554
6.48644
6.48745
6.48855
6.48976
6.49108
6.49252
6.49409
6.49579
6.49765
6.49967
6.50187
6.50426
6.50684
6.50962
6.5126
6.51576
6.51909
6.52256
6.52616
6.52983
6.53353
6.53721
6.54082
6.5443
6.54759
6.55064
6.55339
6.55579
6.5578
6.55937
6.56048
6.5611
6.56124
6.56088
6.56004
6.55873
6.55699
6.55485
6.55237
6.54958
6.54655
6.54333
6.54
6.53661
6.53324
6.52995
6.5268
6.52386
6.52119
6.51885
6.5169
6.51539
6.51437
6.51386
6.51392
6.51456
6.51579
6.51764
6.5201
6.52316
6.52682
6.53105
6.53584
6.54115
6.54697
6.55325
6.55996
6.56706
6.57453
6.58231
6.59036
6.59865
6.60713
6.61575
6.62447
6.63323
6.642
6.65073
6.65935
6.66783
6.67612
6.68415
6.69189
6.69927
6.70624
6.71275
6.71874
6.72417
6.72898
6.73313
6.73657
6.73926
6.74117
6.74228
6.74256
6.74201
6.74062
6.73841
6.7354
6.7316
6.72707
6.72185
6.71599
6.70956
6.70263
6.69527
6.68756
6.6796
6.67145
6.66322
6.65499
6.64684
6.63885
6.6311
6.62366
6.61659
6.60994
6.60375
6.59804
6.59283
6.58813
6.58392
6.58018
6.57688
6.57397
6.57142
6.56915
6.56713
6.56527
6.56352
6.56183
6.56012
6.55835
6.55647
6.55442
6.55217
6.54967
6.5469
6.54383
6.54044
6.53671
6.53264
6.52822
6.52345
6.51833
6.51288
6.50713
6.50107
6.49476
6.4882
6.48145
6.47452
6.46747
6.46032
6.45313
6.44595
6.43881
6.43177
6.42488
6.41819
6.41177
6.40568
6.39997
6.39471
6.38996
6.38579
6.38226
6.37941
6.3773
6.37597
6.37544
6.37573
6.37686
6.37881
6.38158
6.38513
6.38945
6.39449
6.40022
6.40659
6.41358
6.42114
6.42923
6.43784
6.44691
6.45643
6.46635
6.47664
6.48726
6.49815
6.50926
6.52053
6.53189
6.54326
6.55458
6.56574
6.57668
6.5873
6.59751
6.60725
6.61642
6.62497
6.63284
6.63999
6.64638
6.65199
6.65683
6.6609
6.66424
6.66687
6.66885
6.67022
6.67105
6.6714
6.67131
6.67086
6.67008
6.66903
6.66772
6.66618
6.66443
6.66247
6.6603
6.6579
6.65526
6.65236
6.64917
6.64569
6.64189
6.63776
6.63329
6.62848
6.62334
6.61787
6.6121
6.60606
6.59978
6.59331
6.5867
6.58001
6.57331
6.56667
6.56017
6.5539
6.54795
6.54242
6.53739
6.53298
6.52926
6.52632
6.52425
6.52312
6.52297
6.52384
6.52576
6.52872
6.53271
6.53767
6.54355
6.55027
6.55773
6.56584
6.57447
6.58351
6.59284
6.60235
6.61194
6.62149
6.63092
6.64015
6.6491
6.65772
6.66594
6.67372
6.68102
6.68782
6.69408
6.69978
6.70493
6.70951
6.71353
6.717
6.71996
6.72242
6.72443
6.72604
6.7273
6.72827
6.72901
6.72957
6.73001
6.73039
6.73074
6.7311
6.73152
6.732
6.73259
6.73329
6.73412
6.73509
6.73622
6.73751
6.73896
6.7406
6.7424
6.74438
6.74651
6.7488
6.75123
6.75376
6.75639
6.75907
6.76179
6.76451
6.7672
6.76983
6.77238
6.77483
6.77717
6.77938
6.78146
6.78341
6.78525
6.78699
6.78866
6.79028
6.79188
6.79349
6.79514
6.79686
6.79867
6.8006
6.80265
6.80481
6.80709
6.80945
6.81188
6.81432
6.81673
6.81904
6.8212
6.82313
6.82476
6.82603
6.82686
6.82719
6.82698
6.82617
6.82474
6.82267
6.81994
6.81657
6.81257
6.80797
6.80282
6.79717
6.79109
6.78465
6.77793
6.77103
6.76404
6.75706
6.7502
6.74355
6.73723
6.73132
6.72591
6.72109
6.71692
6.71348
6.71079
6.70888
6.70778
6.70747
6.70795
6.70917
6.71108
6.71364
6.71678
6.72042
6.72448
6.72888
6.73355
6.7384
6.74335
6.74833
6.75328
6.75813
6.76284
6.76734
6.77161
6.77561
6.77932
6.7827
6.78575
6.78846
6.79083
6.79286
6.79455
6.79591
6.79697
6.79774
6.79825
6.79853
6.79861
6.79853
6.79831
6.79801
6.79765
6.79728
6.79693
6.79664
6.79644
6.79636
6.79643
6.79666
6.79708
6.79771
6.79854
6.7996
6.80088
6.80239
6.80413
6.80609
6.80827
6.81066
6.81326
6.81606
6.81904
6.82218
6.82547
6.82889
6.83239
6.83596
6.83955
6.84311
6.8466
6.84997
6.85316
6.85612
6.85879
6.86112
6.86305
6.86456
6.86558
6.86611
6.86611
6.86558
6.86452
6.86294
6.86086
6.8583
6.8553
6.85191
6.84816
6.84411
6.8398
6.83528
6.83058
6.82573
6.82076
6.81567
6.81048
6.80518
6.79974
6.79415
6.78837
6.78235
6.77606
6.76943
6.76244
6.75501
6.74713
6.73873
6.72981
6.72032
6.71026
6.69963
6.68844
6.6767
6.66445
6.65173
6.6386
6.62512
6.61136
6.5974
6.58332
6.56922
6.5552
6.54133
6.52773
6.51447
6.50165
6.48934
6.47761
6.46653
6.45613
6.44645
6.43751
6.42931
6.42184
6.41507
6.40896
6.40347
6.39854
6.39411
6.39012
6.38651
6.38321
6.38017
6.37735
6.37468
6.37216
6.36974
6.36741
6.36516
6.36299
6.36089
6.35889
6.35698
6.35518
6.35349
6.35194
6.35052
6.34924
6.3481
6.34712
6.34628
6.34559
6.34504
6.34463
6.34437
6.34427
6.34432
6.34453
6.34492
6.34551
6.34629
6.3473
6.34855
6.35005
6.35183
6.3539
6.35626
6.35894
6.36194
6.36527
6.36892
6.37289
6.37718
6.38177
6.38664
6.39177
6.39714
6.4027
6.40843
6.41427
6.4202
6.42615
6.43208
6.43796
6.44374
6.44938
6.45485
6.46014
6.46523
6.47011
6.47478
6.47925
6.48356
6.48771
6.49175
6.49571
6.49963
6.50355
6.50753
6.51158
6.51575
6.52005
6.52451
6.52913
6.53391
6.53882
6.54385
6.54895
6.55408
6.5592
6.56424
6.56917
6.57392
6.57846
6.58276
6.58677
6.59049
6.5939
6.597
6.59981
6.60234
6.60462
6.60666
6.60851
6.61019
6.61172
6.61315
6.61447
6.61571
6.61686
6.61792
6.61888
6.61972
6.6204
6.62089
6.62116
6.62118
6.62089
6.62029
6.61934
6.61803
6.61636
6.61435
6.61202
6.60943
6.60664
6.60375
6.60085
6.59807
6.59554
6.59341
6.59179
6.59083
6.59061
6.59121
6.59267
6.59495
6.59802
6.60177
6.60606
6.61074
6.61563
6.62055
6.62534
6.62983
6.63391
6.63748
6.64047
6.64284
6.64461
6.64581
6.64651
6.6468
6.64679
6.64663
6.64646
6.64644
6.64674
6.64752
6.64893
6.6511
6.65416
6.65819
6.66326
6.66941
6.67664
6.68491
6.69418
6.70435
6.71531
6.72695
6.7391
6.75163
6.76438
6.77717
6.78986
6.80229
6.81433
6.82582
6.83667
6.84675
6.85599
6.86429
6.8716
6.87787
6.88308
6.88721
6.89026
6.89225
6.89321
6.89319
6.89224
6.89042
6.88783
6.88453
6.88062
6.87617
6.87129
6.86604
6.86051
6.85476
6.84886
6.84285
6.83677
6.83066
6.82454
6.81843
6.81235
6.80629
6.80028
6.79432
6.78843
6.78261
6.7769
6.77131
6.76587
6.76062
6.7556
6.75084
6.74639
6.74229
6.73858
6.73532
6.73253
6.73025
6.7285
6.72732
6.72671
6.72668
6.72721
6.72831
6.72995
6.7321
6.73472
6.73777
6.7412
6.74495
6.74897
6.7532
6.75757
6.76202
6.7665
6.77092
6.77525
6.7794
6.78333
6.78696
6.79025
6.79315
6.7956
6.79755
6.79897
6.79982
6.80006
6.79969
6.79869
6.79704
6.79477
6.79187
6.78838
6.78432
6.77975
6.7747
6.76925
6.76344
6.75735
6.75106
6.74463
6.73815
6.73168
6.7253
6.71907
6.71307
6.70735
6.70197
6.69697
6.6924
6.68829
6.68467
6.68155
6.67894
6.67685
6.67525
6.67415
6.67351
6.67331
6.6735
6.67407
6.67496
6.67614
6.67757
6.67923
6.68108
6.68311
6.68528
6.6876
6.69006
6.69264
6.69534
6.69816
6.70111
6.70416
6.70731
6.71056
6.71388
6.71725
6.72064
6.72403
6.72738
6.73065
6.73378
6.73675
6.73948
6.74192
6.74401
6.74569
6.7469
6.74756
6.74763
6.74705
6.74575
6.7437
6.74086
6.7372
6.73271
6.72738
6.72122
6.71425
6.70651
6.69804
6.68891
6.67918
6.66893
6.65825
6.64724
6.63599
6.62461
6.61321
6.60188
6.59074
6.57987
6.56938
6.55936
6.54988
6.54102
6.53284
6.52539
6.51873
6.51288
6.50786
6.5037
6.50038
6.4979
6.49625
6.49539
6.49529
6.4959
6.49717
6.49904
6.50145
6.50434
6.50763
6.51126
6.51516
6.51925
6.52347
6.52775
6.53203
6.53626
6.54037
6.54432
6.54807
6.55159
6.55485
6.55784
6.56054
6.56297
6.56513
6.56703
6.56872
6.57022
6.57157
6.57282
6.574
6.57514
6.57628
6.57744
6.57861
6.5798
6.58097
6.5821
6.58314
6.58404
6.58474
6.58519
6.58532
6.58508
6.58445
6.58339
6.58189
6.57995
6.57756
6.57476
6.57156
6.56798
6.56406
6.55981
6.55525
6.55038
6.54522
6.53975
6.53397
6.52787
6.52144
6.51468
6.5076
6.5002
6.49253
6.48461
6.4765
6.46826
6.45997
6.45171
6.44357
6.43565
6.42804
6.42083
6.41412
6.40798
6.40249
6.39773
6.39373
6.39055
6.38823
6.38678
6.3862
6.38651
6.38768
6.38969
6.39251
6.3961
6.40039
6.40533
6.41087
6.41692
6.42341
6.43027
6.43743
6.44479
6.45229
6.45985
6.46739
6.47484
6.48214
6.4892
6.49598
6.50241
6.50842
6.51398
6.51903
6.52352
6.52742
6.53071
6.53335
6.53534
6.53667
6.53736
6.53741
6.53686
6.53576
6.53417
6.53215
6.5298
6.52719
6.52445
6.52168
6.51899
6.5165
6.51432
6.51256
6.51132
6.51068
6.51072
6.51149
6.51303
6.51534
6.51842
6.52225
6.52678
6.53195
6.53768
6.54388
6.55043
6.55724
6.56417
6.57111
6.57792
6.58448
6.59067
6.59636
6.60143
6.60579
6.60932
6.61194
6.61356
6.61411
6.61354
6.61179
6.60883
6.60465
6.59923
6.59258
6.58473
6.57571
6.56559
6.55441
6.54228
6.52928
6.51553
6.50117
6.48633
6.47117
6.45586
6.44059
6.42553
6.41088
6.39683
6.38358
6.3713
6.36017
6.35034
6.34194
6.3351
6.32989
6.32636
6.32454
6.32443
6.32597
6.3291
6.33373
6.33973
6.34697
6.35529
6.36453
6.37453
6.38511
6.39612
6.4074
6.41881
6.43021
6.44149
6.45256
6.46333
6.47373
6.48372
6.49325
6.50231
6.51088
6.51895
6.52655
6.53367
6.54033
6.54656
6.55238
6.5578
6.56285
6.56754
6.57188
6.57588
6.57953
6.58282
6.58574
6.58825
6.59034
6.59196
6.59307
6.59363
6.5936
6.59293
6.59159
6.58954
6.58676
6.58321
6.57888
6.57378
6.5679
6.56126
6.55389
6.54582
6.53712
6.52784
6.51808
6.50792
6.49747
6.48686
6.47624
6.46575
6.45555
6.44582
6.43673
6.42845
6.42113
6.41492
6.40992
6.40621
6.40385
6.40282
6.40312
6.40467
6.40738
6.41114
6.41585
6.42137
6.42761
6.43445
6.44182
6.44964
6.45788
6.46649
6.47547
6.48482
6.49455
6.50468
6.51522
6.5262
6.53765
6.54956
6.56195
6.57481
6.58813
6.60188
6.61601
6.63048
6.64523
6.66016
6.67522
6.69031
6.70533
6.72021
6.73485
6.74917
6.76309
6.77655
6.78948
6.80183
6.81356
6.82463
6.83503
6.84473
6.85373
6.86202
6.86962
6.87655
6.88282
6.88847
6.89354
6.89808
6.90214
6.90577
6.90904
6.912
6.91472
6.91723
6.91959
6.92184
6.92401
6.92612
6.92817
6.93017
6.9321
6.93394
6.93567
6.93727
6.93868
6.93989
6.94086
6.94156
6.94198
6.94209
6.94189
6.94138
6.94057
6.93948
6.93813
6.93656
6.93479
6.93287
6.93083
6.92872
6.92655
6.92438
6.92222
6.92009
6.91801
6.91598
6.91402
6.91212
6.91026
6.90845
6.90666
6.90489
6.90311
6.90133
6.89953
6.8977
6.89583
6.89393
6.89198
6.89
6.88797
6.88589
6.88376
6.88155
6.87926
6.87687
6.87434
6.87165
6.86876
6.86565
6.86227
6.85859
6.85459
6.85023
6.84551
6.84041
6.83493
6.82908
6.82288
6.81636
6.80956
6.80254
6.79533
6.78801
6.78065
6.77331
6.76607
6.75902
6.75222
6.74575
6.7397
6.73412
6.7291
6.7247
6.72097
6.71797
6.71573
6.71428
6.71365
6.71384
6.71482
6.71658
6.71907
6.72223
6.72598
6.73023
6.73487
6.7398
6.74489
6.75001
6.75503
6.75983
6.76428
6.76825
6.77163
6.77433
6.77623
6.77727
6.77737
6.77649
6.77457
6.77161
6.76758
6.76248
6.75632
6.74914
6.74095
6.7318
6.72175
6.71084
6.69915
6.68674
6.67371
6.66013
6.64612
6.63177
6.61722
6.60258
6.588
6.57361
6.55956
6.54598
6.53302
6.52081
6.50945
6.49906
6.48972
6.48149
6.47442
6.46853
6.46382
6.46028
6.45788
6.45657
6.45628
6.45695
6.4585
6.46082
6.46381
6.46739
6.47142
6.4758
6.48042
6.48516
6.48992
6.49458
6.49905
6.50325
6.50708
6.51049
6.51342
6.51582
6.51766
6.51893
6.51961
6.5197
6.51922
6.51818
6.51661
6.51455
6.51202
6.50908
6.50574
6.50207
6.49809
6.49384
6.48936
6.48469
6.47984
6.47484
6.46972
6.46451
6.45921
6.45387
6.4485
6.44313
6.43781
6.43257
6.42746
6.42254
6.41788
6.41354
6.40959
6.40611
6.40317
6.40085
6.39921
6.3983
6.39818
6.39887
6.4004
6.40277
6.40598
6.41
6.4148
6.42035
6.42658
6.43345
6.4409
6.44886
6.45726
6.46605
6.47516
6.48454
6.49413
6.50388
6.51375
6.52369
6.53367
6.54366
6.55365
6.56361
6.57355
6.58345
6.59333
6.6032
6.61307
6.62297
6.63291
6.64292
6.65302
6.66324
6.67359
6.68407
6.6947
6.70548
6.71639
6.72742
6.73857
6.74979
6.76106
6.77236
6.78365
6.79491
6.80609
6.81716
6.8281
6.83888
6.84946
6.85983
6.86993
6.87977
6.88929
6.89848
6.90731
6.91575
6.92378
6.93138
6.93851
6.94517
6.95132
6.95696
6.96206
6.96661
6.9706
6.974
6.97682
6.97902
6.98059
6.98153
6.98182
6.98143
6.98035
6.97857
6.97608
6.97285
6.96887
6.96414
6.95864
6.95238
6.94535
6.93755
6.92901
6.91972
6.90971
6.89902
6.88767
6.87571
6.86318
6.85014
6.83665
6.82278
6.80859
6.79418
6.77961
6.76497
6.75036
6.73584
6.72151
6.70744
6.69371
6.68039
6.66754
6.65522
6.64348
6.63234
6.62184
6.612
6.60282
6.59432
6.58649
6.57933
6.57283
6.56698
6.56176
6.55717
6.5532
6.54984
6.54708
6.5449
6.5433
6.54225
6.54173
6.54172
6.54217
6.54305
6.54429
6.54583
6.5476
6.54951
6.55148
6.5534
6.55518
6.55672
6.55792
6.55868
6.55891
6.55853
6.55746
6.55564
6.55301
6.54953
6.54517
6.53992
6.53379
6.5268
6.51898
6.51039
6.5011
6.49121
6.48082
6.47006
6.45907
6.44799
6.43698
6.42621
6.41584
6.40601
6.39689
6.38861
6.38128
6.37501
6.36987
6.36591
6.36316
6.36162
6.36127
6.36208
6.36398
6.36691
6.37078
6.37549
6.38096
6.38708
6.39376
6.40092
6.40846
6.41631
6.42442
6.43272
6.44116
6.44972
6.45838
6.46711
6.47592
6.4848
6.49375
6.50278
6.51191
6.52115
6.5305
6.53997
6.54958
6.55933
6.56922
6.57925
6.58942
6.59972
6.61013
6.62064
6.63122
6.64185
6.65249
6.6631
6.67364
6.68407
6.69434
6.70438
6.71415
6.72358
6.73263
6.74124
6.74934
6.7569
6.76386
6.77017
6.7758
6.78072
6.7849
6.78831
6.79095
6.7928
6.79385
6.79411
6.79358
6.79226
6.79016
6.78728
6.78363
6.77922
6.77406
6.76816
6.76151
6.75413
6.74602
6.7372
6.72769
6.7175
6.70666
6.6952
6.68316
6.67061
6.6576
6.6442
6.6305
6.61659
6.60257
6.58854
6.57462
6.56091
6.54753
6.53457
6.52213
6.51031
6.49917
6.48878
6.47919
6.47044
6.46254
6.4555
6.44932
6.44399
6.43948
6.43576
6.43281
6.43059
6.42906
6.4282
6.42798
6.42837
6.42936
6.43093
6.43307
6.43578
6.43907
6.44292
6.44735
6.45235
6.45793
6.46407
6.47076
6.478
6.48574
6.49398
6.50266
6.51174
6.52118
6.53092
6.54091
6.5511
6.56143
6.57186
6.58233
6.59281
6.60326
6.61364
6.62394
6.63412
6.64419
6.6541
6.66387
6.67347
6.68289
6.69214
6.70118
6.71003
6.71867
6.72709
6.7353
6.74329
6.75107
6.75863
6.766
6.77319
6.78019
6.78704
6.79375
6.80032
6.80676
6.81308
6.81926
6.82531
6.8312
6.83691
6.84241
6.84765
6.85261
6.85724
6.8615
6.86536
6.86877
6.87172
6.87419
6.87616
6.87763
6.87861
6.8791
6.87914
6.87872
6.87788
6.87664
6.875
6.87297
6.87055
6.86774
6.86453
6.8609
6.85682
6.85229
6.84728
6.84178
6.8358
6.82932
6.82237
6.81496
6.80713
6.79892
6.79037
6.78154
6.77249
6.76327
6.75394
6.74457
6.7352
6.72589
6.71668
6.70762
6.69875
6.69008
6.68164
6.67345
6.66552
6.65786
6.65047
6.64334
6.63648
6.62988
6.62353
6.61743
6.61157
6.60596
6.6006
6.59549
6.59064
6.58606
6.58178
6.57781
6.57417
6.57088
6.56798
6.56548
6.56341
6.56179
6.56062
6.55991
6.55966
6.55986
6.5605
6.56153
6.56293
6.56464
6.5666
6.56877
6.57107
6.57345
6.57584
6.57819
6.58046
6.58262
6.58466
6.58657
6.58838
6.59012
6.59185
6.59362
6.59551
6.59759
6.59992
6.60257
6.60558
6.60896
6.61271
6.61679
6.62115
6.6257
6.63033
6.63492
6.63933
6.64342
6.64705
6.6501
6.65245
6.65403
6.65475
6.65457
6.6535
6.65153
6.64872
6.64513
6.64086
6.63602
6.63074
6.62518
6.61948
6.61381
6.60832
6.60318
6.59853
6.59449
6.59117
6.58867
6.58705
6.58635
6.58658
6.58774
6.58978
6.59267
6.59633
6.6007
6.60567
6.61115
6.61704
6.62325
6.62968
6.63621
6.64277
6.64925
6.65557
6.66165
6.6674
6.67277
6.67767
6.68204
6.68584
6.689
6.69148
6.69324
6.69424
6.69447
6.69391
6.69254
6.69038
6.68744
6.68374
6.67932
6.67423
6.66853
6.6623
6.65561
6.64855
6.64122
6.63371
6.62613
6.61856
6.61111
6.60386
6.59689
6.59026
6.58403
6.57825
6.57293
6.56809
6.56372
6.55979
6.55626
6.55309
6.5502
6.54752
6.54495
6.54239
6.53975
6.53691
6.53378
6.53025
6.52623
6.52163
6.51637
6.51041
6.50371
6.49623
6.48799
6.479
6.46931
6.45898
6.4481
6.43678
6.42514
6.41332
6.40149
6.3898
6.37845
6.36762
6.35749
6.34825
6.34005
6.33307
6.32741
6.32319
6.32048
6.31932
6.31971
6.32164
6.32505
6.32989
6.33606
6.34346
6.352
6.36156
6.37203
6.38329
6.39524
6.40777
6.42079
6.43418
6.44787
6.46176
6.47578
6.48984
6.50389
6.51785
6.53168
6.54532
6.55874
6.5719
6.58476
6.59732
6.60953
6.6214
6.6329
6.64403
6.65476
6.66508
6.67497
6.68441
6.69337
6.70182
6.70973
6.71706
6.72376
6.7298
6.73512
6.7397
6.74348
6.74643
6.74851
6.7497
6.74998
6.74933
6.74774
6.74523
6.74181
6.73751
6.73236
6.72643
6.71977
6.71246
6.70459
6.69625
6.68755
6.67861
6.66954
6.66047
6.65151
6.64278
6.63441
6.62649
6.61912
6.61238
6.60634
6.60106
6.59657
6.59288
6.59
6.58793
6.58662
6.58604
6.58615
6.58688
6.58818
6.58997
6.59218
6.59475
6.5976
6.60065
6.60386
6.60715
6.61046
6.61376
6.61698
6.62009
6.62306
6.62587
6.62848
6.63089
6.63309
6.63506
6.63681
6.63834
6.63965
6.64074
6.64161
6.64227
6.64272
6.64297
6.643
6.64282
6.64242
6.64178
6.64091
6.63979
6.6384
6.63673
6.63477
6.63251
6.62993
6.62702
6.62379
6.62021
6.61631
6.61206
6.60749
6.6026
6.59739
6.59189
6.58611
6.58007
6.5738
6.56732
6.56065
6.55385
6.54693
6.53994
6.53292
6.5259
6.51893
6.51205
6.50528
6.49866
6.49222
6.48597
6.47994
6.47413
6.46857
6.46324
6.45816
6.45331
6.44871
6.44434
6.4402
6.43628
6.43258
6.42909
6.42581
6.42273
6.41984
6.41714
6.41463
6.4123
6.41014
6.40816
6.40635
6.40472
6.40326
6.40197
6.40088
6.39998
6.39928
6.39881
6.39858
6.39861
6.39893
6.39955
6.4005
6.40182
6.40351
6.4056
6.40812
6.41107
6.41447
6.41832
6.42263
6.42738
6.43256
6.43816
6.44415
6.4505
6.45717
6.46414
6.47135
6.47876
6.48632
6.49398
6.5017
6.50943
6.51711
6.52471
6.53217
6.53945
6.54652
6.55332
6.55984
6.56604
6.57189
6.57737
6.58246
6.58714
6.59139
6.59522
6.59862
6.60159
6.60413
6.60626
6.60798
6.60933
6.61031
6.61096
6.61132
6.61142
6.6113
6.61102
6.61062
6.61016
6.60969
6.60929
6.609
6.6089
6.60903
6.60947
6.61026
6.61145
6.61307
6.61516
6.61774
6.62081
6.62438
6.62842
6.63292
6.63784
6.64312
6.6487
6.65452
6.66048
6.66651
6.6725
6.67836
6.68399
6.6893
6.69418
6.69856
6.70235
6.70551
6.70798
6.70972
6.7107
6.71092
6.71039
6.7091
6.70709
6.70437
6.701
6.69701
6.69245
6.68736
6.68181
6.67585
6.66954
6.66294
6.65612
6.64914
6.64207
6.63498
6.62795
6.62104
6.61432
6.60787
6.60176
6.59604
6.5908
6.58607
6.58192
6.57839
6.57553
6.57335
6.57189
6.57115
6.57115
6.57189
6.57334
6.57551
6.57836
6.58186
6.58599
6.5907
6.59596
6.60172
6.60793
6.61454
6.62151
6.62877
6.63627
6.64395
6.65175
6.65962
6.6675
6.67533
6.68305
6.69063
6.69803
6.7052
6.71214
6.71882
6.72524
6.73141
6.73736
6.74309
6.74863
6.75402
6.75927
6.76439
6.7694
6.77427
6.77898
6.7835
6.78776
6.7917
6.79524
6.7983
6.80077
6.80259
6.80365
6.8039
6.80326
6.80167
6.79911
6.79554
6.79096
6.78538
6.77881
6.7713
6.7629
6.75366
6.74366
6.73298
6.72171
6.70993
6.69775
6.68527
6.67259
6.6598
6.64701
6.63431
6.62179
6.60953
6.59761
6.58609
6.57504
6.56451
6.55454
6.54515
6.53639
6.52825
6.52075
6.51391
6.50771
6.50217
6.49728
6.49306
6.4895
6.48661
6.48442
6.48295
6.48221
6.48225
6.48308
6.48474
6.48726
6.49067
6.49498
6.50022
6.50638
6.51346
6.52144
6.53027
6.5399
6.55028
6.56133
6.57293
6.585
6.5974
6.61001
6.6227
6.63532
6.64773
6.65979
6.67135
6.68229
6.69248
6.70182
6.7102
6.71754
6.72377
6.72885
6.73275
6.73544
6.73693
6.73725
6.73642
6.73449
6.73151
6.72757
6.72272
6.71706
6.71068
6.70365
6.69609
6.68807
6.6797
6.67107
6.66226
6.65336
6.64445
6.63561
6.62692
6.61843
6.61021
6.60231
6.59478
6.58766
6.58098
6.57477
6.56904
6.5638
6.55907
6.55484
6.55109
6.54783
6.54503
6.54268
6.54075
6.53922
6.53808
6.53729
6.53685
6.53673
6.53691
6.53739
6.53814
6.53916
6.54042
6.54192
6.54363
6.54553
6.54759
6.54977
6.55204
6.55434
6.55662
6.55883
6.56091
6.56278
6.56439
6.56568
6.56658
6.56707
6.56708
6.56658
6.56555
6.56397
6.56183
6.55912
6.55583
6.55198
6.54757
6.54259
6.53707
6.53101
6.52441
6.51727
6.50962
6.50144
6.49275
6.48356
6.47388
6.46375
6.45317
6.44218
6.43081
6.41911
6.40712
6.3949
6.38248
6.36995
6.35734
6.34473
6.33217
6.31973
6.30746
6.29544
6.2837
6.27232
6.26135
6.25083
6.24083
6.2314
6.22257
6.21441
6.20696
6.20027
6.19438
6.18933
6.18516
6.18192
6.17965
6.17836
6.1781
6.1789
6.18077
6.18373
6.1878
6.19299
6.1993
6.20672
6.21526
6.22488
6.23557
6.2473
6.26003
6.27372
6.2883
6.30374
6.31996
6.33689
6.35447
6.37262
6.39125
6.41029
6.42965
6.44927
6.46904
6.48891
6.50879
6.52861
6.54831
6.56783
6.5871
6.60608
6.62473
6.64301
6.66088
6.67832
6.6953
6.71182
6.72784
6.74336
6.75836
6.77282
6.78673
6.80007
6.81282
6.82494
6.8364
6.84718
6.85723
6.86652
6.87501
6.88266
6.88943
6.8953
6.90023
6.9042
6.90721
6.90924
6.9103
6.91039
6.90955
6.90779
6.90516
6.90168
6.89742
6.89242
6.88673
6.88042
6.87354
6.86616
6.85833
6.85013
6.8416
6.83281
6.82382
6.81468
6.80545
6.79617
6.7869
6.77766
6.76851
6.75946
6.75056
6.74181
6.73326
6.72491
6.71679
6.70892
6.70132
6.69401
6.68701
6.68035
6.67406
6.66816
6.66268
6.65763
6.65304
6.64893
6.64531
6.6422
6.63958
6.63746
6.63583
6.63468
6.63397
6.63369
6.6338
6.63427
6.63506
6.63612
6.63742
6.63893
6.6406
6.64241
6.64433
6.64635
6.64845
6.65062
6.65287
6.65521
6.65764
6.66018
6.66285
6.66567
6.66867
6.67186
6.67528
6.67894
6.68286
6.68706
6.69156
6.69638
6.70153
6.70703
6.71288
6.71909
6.72567
6.73261
6.73991
6.74756
6.75553
6.7638
6.77234
6.78111
6.79005
6.79913
6.80827
6.81743
6.82653
6.83553
6.84435
6.85293
6.86122
6.86917
6.87672
6.88383
6.89046
6.89657
6.90214
6.90713
6.91152
6.91528
6.91841
6.92089
6.9227
6.92385
6.92432
6.92411
6.92323
6.92168
6.91946
6.91658
6.91306
6.90891
6.90415
6.89878
6.89284
6.88635
6.87932
6.8718
6.8638
6.85536
6.84651
6.83729
6.82774
6.81789
6.80779
6.79747
6.78697
6.77635
6.76563
6.75485
6.74407
6.73331
6.72263
6.71204
6.70161
6.69135
6.6813
6.67151
6.662
6.65281
6.64396
6.63549
6.6274
6.61973
6.61248
6.60566
6.59928
6.59331
6.58776
6.58259
6.57779
6.57333
6.56917
6.56527
6.56161
6.55815
6.55486
6.55172
6.5487
6.54579
6.54298
6.54026
6.53762
6.53507
6.5326
6.53022
6.52792
6.52571
6.52359
6.52155
6.5196
6.51774
6.51596
6.51427
6.51268
6.51119
6.50981
6.50856
6.50746
6.50653
6.50579
6.50527
6.505
6.505
6.50529
6.50589
6.50681
6.50805
6.50963
6.51152
6.51371
6.51618
6.51891
6.52186
6.52499
6.52828
6.53169
6.53519
6.53874
6.54233
6.54594
6.54956
6.55318
6.55682
6.56048
6.5642
6.56799
6.57189
6.57595
6.58022
6.58474
6.58957
6.59477
6.6004
6.6065
6.61313
6.62034
6.62816
6.63663
6.64576
6.65556
6.66603
6.67715
6.68889
6.70119
6.71402
6.7273
6.74096
6.75491
6.76908
6.78338
6.79773
6.81206
6.8263
6.84038
6.85427
6.86791
6.88128
6.89436
6.90714
6.9196
6.93174
6.94355
6.95505
6.9662
6.97702
6.98746
6.99751
7.00713
7.01628
7.02491
7.03295
7.04035
7.04704
7.05295
7.05803
7.06221
7.06542
7.06763
7.0688
7.06888
7.06787
7.06575
7.06253
7.05823
7.05286
7.04648
7.03912
7.03087
7.02178
7.01193
7.0014
6.99027
6.97865
6.9666
6.95421
6.94158
6.92876
6.91585
6.9029
6.88999
6.87719
6.86455
6.85215
6.84004
6.82828
6.81693
6.80605
6.79569
6.7859
6.77672
6.7682
6.76036
6.75322
6.74679
6.74105
6.73601
6.73162
6.72785
6.72465
6.72195
6.71969
6.71778
6.71617
6.71475
6.71345
6.71218
6.71089
6.70949
6.70792
6.70614
6.70411
6.70179
6.69916
6.69623
6.693
6.68949
6.68571
6.68171
6.67753
6.67321
6.66881
6.66437
6.65994
6.65557
6.65129
6.64715
6.64316
6.63933
6.63569
6.63222
6.62892
6.62576
6.62273
6.61979
6.61691
6.61406
6.6112
6.60831
6.60534
6.60229
6.59913
6.59584
6.59241
6.58886
6.58518
6.58138
6.57749
6.57352
6.5695
6.56544
6.56139
6.55735
6.55335
6.5494
6.54553
6.54173
6.538
6.53436
6.53078
6.52727
6.52379
6.52034
6.5169
6.51345
6.50998
6.50645
6.50287
6.49923
6.49551
6.49171
6.48784
6.48391
6.47992
6.47588
6.47182
6.46775
6.46369
6.45967
6.45571
6.45183
6.44805
6.44439
6.44088
6.43752
6.43433
6.43134
6.42856
6.426
6.42367
6.4216
6.41981
6.4183
6.41709
6.41622
6.41568
6.41551
6.41571
6.4163
6.41729
6.41868
6.42048
6.42269
6.4253
6.42829
6.43164
6.43534
6.43936
6.44365
6.44819
6.45294
6.45785
6.46288
6.46798
6.4731
6.4782
6.48322
6.48812
6.49285
6.49737
6.50163
6.5056
6.50924
6.51252
6.51542
6.51791
6.51999
6.52164
6.52286
6.52367
6.52407
6.52407
6.5237
6.52298
6.52194
6.52062
6.51905
6.51728
6.51534
6.51328
6.51114
6.50896
6.5068
6.5047
6.5027
6.50084
6.49916
6.4977
6.49648
6.49554
6.4949
6.49458
6.49458
6.49493
6.49563
6.49666
6.49803
6.49971
6.50169
6.50393
6.50642
6.50909
6.51193
6.51487
6.51787
6.52087
6.52382
6.52665
6.52933
6.53179
6.53398
6.53586
6.53738
6.53852
6.53925
6.53955
6.5394
6.53881
6.53779
6.53635
6.5345
6.53229
6.52975
6.52691
6.52382
6.52053
6.51709
6.51355
6.50999
6.50646
6.50304
6.49981
6.49686
6.49427
6.49216
6.49061
6.48973
6.48963
6.49041
6.49215
6.49494
6.49884
6.5039
6.51016
6.51763
6.5263
6.53613
6.54709
6.5591
6.57209
6.58594
6.60056
6.61583
6.63162
6.64779
6.66422
6.68076
6.6973
6.7137
6.72983
6.74558
6.76084
6.7755
6.78946
6.80265
6.81499
6.82641
6.83684
6.84626
6.85462
6.86189
6.86806
6.87313
6.8771
6.87998
6.8818
6.88258
6.88237
6.88119
6.8791
6.87614
6.87237
6.86783
6.86258
6.85665
6.85011
6.84299
6.83532
6.82716
6.81852
6.80945
6.79996
6.79009
6.77987
6.76932
6.75847
6.74735
6.73601
6.72448
6.71282
6.70107
6.68932
6.67761
6.66604
6.65468
6.64362
6.63294
6.62272
6.61306
6.60402
6.59566
6.58805
6.58121
6.57516
6.56991
6.56544
6.56172
6.55869
6.55629
6.55445
6.55309
6.55215
6.55153
6.55119
6.55105
6.55109
6.55127
6.55157
6.55202
6.55261
6.55337
6.55436
6.55559
6.55713
6.559
6.56126
6.56394
6.56705
6.57061
6.57461
6.57905
6.58389
6.58909
6.59458
6.60031
6.60619
6.61213
6.61805
6.62384
6.62942
6.63468
6.63953
6.64388
6.64765
6.65076
6.65314
6.65472
6.65547
6.65533
6.65426
6.65225
6.64927
6.64533
6.64043
6.63458
6.62783
6.62021
6.61178
6.60262
6.5928
6.58245
6.57167
6.56059
6.54937
6.53816
6.52712
6.51641
6.50621
6.49666
6.48792
6.48011
6.47333
6.46769
6.46322
6.45995
6.4579
6.45704
6.45732
6.45868
6.46104
6.46433
6.46844
6.47329
6.47878
6.48484
6.49138
6.49834
6.50566
6.51328
6.52116
6.52928
6.53762
6.54615
6.55488
6.5638
6.57291
6.58224
6.59178
6.60156
6.61157
6.62184
6.63236
6.64315
6.6542
6.66549
6.67701
6.68874
6.70062
6.71263
6.7247
6.73677
6.74877
6.76061
6.77223
6.78353
6.79443
6.80484
6.81469
6.82391
6.83244
6.84021
6.84718
6.85333
6.85863
6.86306
6.86663
6.86934
6.87121
6.87226
6.87251
6.872
6.87076
6.86883
6.86623
6.863
6.85917
6.85477
6.84983
6.84436
6.8384
6.83196
6.82506
6.81773
6.80998
6.80184
6.79333
6.7845
6.77537
6.76599
6.75641
6.74668
6.73688
6.72706
6.71731
6.70769
6.69829
6.68918
6.68043
6.67212
6.66429
6.65701
6.65033
6.64426
6.63885
6.63411
6.63005
6.62666
6.62395
6.6219
6.6205
6.61971
6.61951
6.61986
6.62072
6.62204
6.62376
6.62581
6.62813
6.63065
6.63327
6.63592
6.6385
6.64092
6.64309
6.64492
6.64633
6.64723
6.64754
6.6472
6.64615
6.64434
6.64173
6.6383
6.63402
6.62889
6.62293
6.61615
6.60857
6.60024
6.59121
6.58152
6.57123
6.56042
6.54916
6.53751
6.52555
6.51337
6.50103
6.48863
6.47624
6.46393
6.45178
6.43985
6.42821
6.41692
6.40603
6.39556
6.38557
6.37606
6.36704
6.35853
6.3505
6.34295
6.33585
6.32917
6.32289
6.31697
6.31139
6.30611
6.30111
6.29637
6.29188
6.28762
6.28358
6.27978
6.2762
6.27286
6.26975
6.26688
6.26425
6.26185
6.25967
6.25771
6.25594
6.25434
6.2529
6.25158
6.25039
6.24929
6.24827
6.24734
6.24649
6.24573
6.24509
6.24459
6.24427
6.24418
6.24436
6.24487
6.24576
6.2471
6.24895
6.25135
6.25437
6.25805
6.26242
6.26753
6.27338
6.28001
6.2874
6.29557
6.30448
6.31413
6.32448
6.33549
6.34713
6.35934
6.37208
6.38529
6.3989
6.41286
6.4271
6.44156
6.45616
6.47083
6.48551
6.50012
6.51459
6.52885
6.54283
6.55646
6.56967
6.58241
6.5946
6.6062
6.61716
6.62743
6.63696
6.64573
6.65371
6.66087
6.66721
6.67272
6.67738
6.68122
6.68423
6.68643
6.68784
6.68848
6.68838
6.68755
6.68604
6.68386
6.68103
6.67759
6.67356
6.66895
6.66377
6.65805
6.65178
6.64499
6.63766
6.6298
6.62142
6.61251
6.6031
6.59318
6.58278
6.57193
6.56066
6.54903
6.53711
6.52497
6.51271
6.50043
6.48826
6.47632
6.46475
6.45369
6.44328
6.43365
6.42492
6.4172
6.41059
6.40514
6.40091
6.39791
6.39615
6.39558
6.39616
6.3978
6.40043
6.40393
6.40819
6.41309
6.41852
6.42434
6.43046
6.43676
6.44314
6.44953
6.45585
6.46203
6.46802
6.47379
6.47931
6.48456
6.48952
6.4942
6.49859
6.50272
6.50659
6.51022
6.51363
6.51686
6.51993
6.52286
6.52568
6.52843
6.53112
6.5338
6.53648
6.53919
6.54195
6.54478
6.54771
6.55075
6.55391
6.55719
6.56061
6.56417
6.56786
6.57166
6.57557
6.57955
6.58358
6.58762
6.59162
6.59553
6.5993
6.60284
6.6061
6.60899
6.61144
6.61336
6.61467
6.61529
6.61514
6.61415
6.61226
6.6094
6.60554
6.60063
6.59466
6.58762
6.57951
6.57037
6.56023
6.54915
6.53719
6.52444
6.51099
6.49695
6.48244
6.46758
6.4525
6.43733
6.42222
6.40728
6.39267
6.3785
6.36491
6.352
6.33988
6.32866
6.31842
6.30923
6.30115
6.29422
6.28849
6.28396
6.28063
6.27851
6.27755
6.27772
6.27896
6.28121
6.28439
6.28842
6.29319
6.29861
6.30457
6.31095
6.31766
6.32459
6.33165
6.33874
6.3458
6.35276
6.35957
6.36619
6.37259
6.37877
6.38471
6.39041
6.39587
6.4011
6.4061
6.41088
6.41544
6.41978
6.4239
6.42779
6.43146
6.43491
6.43814
6.44115
6.44395
6.44656
6.44899
6.45125
6.45335
6.45532
6.45716
6.4589
6.46053
6.46206
6.4635
6.46484
6.46608
6.4672
6.46818
6.46902
6.46969
6.47016
6.47041
6.47043
6.47019
6.46967
6.46885
6.46774
6.46631
6.46458
6.46255
6.46024
6.45765
6.45483
6.4518
6.4486
6.44526
6.44184
6.43837
6.43491
6.43148
6.42813
6.4249
6.42182
6.41891
6.4162
6.41369
6.4114
6.40933
6.4075
6.4059
6.40452
6.40338
6.40248
6.40182
6.40142
6.40129
6.40145
6.40193
6.40277
6.404
6.40567
6.40783
6.41054
6.41386
6.41784
6.42256
6.42806
6.43441
6.44165
6.44982
6.45895
6.46904
6.48008
6.49207
6.50496
6.5187
6.53323
6.54848
6.56437
6.58083
6.59776
6.61508
6.63272
6.6506
6.66864
6.68676
6.70491
6.723
6.74098
6.75877
6.77633
6.79359
6.8105
6.82703
6.84313
6.85878
6.87396
6.88867
6.90289
6.91663
6.92989
6.94268
6.955
6.96685
6.97822
6.98911
6.9995
7.00937
7.01869
7.02745
7.03561
7.04316
7.05008
7.05634
7.06195
7.06689
7.07118
7.07481
7.07782
7.08022
7.08204
7.08333
7.08411
7.08444
7.08436
7.08392
7.08317
7.08214
7.08089
7.07943
7.0778
7.07601
7.07407
7.07197
7.06971
7.06726
7.0646
7.06171
7.05856
7.05511
7.05136
7.04729
7.04288
7.03814
7.03308
7.02771
7.02207
7.0162
7.01013
7.00391
6.9976
6.99125
6.98491
6.97864
6.97249
6.9665
6.96071
6.95516
6.94986
6.94484
6.94009
6.93562
6.93141
6.92744
6.92368
6.92008
6.91662
6.91323
6.90987
6.90649
6.90303
6.89944
6.89568
6.8917
6.88747
6.88294
6.8781
6.87293
6.86741
6.86153
6.85531
6.84874
6.84184
6.83463
6.82714
6.81939
6.81143
6.80328
6.795
6.78662
6.7782
6.76978
6.7614
6.75313
6.74499
6.73704
6.72932
6.72186
6.7147
6.70785
6.70135
6.69521
6.68944
6.68406
6.67907
6.6745
6.67034
6.66661
6.66332
6.66049
6.65814
6.65628
6.65492
6.65406
6.65371
6.65384
6.65444
6.65546
6.65686
6.65856
6.66049
6.66256
6.66468
6.66676
6.66869
6.67039
6.67176
6.67273
6.67322
6.67317
6.67254
6.6713
6.66941
6.66688
6.66371
6.65992
6.65554
6.65061
6.64518
6.63933
6.63311
6.62661
6.61992
6.61311
6.6063
6.59955
6.59297
6.58663
6.5806
6.57495
6.56973
6.56499
6.56073
6.55698
6.55374
6.55098
6.54867
6.54679
6.54528
6.54409
6.54316
6.54246
6.54192
6.5415
6.54116
6.54087
6.54061
6.54035
6.54011
6.53987
6.53965
6.53946
6.53933
6.53928
6.53933
6.5395
6.53982
6.54031
6.54097
6.54181
6.54283
6.54402
6.54538
6.54688
6.5485
6.55021
6.552
6.55382
6.55565
6.55747
6.55924
6.56095
6.56258
6.56412
6.56556
6.56689
6.56811
6.56923
6.57027
6.57124
6.57216
6.57305
6.57394
6.57487
6.57587
6.57697
6.57822
6.57965
6.58129
6.58318
6.58536
6.58785
6.59067
6.59386
6.59742
6.60135
6.60566
6.61034
6.61537
6.62073
6.6264
6.63232
6.63846
6.64477
6.65119
6.65767
6.66414
6.67055
6.67683
6.68293
6.68877
6.69432
6.69951
6.7043
6.70865
6.71253
6.7159
6.71876
6.72108
6.72288
6.72414
6.72489
6.72515
6.72494
6.72431
6.7233
6.72195
6.72033
6.7185
6.71651
6.71446
6.7124
6.71041
6.70857
6.70695
6.70563
6.70467
6.70414
6.70409
6.70456
6.70559
6.70718
6.70934
6.71206
6.7153
6.71901
6.72313
6.72759
6.73229
6.73716
6.74209
6.74697
6.75173
6.75626
6.76048
6.76433
6.76775
6.7707
6.77315
6.77511
6.77657
6.77756
6.77812
6.7783
6.77815
6.77773
6.77711
6.77636
6.77553
6.7747
6.7739
6.77319
6.77261
6.77217
6.77191
6.77184
6.77195
6.77225
6.77273
6.77336
6.77412
6.775
6.77596
6.77697
6.77798
6.77898
6.77991
6.78073
6.78141
6.78191
6.78218
6.78218
6.78188
6.78124
6.78022
6.77879
6.77693
6.77461
6.7718
6.7685
6.76469
6.76037
6.75554
6.75022
6.74442
6.73818
6.73152
6.72449
6.71716
6.70957
6.70181
6.69395
6.68608
6.6783
6.6707
6.66338
6.65643
6.64997
6.64406
6.6388
6.63427
6.6305
6.62757
6.62549
6.62429
6.62397
6.62451
6.6259
6.62811
6.63107
6.63476
6.6391
6.64403
6.6495
6.65544
6.66179
6.66849
6.67549
6.68275
6.69021
6.69784
6.70563
6.71354
6.72156
6.72968
6.73788
6.74616
6.7545
6.76288
6.77129
6.77969
6.78805
6.79631
6.80442
6.81233
6.81994
6.8272
6.83403
6.84033
6.84604
6.85109
6.85542
6.85898
6.86173
6.86365
6.86474
6.86503
6.86455
6.86335
6.86153
6.85915
6.85635
6.85323
6.84991
6.84652
6.84317
6.83996
6.83699
6.83432
6.83197
6.82998
6.82832
6.82696
6.82584
6.82488
6.824
6.82311
6.82211
6.82092
6.81947
6.8177
6.81555
6.813
6.81003
6.80664
6.80285
6.7987
6.79422
6.78945
6.78446
6.77929
6.77402
6.76868
6.76335
6.75807
6.75288
6.74784
6.74298
6.73834
6.73395
6.72983
6.72602
6.72254
6.71941
6.71663
6.71423
6.71222
6.7106
6.70936
6.7085
6.708
6.70786
6.70804
6.70852
6.70926
6.71023
6.71138
6.71269
6.7141
6.71558
6.71709
6.71859
6.72004
6.72143
6.72271
6.72386
6.72486
6.7257
6.72635
6.72682
6.72709
6.72717
6.72705
6.72674
6.72626
6.72559
6.72477
6.72379
6.72268
6.72143
6.72007
6.7186
6.71703
6.71538
6.71365
6.71187
6.71005
6.70821
6.70637
6.70457
6.70285
6.70124
6.6998
6.69857
6.69763
6.69703
6.69684
6.69715
6.69801
6.69951
6.7017
6.70466
6.70843
6.71305
6.71855
6.72493
6.73219
6.7403
6.74919
6.75881
6.76908
6.77988
6.7911
6.80263
6.81433
6.82607
6.83772
6.84915
6.86026
6.87092
6.88104
6.89055
6.89936
6.90743
6.91473
6.92122
6.9269
6.93177
6.93586
6.93918
6.94179
6.94372
6.94503
6.94578
6.94604
6.94586
6.94533
6.9445
6.94344
6.94222
6.94091
6.93956
6.93822
6.93694
6.93576
6.93473
6.93385
6.93316
6.93265
6.93233
6.93219
6.93219
6.93232
6.93253
6.93278
6.93301
6.93318
6.93321
6.93306
6.93266
6.93195
6.93088
6.9294
6.92746
6.92503
6.92207
6.91855
6.91447
6.9098
6.90454
6.8987
6.89229
6.88532
6.87782
6.86983
6.86137
6.85249
6.84324
6.83365
6.8238
6.81372
6.80348
6.79314
6.78275
6.77239
6.7621
6.75195
6.742
6.7323
6.7229
6.71387
6.70524
6.69706
6.68938
6.68222
6.67562
6.66962
6.66423
6.65947
6.65535
6.6519
6.64912
6.64701
6.64558
6.64482
6.64472
6.6453
6.64654
6.64843
6.65097
6.65415
6.65797
6.66242
6.6675
6.6732
6.67951
6.68645
6.694
6.70216
6.71092
6.72029
6.73024
6.74076
6.75184
6.76343
6.77551
6.78803
6.80094
6.81418
6.82766
6.84131
6.85504
6.86875
6.88233
6.89565
6.90861
6.92106
6.93289
6.94394
6.9541
6.96323
6.97119
6.97786
6.98311
6.98683
6.98892
6.98927
6.98781
6.98445
6.97915
6.97186
6.96256
6.95124
6.93792
6.92262
6.90541
6.88638
6.86562
6.84328
6.81951
6.7945
6.76844
6.74156
6.71411
6.68633
6.65847
6.6308
6.60354
6.57695
6.55124
6.5266
6.50321
6.48122
6.46075
6.4419
6.42475
6.40936
6.39575
6.38397
6.374
6.36585
6.3595
6.35492
6.35205
6.35085
6.35122
6.3531
6.35635
6.36088
6.36653
6.37316
6.38062
6.38874
6.39735
6.40629
6.4154
6.42451
6.43349
6.44221
6.45055
6.45842
6.46575
6.47248
6.47859
6.48406
6.48891
6.49315
6.49683
6.50001
6.50275
6.50513
6.50722
6.50909
6.51083
6.5125
6.51417
6.51589
6.51771
6.51965
6.52173
6.52397
6.52636
6.52888
6.53153
6.53426
6.53705
6.53986
6.54265
6.54538
6.54801
6.55051
6.55283
6.55496
6.55685
6.5585
6.55987
6.56096
6.56176
6.56225
6.56244
6.56233
6.56191
6.56119
6.56017
6.55887
6.5573
6.55547
6.55339
6.55108
6.54855
6.54583
6.54295
6.53992
6.53678
6.53355
6.53026
6.52695
6.52365
6.52039
6.51721
6.51414
6.51121
6.50846
6.5059
6.50357
6.50149
6.49969
6.49819
6.49699
6.49612
6.49559
6.49542
6.49559
6.49612
6.49701
6.49823
6.49979
6.50166
6.5038
6.5062
6.5088
6.51156
6.51443
6.51734
6.52024
6.52306
6.52572
6.52817
6.53034
6.53218
6.53362
6.53464
6.53518
6.53525
6.53482
6.53389
6.5325
6.53065
6.5284
6.52579
6.52287
6.5197
6.51635
6.51288
6.50935
6.50581
6.50233
6.49893
6.49566
6.49255
6.48962
6.48689
6.48436
6.48203
6.47991
6.47798
6.47626
6.47472
6.47337
6.47221
6.47124
6.47048
6.46994
6.46965
6.46965
6.46998
6.47068
6.47182
6.47346
6.47567
6.4785
6.48203
6.48631
6.4914
6.49732
6.50409
6.51171
6.52016
6.52939
6.53935
6.54995
6.56109
6.57269
6.58463
6.5968
6.6091
6.62143
6.6337
6.64582
6.65773
6.66935
6.68064
6.69154
6.702
6.71199
6.72147
6.73038
6.7387
6.74638
6.75339
6.75969
6.76524
6.77001
6.77398
6.77714
6.77945
6.78094
6.78159
6.78143
6.78046
6.77873
6.77627
6.77313
6.76934
6.76498
6.76009
6.75474
6.74899
6.74292
6.7366
6.7301
6.72349
6.71685
6.71026
6.70379
6.69753
6.69155
6.68593
6.68076
6.6761
6.67205
6.66866
6.66603
6.6642
6.66326
6.66324
6.66421
6.66621
6.66925
6.67336
6.67854
6.68479
6.69209
6.7004
6.70967
6.71984
6.73082
6.74253
6.75486
6.76769
6.78089
6.79432
6.80784
6.82129
6.83453
6.84741
6.85978
6.8715
6.88244
6.89249
6.90152
6.90946
6.91621
6.9217
6.92589
6.92873
6.9302
6.93028
6.92897
6.9263
6.92229
6.91699
6.91045
6.90274
6.89395
6.88415
6.87346
6.862
6.84987
6.83721
6.82415
6.81082
6.79737
6.78391
6.77059
6.75753
6.74483
6.73259
6.72091
6.70986
6.69949
6.68985
6.68095
6.67281
6.66542
6.65877
6.65281
6.64751
6.64282
6.63869
6.63506
6.63188
6.62909
6.62665
6.62451
6.62264
6.62102
6.61961
6.6184
6.61739
6.61656
6.61589
6.61538
6.61501
6.61474
6.61456
6.6144
6.61424
6.61401
6.61366
6.61312
6.61234
6.61127
6.60984
6.60802
6.60577
6.60306
6.59987
6.59617
6.59196
6.58723
6.58199
6.57622
6.56994
6.56315
6.55585
6.54805
6.53976
6.531
6.52178
6.51212
6.50207
6.49165
6.48091
6.46992
6.45874
6.44745
6.43615
6.42493
6.4139
6.40317
6.39287
6.38312
6.37405
6.36577
6.35841
6.35207
6.34686
6.34288
6.3402
6.33889
6.339
6.34059
6.34366
6.34824
6.3543
6.36183
6.37078
6.38107
6.39263
6.40535
6.41909
6.43371
6.44905
6.46493
6.48119
6.49765
6.51413
6.53046
6.5465
6.5621
6.57716
6.59158
6.60528
6.61822
6.63038
6.64174
6.65232
6.66215
6.67124
6.67964
6.68739
6.6945
6.701
6.70689
6.71217
6.7168
6.72075
6.72399
6.72645
6.72809
6.72885
6.72869
6.72757
6.72546
6.72234
6.71821
6.71309
6.70698
6.69992
6.69196
6.68315
6.67354
6.6632
6.6522
6.64061
6.62851
6.61598
6.60308
6.5899
6.57651
6.56298
6.54937
6.53575
6.52218
6.50871
6.49541
6.48232
6.4695
6.457
6.44488
6.43319
6.42198
6.41133
6.4013
6.39195
6.38334
6.37556
6.36865
6.36269
6.35772
6.3538
6.35095
6.3492
6.34856
6.34902
6.35057
6.35318
6.35679
6.36137
6.36683
6.37312
