5.41771
5.41562
5.41269
5.40891
5.40427
5.39878
5.39243
5.38521
5.37712
5.36815
5.3583
5.34754
5.33588
5.3233
5.30979
5.29533
5.27993
5.26356
5.2462
5.22785
5.20849
5.1881
5.16667
5.14418
5.12062
5.09596
5.0702
5.04331
5.01528
4.9861
4.95574
4.92419
4.89145
4.85749
4.8223
4.78589
4.74822
4.70931
4.66915
4.62774
4.58507
4.54116
4.49602
4.44965
4.40208
4.35333
4.30343
4.2524
4.2003
4.14717
4.09305
4.03802
3.98213
3.92545
3.86808
3.81009
3.75157
3.69264
3.63339
3.57394
3.5144
3.45488
3.39553
3.33646
3.27779
3.21966
3.1622
3.10553
3.04978
2.99506
2.94149
2.88919
2.83826
2.78879
2.74089
2.69463
2.65009
2.60735
2.56646
2.52747
2.49042
2.45536
2.42231
2.39129
2.36231
2.33537
2.31046
2.28758
2.26671
2.24782
2.23088
2.21586
2.2027
2.19137
2.18181
2.17396
2.16777
2.16318
2.16011
2.15851
2.15829
2.1594
2.16176
2.16529
2.16993
2.1756
2.18223
2.18974
2.19807
2.20715
2.2169
2.22727
2.23817
2.24956
2.26136
2.27352
2.28598
2.29868
2.31156
2.32459
2.33769
2.35084
2.36399
2.37709
2.3901
2.40299
2.41572
2.42827
2.4406
2.45269
2.46451
2.47605
2.48729
2.49822
2.50882
2.51909
2.52902
2.53861
2.54785
2.55676
2.56533
2.57357
2.5815
2.58911
2.59643
2.60346
2.61022
2.61673
2.62299
2.62903
2.63485
2.64047
2.64591
2.65117
2.65627
2.66121
2.666
2.67064
2.67515
2.67951
2.68374
2.68782
2.69176
2.69556
2.6992
2.70268
2.706
2.70915
2.71212
2.7149
2.71749
2.71989
2.72207
2.72405
2.72582
2.72738
2.72871
2.72983
2.73073
2.73141
2.73188
2.73214
2.73219
2.73204
2.73169
2.73115
2.73042
2.72952
2.72844
2.72719
2.72579
2.72423
2.72252
2.72068
2.7187
2.71659
2.71435
2.71201
2.70954
2.70698
2.70431
2.70155
2.69869
2.69575
2.69273
2.68964
2.68648
2.68326
2.67999
2.67667
2.6733
2.66991
2.6665
2.66307
2.65964
2.6562
2.65279
2.64939
2.64603
2.6427
2.63943
2.63621
2.63306
2.62999
2.62699
2.62409
2.62127
2.61856
2.61596
2.61346
2.61108
2.60881
2.60666
2.60464
2.60274
2.60096
2.59931
2.59779
2.5964
2.59514
2.59401
2.59301
2.59214
2.5914
2.5908
2.59033
2.59
2.5898
2.58974
2.58982
2.59003
2.59039
2.59089
2.59153
2.59231
2.59323
2.5943
2.59552
2.59688
2.59839
2.60004
2.60184
2.60378
2.60587
2.6081
2.61048
2.61299
2.61564
2.61843
2.62135
2.6244
2.62758
2.63088
2.6343
2.63784
2.64149
2.64525
2.6491
2.65306
2.65711
2.66125
2.66546
2.66976
2.67412
2.67855
2.68303
2.68756
2.69214
2.69676
2.7014
2.70607
2.71075
2.71543
2.72012
2.7248
2.72946
2.73409
2.73869
2.74325
2.74775
2.75219
2.75655
2.76084
2.76503
2.76913
2.77311
2.77697
2.7807
2.78429
2.78773
2.79101
2.79412
2.79705
2.7998
2.80236
2.80471
2.80686
2.80879
2.81051
2.812
2.81326
2.81429
2.81508
2.81564
2.81597
2.81606
2.81591
2.81553
2.81491
2.81408
2.81301
2.81174
2.81025
2.80855
2.80666
2.80458
2.80232
2.79989
2.7973
2.79456
2.79169
2.78868
2.78555
2.78232
2.779
2.77559
2.7721
2.76856
2.76496
2.76132
2.75764
2.75393
2.75021
2.74648
2.74274
2.73901
2.73528
2.73157
2.72787
2.7242
2.72055
2.71693
2.71335
2.70981
2.70631
2.70285
2.69945
2.69611
2.69282
2.68961
2.68647
2.68341
2.68044
2.67757
2.6748
2.67215
2.66962
2.66722
2.66496
2.66285
2.6609
2.65911
2.65749
2.65605
2.6548
2.65374
2.65287
2.65219
2.65172
2.65143
2.65135
2.65146
2.65175
2.65222
2.65287
2.65368
2.65465
2.65577
2.65702
2.65839
2.65986
2.66144
2.66309
2.66481
2.66659
2.66841
2.67026
2.67212
2.67398
2.67584
2.67768
2.67949
2.68125
2.68298
2.68464
2.68625
2.68778
2.68925
2.69063
2.69193
2.69315
2.69429
2.69533
2.69629
2.69716
2.69793
2.69863
2.69923
2.69974
2.70018
2.70053
2.7008
2.70099
2.70111
2.70116
2.70113
2.70104
2.70089
2.70067
2.7004
2.70007
2.69969
2.69926
2.69878
2.69826
2.6977
2.69709
2.69646
2.69579
2.69508
2.69436
2.6936
2.69283
2.69203
2.69122
2.6904
2.68957
2.68873
2.68789
2.68705
2.68621
2.68539
2.68458
2.68379
2.68302
2.68228
2.68158
2.68091
2.68029
2.67973
2.67921
2.67876
2.67838
2.67807
2.67783
2.67768
2.67762
2.67764
2.67776
2.67797
2.67828
2.67869
2.6792
2.6798
2.68051
2.68131
2.6822
2.68318
2.68425
2.68539
2.68661
2.68789
2.68922
2.69061
2.69204
2.6935
2.69499
2.69649
2.69799
2.69949
2.70097
2.70242
2.70384
2.70521
2.70653
2.70779
2.70898
2.71008
2.7111
2.71202
2.71284
2.71355
2.71415
2.71463
2.71499
2.71522
2.71532
2.71529
2.71513
2.71483
2.71439
2.71382
2.71312
2.71229
2.71133
2.71025
2.70904
2.70772
2.70628
2.70474
2.7031
2.70137
2.69956
2.69766
2.6957
2.69368
2.69161
2.68949
2.68735
2.68518
2.683
2.68081
2.67864
2.67648
2.67435
2.67226
2.67021
2.66822
2.6663
2.66446
2.6627
2.66104
2.65947
2.65802
2.65668
2.65546
2.65437
2.65341
2.65258
2.65189
2.65134
2.65093
2.65065
2.65052
2.65052
2.65065
2.65092
2.65131
2.65182
2.65245
2.6532
2.65405
2.65501
2.65607
2.65722
2.65846
2.6598
2.66122
2.66272
2.6643
2.66596
2.6677
2.66952
2.67141
2.67339
2.67544
2.67757
2.67979
2.68208
2.68447
2.68693
2.68948
2.69212
2.69484
2.69766
2.70055
2.70353
2.7066
2.70974
2.71296
2.71626
2.71962
2.72305
2.72654
2.73008
2.73367
2.7373
2.74096
2.74464
2.74834
2.75205
2.75576
2.75946
2.76315
2.76681
2.77043
2.77402
2.77755
2.78102
2.78442
2.78775
2.791
2.79416
2.79721
2.80016
2.803
2.80572
2.80831
2.81077
2.81309
2.81527
2.81729
2.81916
2.82088
2.82242
2.8238
2.82501
2.82605
2.8269
2.82758
2.82808
2.82839
2.82852
2.82847
2.82824
2.82783
2.82723
2.82646
2.82551
2.82439
2.8231
2.82164
2.82003
2.81825
2.81633
2.81425
2.81204
2.80969
2.80721
2.80461
2.8019
2.79908
2.79616
2.79314
2.79004
2.78686
2.78362
2.78032
2.77696
2.77356
2.77013
2.76666
2.76318
2.75969
2.7562
2.75271
2.74923
2.74576
2.74232
2.73891
2.73552
2.73217
2.72887
2.7256
2.72238
2.71922
2.7161
2.71304
2.71003
2.70709
2.70421
2.7014
2.69866
2.69599
2.69339
2.69088
2.68845
2.68611
2.68386
2.68171
2.67965
2.6777
2.67586
2.67412
2.6725
2.67098
2.66958
2.6683
2.66712
2.66606
2.6651
2.66425
2.66349
2.66284
2.66227
2.66179
2.66139
2.66106
2.6608
2.66059
2.66044
2.66033
2.66027
2.66024
2.66025
2.66029
2.66035
2.66044
2.66056
2.66071
2.66089
2.6611
2.66134
2.66162
2.66195
2.66233
2.66276
2.66324
2.66379
2.6644
2.66508
2.66582
2.66663
2.66751
2.66846
2.66948
2.67055
2.67169
2.67287
2.67411
2.67538
2.67669
2.67803
2.67939
2.68076
2.68215
2.68354
2.68492
2.6863
2.68766
2.68901
2.69034
2.69165
2.69294
2.6942
2.69543
2.69665
2.69784
2.69901
2.70016
2.7013
2.70243
2.70355
2.70468
2.70581
2.70695
2.70811
2.7093
2.71052
2.71177
2.71307
2.71441
2.71581
2.71726
2.71878
2.72035
2.72198
2.72368
2.72543
2.72724
2.7291
2.731
2.73295
2.73492
2.73692
2.73894
2.74096
2.74298
2.745
2.74699
2.74895
2.75089
2.75278
2.75463
2.75643
2.75818
2.75988
2.76153
2.76313
2.76469
2.7662
2.76769
2.76915
2.77059
2.77202
2.77345
2.77489
2.77635
2.77784
2.77937
2.78095
2.78258
2.78426
2.78601
2.78781
2.78967
2.79159
2.79356
2.79556
2.79759
2.79964
2.80168
2.8037
2.80568
2.80761
2.80945
2.81119
2.81281
2.81428
2.81559
2.81671
2.81763
2.81834
2.81882
2.81905
2.81904
2.81877
2.81824
2.81745
2.81641
2.81511
2.81357
2.81179
2.80978
2.80756
2.80514
2.80253
2.79976
2.79684
2.79378
2.79061
2.78735
2.784
2.78059
2.77713
2.77364
2.77013
2.76662
2.76311
2.75962
2.75615
2.75271
2.7493
2.74594
2.74262
2.73935
2.73613
2.73296
2.72983
2.72676
2.72373
2.72075
2.71781
2.71491
2.71206
2.70925
2.70648
2.70374
2.70105
2.6984
2.69579
2.69322
2.69069
2.68822
2.68579
2.68341
2.68109
2.67883
2.67664
2.67451
2.67246
2.67048
2.66859
2.66679
2.66508
2.66347
2.66196
2.66055
2.65926
2.65808
2.65702
2.65609
2.65528
2.65459
2.65404
2.65362
2.65333
2.65318
2.65317
2.65329
2.65354
2.65393
2.65445
2.6551
2.65588
2.65678
2.65781
2.65895
2.6602
2.66156
2.66303
2.66459
2.66624
2.66797
2.66979
2.67167
2.67362
2.67564
2.6777
2.67981
2.68197
2.68416
2.68638
2.68863
2.69089
2.69317
2.69546
2.69775
2.70004
2.70233
2.70461
2.70687
2.70912
2.71134
2.71353
2.71569
2.7178
2.71987
2.72188
2.72384
2.72573
2.72756
2.7293
2.73096
2.73253
2.734
2.73537
2.73662
2.73777
2.73879
2.73968
2.74045
2.74108
2.74157
2.74193
2.74214
2.74222
2.74215
2.74194
2.74159
2.74111
2.74049
2.73975
2.73888
2.7379
2.7368
2.73561
2.73432
2.73295
2.73149
2.72997
2.72839
2.72675
2.72508
2.72336
2.72163
2.71987
2.7181
2.71633
2.71456
2.7128
2.71105
2.70932
2.70761
2.70592
2.70426
2.70262
2.70101
2.69943
2.69788
2.69635
2.69484
2.69335
2.69189
2.69044
2.689
2.68756
2.68614
2.68471
2.68327
2.68182
2.68036
2.67889
2.67739
2.67586
2.6743
2.67271
2.67109
2.66943
2.66774
2.66601
2.66424
2.66245
2.66063
2.65878
2.65692
2.65505
2.65317
2.6513
2.64944
2.64761
2.64582
2.64407
2.64239
2.64077
2.63923
2.63779
2.63645
2.63522
2.63411
2.63314
2.63231
2.63162
2.63109
2.63072
2.63051
2.63047
2.6306
2.6309
2.63137
2.63201
2.63283
2.63381
2.63495
2.63625
2.63771
2.63931
2.64105
2.64292
2.64491
2.64702
2.64923
2.65153
2.65391
2.65637
2.65888
2.66145
2.66405
2.66669
2.66935
2.67202
2.67469
2.67736
2.68002
2.68266
2.68528
2.68787
2.69042
2.69294
2.69542
2.69785
2.70024
2.70258
2.70486
2.7071
2.70928
2.71141
2.71348
2.7155
2.71746
2.71936
2.72121
2.723
2.72474
2.72642
2.72804
2.72961
2.73112
2.73258
2.73399
2.73534
2.73665
2.73791
2.73912
2.74029
2.74142
2.74252
2.74358
2.74461
2.74562
2.7466
2.74756
2.74851
2.74946
2.75039
2.75133
2.75227
2.75321
2.75417
2.75513
2.75612
2.75712
2.75814
2.75919
2.76026
2.76136
2.76249
2.76365
2.76484
2.76606
2.76731
2.76859
2.7699
2.77124
2.77262
2.77402
2.77545
2.7769
2.77838
2.77987
2.78138
2.7829
2.78442
2.78593
2.78744
2.78892
2.79038
2.7918
2.79318
2.7945
2.79575
2.79694
2.79804
2.79905
2.79996
2.80077
2.80147
2.80206
2.80252
2.80287
2.80309
2.80319
2.80317
2.80303
2.80277
2.80239
2.80191
2.80132
2.80064
2.79986
2.79899
2.79805
2.79703
2.79595
2.7948
2.79361
2.79238
2.79111
2.78981
2.78848
2.78715
2.7858
2.78446
2.78313
2.78181
2.78051
2.77925
2.77802
2.77684
2.77571
2.77464
2.77365
2.77272
2.77188
2.77114
2.77048
2.76994
2.7695
2.76918
2.76898
2.76891
2.76897
2.76917
2.76951
2.76999
2.77061
2.77138
2.7723
2.77337
2.77458
2.77595
2.77746
2.77911
2.7809
2.78284
2.7849
2.7871
2.78943
2.79187
2.79442
2.79709
2.79985
2.8027
2.80563
2.80864
2.81171
2.81483
2.81799
2.82119
2.82441
2.82763
2.83085
2.83405
2.83723
2.84036
2.84344
2.84645
2.84938
2.85222
2.85495
2.85757
2.86006
2.86242
2.86462
2.86667
2.86855
2.87025
2.87176
2.87308
2.8742
2.87511
2.8758
2.87628
2.87654
2.87657
2.87637
2.87594
2.87528
2.87438
2.87326
2.8719
2.8703
2.86849
2.86644
2.86418
2.8617
2.85901
2.85612
2.85303
2.84976
2.8463
2.84268
2.83889
2.83496
2.83089
2.8267
2.8224
2.818
2.81352
2.80898
2.80438
2.79975
2.79509
2.79043
2.78578
2.78116
2.77658
2.77206
2.76761
2.76324
2.75898
2.75482
2.75078
2.74687
2.74309
2.73947
2.73599
2.73266
2.72949
2.72648
2.72362
2.72092
2.71836
2.71596
2.71369
2.71156
2.70955
2.70766
2.70588
2.7042
2.70261
2.7011
2.69966
2.69828
2.69695
2.69566
2.69442
2.69319
2.69199
2.6908
2.68962
2.68845
2.68727
2.68609
2.68491
2.68372
2.68252
2.68132
2.68011
2.6789
2.67768
2.67647
2.67525
2.67405
2.67285
2.67167
2.6705
2.66935
2.66823
2.66713
2.66607
2.66503
2.66404
2.66309
2.66219
2.66133
2.66053
2.65978
2.6591
2.65847
2.65791
2.65742
2.657
2.65666
2.65639
2.6562
2.65609
2.65607
2.65613
2.65629
2.65653
2.65686
2.65729
2.65781
2.65843
2.65914
2.65995
2.66086
2.66186
2.66296
2.66416
2.66545
2.66684
2.66833
2.6699
2.67157
2.67333
2.67518
2.67712
2.67915
2.68126
2.68346
2.68575
2.68812
2.69058
2.69312
2.69575
2.69845
2.70124
2.7041
2.70704
2.71006
2.71315
2.71631
2.71953
2.72282
2.72617
2.72958
2.73303
2.73652
2.74006
2.74362
2.74721
2.75082
2.75443
2.75805
2.76166
2.76526
2.76884
2.77238
2.77589
2.77934
2.78274
2.78608
2.78934
2.79253
2.79563
2.79863
2.80152
2.80431
2.80699
2.80954
2.81196
2.81425
2.8164
2.81841
2.82027
2.82199
2.82354
2.82495
2.82619
2.82728
2.82821
2.82898
2.8296
2.83006
2.83037
2.83053
2.83056
2.83044
2.8302
2.82984
2.82936
2.82877
2.82809
2.82732
2.82648
2.82556
2.8246
2.82358
2.82254
2.82146
2.82038
2.81929
2.8182
2.81712
2.81606
2.81503
2.81403
2.81307
2.81214
2.81126
2.81042
2.80962
2.80887
2.80815
2.80748
2.80685
2.80624
2.80566
2.80511
2.80457
2.80404
2.80351
2.80298
2.80243
2.80187
2.80127
2.80064
2.79996
2.79924
2.79845
2.79759
2.79666
2.79564
2.79454
2.79333
2.79203
2.79062
2.78909
2.78745
2.78569
2.78381
2.78181
2.77968
2.77742
2.77504
2.77254
2.76992
2.76719
2.76435
2.7614
2.75836
2.75522
2.75201
2.74873
2.74538
2.74199
2.73855
2.73509
2.73162
2.72814
2.72468
2.72124
2.71784
2.71449
2.71121
2.70802
2.70491
2.70192
2.69905
2.69632
2.69373
2.69131
2.68906
2.687
2.68514
2.68348
2.68204
2.68082
2.67983
2.67909
2.67858
2.67832
2.6783
2.67854
2.67902
2.67974
2.6807
2.6819
2.68333
2.68498
2.68683
2.68889
2.69113
2.69355
2.69613
2.69886
2.70171
2.70469
2.70776
2.71091
2.71413
2.7174
2.72071
2.72402
2.72734
2.73065
2.73392
2.73716
2.74034
2.74345
2.74648
2.74943
2.75228
2.75504
2.75769
2.76023
2.76265
2.76497
2.76717
2.76926
2.77124
2.77311
2.77488
2.77654
2.7781
2.77956
2.78092
2.78219
2.78336
2.78444
2.78541
2.78628
2.78705
2.7877
2.78824
2.78866
2.78895
2.7891
2.78912
2.78898
2.78869
2.78824
2.78762
2.78684
2.78588
2.78475
2.78344
2.78195
2.78028
2.77844
2.77643
2.77425
2.77191
2.7694
2.76675
2.76396
2.76103
2.75797
2.75479
2.75151
2.74814
2.74467
2.74113
2.73753
2.73387
2.73016
2.72642
2.72266
2.71889
2.71511
2.71134
2.70757
2.70384
2.70013
2.69646
2.69283
2.68926
2.68574
2.68229
2.67891
2.6756
2.67238
2.66925
2.66622
2.66329
2.66046
2.65775
2.65516
2.6527
2.65037
2.64818
2.64615
2.64426
2.64254
2.64099
2.63962
2.63842
2.63741
2.63659
2.63597
2.63553
2.6353
2.63526
2.63542
2.63578
2.63632
2.63704
2.63795
2.63902
2.64025
2.64163
2.64314
2.64478
2.64654
2.64838
2.65031
2.6523
2.65434
2.65642
2.65851
2.66061
2.6627
2.66476
2.66678
2.66876
2.67067
2.6725
2.67425
2.67591
2.67746
2.67891
2.68024
2.68145
2.68254
2.6835
2.68433
2.68503
2.68559
2.68601
2.6863
2.68645
2.68646
2.68634
2.68608
2.68568
2.68515
2.68449
2.6837
2.68277
2.68172
2.68054
2.67924
2.67782
2.67627
2.67462
2.67286
2.67099
2.66902
2.66697
2.66483
2.66261
2.66033
2.658
2.65562
2.6532
2.65077
2.64833
2.64589
2.64348
2.6411
2.63877
2.6365
2.63431
2.63222
2.63023
2.62836
2.62662
2.62503
2.62359
2.62231
2.6212
2.62027
2.61952
2.61897
2.6186
2.61843
2.61846
2.61867
2.61909
2.61969
2.62048
2.62145
2.62259
2.62391
2.62538
2.62701
2.62878
2.63069
2.63272
2.63487
2.63712
2.63947
2.64189
2.64439
2.64695
2.64957
2.65222
2.6549
2.65761
2.66032
2.66304
2.66575
2.66845
2.67112
2.67376
2.67635
2.6789
2.68139
2.68381
2.68616
2.68843
2.69061
2.6927
2.69469
2.69657
2.69835
2.70001
2.70155
2.70297
2.70426
2.70543
2.70647
2.70738
2.70817
2.70883
2.70936
2.70977
2.71006
2.71024
2.7103
2.71025
2.71009
2.70984
2.70948
2.70904
2.7085
2.70787
2.70716
2.70637
2.70551
2.70456
2.70355
2.70246
2.7013
2.70007
2.69877
2.69741
2.69598
2.69448
2.69292
2.69129
2.6896
2.68784
2.68602
2.68414
2.6822
2.6802
2.67815
2.67604
2.67389
2.6717
2.66948
2.66722
2.66495
2.66266
2.66036
2.65807
2.65579
2.65354
2.65132
2.64915
2.64704
2.64499
2.64303
2.64117
2.6394
2.63775
2.63623
2.63484
2.63359
2.63249
2.63155
2.63076
2.63014
2.62969
2.6294
2.62928
2.62933
2.62954
2.62991
2.63043
2.6311
2.63191
2.63286
2.63393
2.63512
2.63641
2.63781
2.63929
2.64085
2.64248
2.64416
2.64589
2.64767
2.64948
2.65131
2.65315
2.65501
2.65688
2.65875
2.66061
2.66248
2.66434
2.6662
2.66806
2.66991
2.67177
2.67364
2.67552
2.67741
2.67933
2.68127
2.68324
2.68525
2.68731
2.68941
2.69157
2.69378
2.69605
2.69839
2.70079
2.70326
2.7058
2.70841
2.71108
2.71382
2.71663
2.7195
2.72242
2.72539
2.72841
2.73147
2.73456
2.73767
2.7408
2.74394
2.74708
2.75021
2.75332
2.75639
2.75943
2.76242
2.76535
2.76821
2.77099
2.77368
2.77627
2.77875
2.78111
2.78335
2.78545
2.78741
2.78923
2.79088
2.79238
2.79371
2.79487
2.79585
2.79665
2.79727
2.79771
2.79797
2.79804
2.79792
2.79762
2.79714
2.79648
2.79564
2.79463
2.79346
2.79212
2.79062
2.78897
2.78717
2.78523
2.78317
2.78098
2.77867
2.77625
2.77374
2.77113
2.76844
2.76567
2.76283
2.75992
2.75696
2.75396
2.75091
2.74782
2.7447
2.74155
2.73837
2.73517
2.73196
2.72872
2.72547
2.7222
2.71892
2.71562
2.71231
2.70897
2.70562
2.70224
2.69883
2.6954
2.69194
2.68845
2.68493
2.68137
2.67777
2.67414
2.67046
2.66675
2.663
2.65921
2.65539
2.65153
2.64765
2.64374
2.63981
2.63587
2.63193
2.62798
2.62404
2.62012
2.61623
2.61238
2.60857
2.60482
2.60115
2.59755
2.59405
2.59064
2.58736
2.5842
2.58117
2.57828
2.57555
2.57298
2.57058
2.56836
2.56632
2.56446
2.56279
2.56131
2.56003
2.55894
2.55805
2.55735
2.55683
2.55651
2.55636
2.55639
2.5566
2.55697
2.5575
2.55818
2.559
2.55996
2.56105
2.56226
2.56358
2.56501
2.56653
2.56815
2.56984
2.57161
2.57345
2.57535
2.57731
2.57931
2.58137
2.58346
2.58559
2.58775
2.58994
2.59216
2.5944
2.59665
2.59892
2.6012
2.6035
2.6058
2.6081
2.6104
2.61271
2.61501
2.61731
2.6196
2.62188
2.62416
2.62642
2.62867
2.6309
2.63312
2.63532
2.6375
2.63966
2.64181
2.64394
2.64605
2.64814
2.6502
2.65225
2.65428
2.65629
2.65828
2.66024
2.66218
2.6641
2.66598
2.66784
2.66966
2.67145
2.6732
2.67491
2.67657
2.67818
2.67973
2.68122
2.68265
2.68401
2.68529
2.68649
2.68761
2.68864
2.68957
2.69041
2.69115
2.69179
2.69233
2.69276
2.69308
2.6933
2.69341
2.69342
2.69332
2.69312
2.69282
2.69243
2.69194
2.69137
2.69071
2.68998
2.68918
2.68831
2.68737
2.68639
2.68535
2.68428
2.68316
2.68202
2.68085
2.67967
2.67847
2.67726
2.67605
2.67484
2.67364
2.67245
2.67128
2.67012
2.66898
2.66787
2.66678
2.66571
2.66468
2.66368
2.6627
2.66176
2.66084
2.65996
2.6591
2.65828
2.65748
2.65671
2.65596
2.65523
2.65453
2.65385
2.65319
2.65255
2.65192
2.65131
2.65072
2.65014
2.64957
2.64902
2.64848
2.64795
2.64743
2.64693
2.64644
2.64597
2.64551
2.64507
2.64464
2.64423
2.64385
2.64348
2.64313
2.6428
2.6425
2.64222
2.64197
2.64174
2.64154
2.64136
2.64121
2.64109
2.64099
2.64092
2.64088
2.64086
2.64086
2.6409
2.64095
2.64103
2.64112
2.64124
2.64137
2.64152
2.64168
2.64185
2.64203
2.64222
2.6424
2.64258
2.64276
2.64292
2.64307
2.6432
2.6433
2.64338
2.64341
2.64341
2.64337
2.64327
2.64312
2.6429
2.64263
2.64228
2.64187
2.64138
2.64081
2.64016
2.63944
2.63863
2.63774
2.63678
2.63573
2.63461
2.63341
2.63214
2.63081
2.62941
2.62795
2.62644
2.62488
2.62327
2.62163
2.61995
2.61825
2.61652
2.61479
2.61304
2.61129
2.60955
2.60782
2.60611
2.60443
2.60278
2.60118
2.59964
2.59816
2.59674
2.59541
2.59417
2.59303
2.59199
2.59107
2.59026
2.58958
2.58904
2.58863
2.58836
2.58824
2.58826
2.58842
2.58873
2.58918
2.58976
2.59048
2.59133
2.5923
2.59338
2.59457
2.59586
2.59724
2.59869
2.60022
2.6018
2.60343
2.60509
2.60677
2.60846
2.61015
2.61183
2.61347
2.61507
2.61662
2.6181
2.6195
2.6208
2.62201
2.6231
2.62407
2.6249
2.62559
2.62613
2.62652
2.62674
2.62679
2.62668
2.62638
2.62591
2.62527
2.62444
2.62344
2.62227
2.62092
2.6194
2.61773
2.61589
2.6139
2.61177
2.6095
2.6071
2.60457
2.60193
2.59919
2.59634
2.59341
2.59041
2.58733
2.5842
2.58102
2.5778
2.57456
2.5713
2.56805
2.5648
2.56157
2.55837
2.55522
2.55213
2.54911
2.54617
2.54332
2.54059
2.53797
2.53548
2.53313
2.53094
2.52892
2.52707
2.5254
2.52393
2.52267
2.52162
2.52079
2.5202
2.51983
2.51971
2.51983
2.5202
2.52082
2.52169
2.52282
2.52421
2.52585
2.52774
2.52988
2.53227
2.53491
2.53778
2.54089
2.54422
2.54777
2.55153
2.55549
2.55965
2.56398
2.56848
2.57314
2.57795
2.58288
2.58794
2.59309
2.59833
2.60365
2.60902
2.61443
2.61986
2.6253
2.63072
2.63613
2.64148
2.64678
2.65201
2.65715
2.66218
2.6671
2.67189
2.67654
2.68105
2.68539
2.68958
2.69359
2.69743
2.70108
2.70456
2.70786
2.71098
2.71393
2.7167
2.7193
2.72175
2.72403
2.72617
2.72817
2.73004
2.73179
2.73343
2.73496
2.7364
2.73775
2.73903
2.74024
2.74139
2.74248
2.74353
2.74454
2.7455
2.74644
2.74734
2.74821
2.74904
2.74986
2.75064
2.75138
2.7521
2.75278
2.75342
2.75402
2.75458
2.75509
2.75555
2.75595
2.7563
2.75658
2.7568
2.75696
2.75704
2.75705
2.75698
2.75683
2.7566
2.75629
2.75589
2.7554
2.75483
2.75416
2.7534
2.75254
2.75159
2.75054
2.74938
2.74813
2.74676
2.74529
2.74371
2.74202
2.74021
2.73828
2.73624
2.73407
2.73178
2.72935
2.7268
2.72412
2.7213
2.71835
2.71525
2.71202
2.70865
2.70514
2.70149
2.6977
2.69377
2.6897
2.68549
2.68116
2.67669
2.67209
2.66738
2.66255
2.6576
2.65255
2.64741
2.64217
2.63684
2.63144
2.62598
2.62045
2.61488
2.60927
2.60363
2.59797
2.5923
2.58663
2.58098
2.57535
2.56975
2.56421
2.55872
2.5533
2.54796
2.54271
2.53757
2.53254
2.52763
2.52286
2.51824
2.51378
2.50949
2.50537
2.50144
2.49772
2.4942
2.4909
2.48782
2.48498
2.48238
2.48003
2.47793
2.47609
2.4745
2.47318
2.47212
2.47132
2.47078
2.47049
2.47045
2.47065
2.47109
2.47174
2.47261
2.47366
2.4749
2.47631
2.47786
2.47955
2.48134
2.48323
2.4852
2.48722
2.48928
2.49136
2.49344
2.49552
2.49756
2.49956
2.5015
2.50338
2.50519
2.50691
2.50853
2.51006
2.51149
2.51282
2.51404
2.51516
2.51618
2.51711
2.51794
2.51869
2.51936
2.51996
2.5205
2.52098
2.52143
2.52184
2.52222
2.5226
2.52297
2.52336
2.52376
2.5242
2.52468
2.52521
2.5258
2.52646
2.52719
2.52801
2.52892
2.52993
2.53104
2.53225
2.53357
2.53501
2.53656
2.53823
2.54001
2.54191
2.54392
2.54605
2.54829
2.55064
2.55309
2.55565
2.5583
2.56105
2.56389
2.56682
2.56982
2.5729
2.57605
2.57926
2.58254
2.58586
2.58924
2.59265
2.59611
2.59959
2.60311
2.60664
2.61019
2.61374
2.6173
2.62086
2.62442
2.62795
2.63147
2.63497
2.63843
2.64186
2.64524
2.64857
2.65185
2.65506
2.65821
2.66128
2.66426
2.66716
2.66996
2.67266
2.67525
2.67773
2.68008
2.68231
2.6844
2.68635
2.68816
2.68982
2.69132
2.69266
2.69384
2.69485
2.69568
2.69634
2.69682
2.69712
2.69724
2.69716
2.69691
2.69646
2.69582
2.695
2.69399
2.69279
2.69141
2.68984
2.6881
2.68618
2.68409
2.68184
2.67943
2.67686
2.67415
2.6713
2.66833
2.66523
2.66203
2.65873
2.65534
2.65189
2.64837
2.6448
2.6412
2.63759
2.63396
2.63035
2.62676
2.62321
2.61971
2.61628
2.61292
2.60966
2.60649
2.60344
2.60051
2.59771
2.59504
2.59252
2.59014
2.58791
2.58583
2.5839
2.58211
2.58046
2.57896
2.57758
2.57633
2.57519
2.57415
2.5732
2.57234
2.57153
2.57078
2.57007
2.56938
2.5687
2.56802
2.56731
2.56656
2.56577
2.56492
2.56399
2.56298
2.56187
2.56067
2.55935
2.55792
2.55638
2.55471
2.55293
2.55104
2.54903
2.54692
2.54471
2.54242
2.54005
2.53762
2.53514
2.53264
2.53012
2.52761
2.52513
2.52269
2.52032
2.51803
2.51586
2.51381
2.51191
2.51018
2.50864
2.5073
2.50618
2.5053
2.50466
2.50429
2.50418
2.50436
2.50482
2.50557
2.50661
2.50795
2.50959
2.51153
2.51376
2.51628
2.51909
2.52217
2.52553
2.52915
2.53303
2.53716
2.54152
2.5461
2.5509
2.55589
2.56108
2.56644
2.57196
2.57762
2.58342
2.58934
2.59535
2.60146
2.60763
2.61386
2.62013
2.62643
2.63273
2.63903
2.64531
2.65154
2.65773
2.66385
2.66989
2.67583
2.68167
2.68739
2.69298
2.69843
2.70373
2.70887
2.71384
2.71865
2.72327
2.72771
2.73196
2.73602
2.73989
2.74357
2.74705
2.75035
2.75345
2.75637
2.75911
2.76166
2.76405
2.76625
2.7683
2.77018
2.77191
2.77349
2.77492
2.77622
2.77739
2.77843
2.77934
2.78015
2.78084
2.78143
2.78192
2.78231
2.78261
2.78282
2.78295
2.78301
2.78298
2.78289
2.78272
2.78249
2.78219
2.78183
2.7814
2.78092
2.78037
2.77977
2.77911
2.77839
2.77761
2.77678
2.77589
2.77493
2.77392
2.77285
2.77171
2.77051
2.76925
2.76792
2.76653
2.76507
2.76354
2.76194
2.76027
2.75853
2.75673
2.75486
2.75292
2.75092
2.74885
2.74673
2.74455
2.74231
2.74002
2.73769
2.73532
2.73292
2.73048
2.72802
2.72555
2.72307
2.72058
2.7181
2.71562
2.71317
2.71074
2.70835
2.70599
2.70368
2.70142
2.69923
2.69709
2.69503
2.69304
2.69113
2.6893
2.68755
2.6859
2.68433
2.68286
2.68148
2.6802
2.679
2.6779
2.67689
2.67597
2.67513
2.67438
2.67371
2.67311
2.67259
2.67214
2.67175
2.67143
2.67115
2.67093
2.67076
2.67063
2.67054
2.67049
2.67047
2.67048
2.67051
2.67057
2.67065
2.67075
2.67088
2.67102
2.67118
2.67137
2.67158
2.67181
2.67207
2.67235
2.67267
2.67301
2.67338
2.67379
2.67423
2.6747
2.67521
2.67575
2.67633
2.67693
2.67757
2.67823
2.67892
2.67962
2.68035
2.68108
2.68182
2.68256
2.6833
2.68402
2.68473
2.68542
2.68607
2.68669
2.68727
2.68779
2.68827
2.68868
2.68902
2.68929
2.68949
2.6896
2.68962
2.68955
2.68939
2.68913
2.68876
2.68829
2.68772
2.68704
2.68624
2.68534
2.68433
2.68321
2.68198
2.68064
2.67919
2.67764
2.67599
2.67425
2.6724
2.67047
2.66845
2.66635
2.66417
2.66193
2.65961
2.65724
2.65482
2.65235
2.64984
2.6473
2.64473
2.64215
2.63956
2.63696
2.63437
2.63179
2.62922
2.62668
2.62417
2.62169
2.61925
2.61686
2.61451
2.61222
2.60999
2.60781
2.6057
2.60366
2.60168
2.59977
2.59793
2.59617
2.59448
2.59286
2.59131
2.58985
2.58845
2.58714
2.58589
2.58473
2.58364
2.58263
2.58169
2.58083
2.58005
2.57934
2.57871
2.57816
2.57767
2.57727
2.57693
2.57666
2.57646
2.57633
2.57627
2.57627
2.57633
2.57644
2.57661
2.57684
2.57711
2.57744
2.5778
2.57821
2.57865
2.57913
2.57964
2.58019
2.58076
2.58135
2.58197
2.5826
2.58326
2.58393
2.58462
2.58532
2.58604
2.58677
2.58751
2.58826
2.58903
2.58981
2.59061
2.59142
2.59224
2.59309
2.59396
2.59485
2.59576
2.5967
2.59767
2.59867
2.59971
2.60078
2.60189
2.60304
2.60423
2.60546
2.60674
2.60806
2.60943
2.61084
2.6123
2.6138
2.61534
2.61693
2.61856
2.62023
2.62193
2.62367
2.62544
2.62723
2.62905
2.63089
2.63274
2.6346
2.63646
2.63832
2.64018
2.64203
2.64386
2.64566
2.64744
2.64918
2.65089
2.65255
2.65416
2.65571
2.65721
2.65864
2.65999
2.66127
2.66247
2.66359
2.66461
2.66554
2.66637
2.6671
2.66772
2.66823
2.66863
2.66892
2.66908
2.66912
2.66905
2.66885
2.66852
2.66808
2.66751
2.66682
2.66601
2.66508
2.66405
2.6629
2.66165
2.66029
2.65884
2.65731
2.65568
2.65398
2.65221
2.65038
2.64848
2.64654
2.64455
2.64253
2.64047
2.6384
2.63631
2.63421
2.63211
2.63001
2.62792
2.62584
2.62379
2.62177
2.61977
2.61781
2.61589
2.61401
2.61217
2.61039
2.60865
2.60696
2.60533
2.60374
2.60221
2.60073
2.5993
2.59791
2.59657
2.59527
2.59401
2.59278
2.59158
2.59041
2.58926
2.58811
2.58698
2.58584
2.5847
2.58355
2.58237
2.58116
2.57991
2.57862
2.57728
2.57588
2.57441
2.57286
2.57123
2.56951
2.5677
2.56579
2.56377
2.56165
2.55941
2.55706
2.55459
2.55201
2.5493
2.54649
2.54355
2.54051
2.53737
2.53412
2.53078
2.52736
2.52386
2.52029
2.51667
2.513
2.5093
2.50558
2.50186
2.49814
2.49445
2.49079
2.48719
2.48366
2.48021
2.47686
2.47363
2.47053
2.46757
2.46477
2.46214
2.45969
2.45744
2.45539
2.45355
2.45194
2.45055
2.44939
2.44846
2.44777
2.44732
2.4471
2.44711
2.44735
2.44782
2.44851
2.44941
2.45052
2.45182
2.45332
2.45499
2.45684
2.45885
2.46101
2.46332
2.46576
2.46834
2.47104
2.47385
2.47677
2.4798
2.48293
2.48616
2.48947
2.49288
2.49638
2.49996
2.50362
2.50737
2.5112
2.51511
2.51909
2.52316
2.52729
2.5315
2.53578
2.54011
2.54451
2.54895
2.55345
2.55798
2.56254
2.56713
2.57173
2.57633
2.58094
2.58552
2.59009
2.59462
2.59911
2.60354
2.60792
2.61223
2.61645
2.6206
2.62465
2.6286
2.63244
2.63618
2.6398
2.64331
2.64669
2.64995
2.65308
2.65609
2.65897
2.66172
2.66435
2.66685
2.66923
2.67149
2.67364
2.67567
2.67759
2.67941
2.68113
2.68275
2.68428
2.68572
2.68708
2.68837
2.68959
2.69074
2.69184
2.69288
2.69387
2.69482
2.69572
2.69659
2.69743
2.69824
2.69902
2.69977
2.7005
2.70121
2.70189
2.70256
2.7032
2.70381
2.7044
2.70496
2.70548
2.70597
2.70641
2.70681
2.70716
2.70744
2.70767
2.70782
2.70789
2.70789
2.70779
2.70759
2.7073
2.70689
2.70637
2.70574
2.70498
2.7041
2.70309
2.70195
2.70068
2.69927
2.69774
2.69607
2.69428
2.69236
2.69031
2.68815
2.68588
2.68349
2.68101
2.67843
2.67576
2.67302
2.6702
2.66732
2.66438
2.66141
2.65839
2.65535
2.65229
2.64921
2.64614
2.64308
2.64003
2.63701
2.63402
2.63106
2.62815
2.62529
2.62248
2.61974
2.61705
2.61444
2.61189
2.60942
2.60701
2.60469
2.60244
2.60026
2.59817
2.59614
2.59419
2.59231
2.59051
2.58877
2.58709
2.58548
2.58393
2.58243
2.58099
2.57959
2.57824
2.57693
2.57565
2.57441
2.57319
2.572
2.57082
2.56966
2.56851
2.56737
2.56623
2.56509
2.56395
2.5628
2.56165
2.56049
2.55931
2.55813
2.55694
2.55573
2.55451
2.55329
2.55206
2.55082
2.54959
2.54835
2.54712
2.5459
2.5447
2.54351
2.54236
2.54123
2.54014
2.53909
2.53809
2.53714
2.53626
2.53544
2.53469
2.53401
2.53342
2.5329
2.53247
2.53213
2.53187
2.53171
2.53162
2.53163
2.53171
2.53187
2.53211
2.53241
2.53277
2.53318
2.53363
2.53412
2.53463
2.53516
2.5357
2.53623
2.53676
2.53725
2.53772
2.53815
2.53854
2.53887
2.53915
2.53936
2.53951
2.53959
2.53961
2.53955
2.53942
2.53922
2.53896
2.53863
2.53825
2.53782
2.53733
2.53681
2.53625
2.53567
2.53507
2.53446
2.53385
2.53325
2.53266
2.5321
2.53157
2.53109
2.53065
2.53028
2.52997
2.52973
2.52957
2.5295
2.52952
2.52964
2.52985
2.53018
2.53061
2.53115
2.5318
2.53256
2.53344
2.53443
2.53553
2.53675
2.53808
2.53952
2.54106
2.54271
2.54447
2.54633
2.54828
2.55033
2.55248
2.55472
2.55704
2.55945
2.56194
2.5645
2.56714
2.56984
2.5726
2.57541
2.57827
2.58117
2.58409
2.58704
2.58999
2.59295
2.5959
2.59883
2.60172
2.60458
2.60738
2.61012
2.61279
2.61538
2.61788
2.62029
2.6226
2.6248
2.62689
2.62888
2.63074
2.6325
2.63414
2.63567
2.63709
2.63841
2.63962
2.64073
2.64176
2.6427
2.64355
2.64434
2.64506
2.64572
2.64633
2.64689
2.64742
2.64791
2.64838
2.64883
2.64926
2.64968
2.6501
2.65052
2.65094
2.65137
2.6518
2.65223
2.65268
2.65312
2.65357
2.65403
2.65448
2.65492
2.65536
2.65578
2.65618
2.65655
2.65689
2.65718
2.65743
2.65763
2.65776
2.65781
2.6578
2.65769
2.65749
2.6572
2.65679
2.65628
2.65564
2.65489
2.654
2.65298
2.65183
2.65054
2.64911
2.64753
2.64582
2.64396
2.64196
2.63982
2.63754
2.63511
2.63256
2.62987
2.62705
2.6241
2.62103
2.61784
2.61454
2.61112
2.6076
2.60397
2.60024
2.59642
2.5925
2.5885
2.58441
2.58024
2.57599
2.57167
2.56728
2.56283
2.55831
2.55373
2.5491
2.54442
2.53969
2.53491
2.5301
2.52526
2.52039
2.5155
2.51059
2.50567
2.50075
2.49583
2.49092
2.48603
2.48117
2.47634
2.47156
2.46683
2.46216
2.45757
2.45306
2.44864
2.44432
2.44012
2.43604
2.4321
2.42829
2.42463
2.42112
2.41777
2.41458
2.41155
2.40869
2.406
2.40347
2.4011
2.39888
2.39681
2.39488
2.39309
2.39142
2.38987
2.38843
2.38709
2.38584
2.38467
2.38358
2.38256
2.3816
2.3807
2.37985
2.37905
2.3783
2.37761
2.37696
2.37637
2.37583
2.37535
2.37493
2.37458
2.3743
2.37411
2.374
2.37399
2.37408
2.37428
2.3746
2.37503
2.3756
2.3763
2.37715
2.37813
2.37926
2.38054
2.38196
2.38353
2.38525
2.3871
2.38909
2.3912
2.39343
2.39577
2.3982
2.40072
2.40331
2.40596
2.40865
2.41136
2.41408
2.4168
2.41949
2.42215
2.42476
2.42729
2.42974
2.4321
2.43436
2.43649
2.4385
2.44038
2.44211
2.4437
2.44515
2.44644
2.44759
2.4486
2.44946
2.4502
2.4508
2.4513
2.45168
2.45198
2.4522
2.45235
2.45245
2.45253
2.45258
2.45264
2.45271
2.45281
2.45295
2.45314
2.45341
2.45374
2.45416
2.45466
2.45525
2.45592
2.45669
2.45754
2.45846
2.45946
2.46052
2.46164
2.4628
2.464
2.46524
2.46649
2.46775
2.46903
2.4703
2.47157
2.47283
2.47409
2.47534
2.47658
2.47782
2.47907
2.48032
2.48159
2.48288
2.48421
2.48558
2.487
2.48848
2.49004
2.49169
2.49343
2.49527
2.49722
2.4993
2.5015
2.50383
2.50631
2.50891
2.51166
2.51455
2.51758
2.52073
2.52402
2.52742
2.53094
2.53456
2.53827
2.54205
2.54591
2.54982
2.55376
2.55773
2.5617
2.56567
2.56961
2.57352
2.57737
2.58115
2.58486
2.58847
2.59197
2.59536
2.59861
2.60174
2.60471
2.60754
2.6102
2.61271
2.61505
2.61721
2.61921
2.62103
2.62268
2.62415
2.62545
2.62658
2.62754
2.62833
2.62896
2.62942
2.62973
2.62987
2.62986
2.6297
2.6294
2.62894
2.62835
2.62761
2.62673
2.62572
2.62458
2.62331
2.62191
2.62038
2.61873
2.61697
2.61508
2.61308
2.61098
2.60876
2.60645
2.60405
2.60155
2.59897
2.59631
2.59359
2.5908
2.58796
2.58508
2.58216
2.57922
2.57627
2.57331
2.57036
2.56743
2.56454
2.56168
2.55888
2.55614
2.55347
2.55089
2.54841
2.54603
2.54376
2.54161
2.5396
2.53772
2.53598
2.53439
2.53296
2.53168
2.53056
2.52961
2.52882
2.52819
2.52773
2.52744
2.52731
2.52735
2.52754
2.52789
2.52839
2.52904
2.52983
2.53075
2.5318
2.53297
2.53424
2.53562
2.53709
2.53863
2.54025
2.54192
2.54363
2.54537
2.54714
2.54891
2.55067
2.55242
2.55413
2.55581
2.55744
2.55901
2.56051
2.56193
2.56327
2.56451
2.56567
2.56672
2.56767
2.56851
2.56925
2.56988
2.5704
2.57082
2.57113
2.57134
2.57145
2.57147
2.5714
2.57124
2.571
2.57068
2.57029
2.56983
2.56931
2.56873
2.5681
2.56741
2.56668
2.5659
2.56507
2.5642
2.56329
2.56234
2.56134
2.56029
2.5592
2.55806
2.55686
2.5556
2.55428
2.55289
2.55143
2.54989
2.54828
2.54657
2.54477
2.54288
2.54088
2.53878
2.53657
2.53426
2.53182
2.52928
2.52662
2.52384
2.52095
2.51795
2.51484
2.51162
2.50831
2.5049
2.5014
2.49783
2.49418
2.49048
2.48672
2.48294
2.47912
2.4753
2.47148
2.46768
2.46391
2.4602
2.45656
2.453
2.44954
2.4462
2.443
2.43995
2.43708
2.43438
2.43189
2.4296
2.42754
2.42571
2.42412
2.42278
2.42168
2.42084
2.42025
2.41992
2.41982
2.41997
2.42035
2.42094
2.42175
2.42274
2.42392
2.42526
2.42676
2.42838
2.43012
2.43196
2.43388
2.43586
2.4379
2.43998
2.44208
2.44418
2.44629
2.44838
2.45046
2.4525
2.4545
2.45647
2.45838
2.46024
2.46205
2.4638
2.46549
2.46713
2.46871
2.47024
2.47172
2.47315
2.47454
2.47589
2.47721
2.47849
2.47975
2.48099
2.48222
2.48343
2.48464
2.48584
2.48704
2.48825
2.48946
2.49068
2.49191
2.49315
2.49439
2.49564
2.49689
2.49814
2.49939
2.50063
2.50187
2.50308
2.50428
2.50544
2.50658
2.50767
2.50872
2.50972
2.51066
2.51154
2.51235
2.51308
2.51374
2.51432
2.51482
2.51522
2.51554
2.51576
2.5159
2.51594
2.51589
2.51575
2.51552
2.5152
2.51481
2.51434
2.5138
2.5132
2.51254
2.51183
2.51108
2.5103
2.50951
2.5087
2.5079
2.50712
2.50636
2.50565
2.50499
2.50439
2.50388
2.50347
2.50316
2.50297
2.50291
2.503
2.50324
2.50365
2.50422
2.50497
2.50591
2.50704
2.50835
2.50986
2.51156
2.51345
2.51552
2.51777
2.5202
2.52278
2.52552
2.5284
2.5314
2.53452
2.53773
2.54102
2.54437
2.54776
2.55118
2.5546
2.55801
2.56139
2.56472
2.56798
2.57116
2.57424
2.57721
2.58005
2.58277
2.58533
2.58775
2.59001
2.59212
2.59406
2.59584
2.59746
2.59893
2.60024
2.60141
2.60243
2.60332
2.60409
2.60474
2.60528
2.60572
2.60607
2.60635
2.60655
2.60669
2.60677
2.6068
2.60679
2.60675
2.60667
2.60656
2.60643
2.60628
2.60611
2.60593
2.60572
2.6055
2.60526
2.60501
2.60473
2.60443
2.60411
2.60376
2.60338
2.60297
2.60253
2.60205
2.60153
2.60097
2.60036
2.5997
2.59899
2.59823
2.59741
2.59653
2.59559
2.59458
2.59352
2.59239
2.5912
2.58994
2.58862
2.58723
2.58579
2.58429
2.58274
2.58113
2.57949
2.5778
2.57608
2.57434
2.57257
2.5708
2.56902
2.56725
2.5655
2.56377
2.56207
2.56042
2.55882
2.55728
2.55582
2.55442
2.55311
2.55189
2.55075
2.54972
2.54878
2.54794
2.54721
2.54657
2.54602
2.54557
2.54522
2.54494
2.54474
2.54462
2.54456
2.54457
2.54462
2.54472
2.54485
2.54501
2.54519
2.54539
2.5456
2.54581
2.54601
2.54621
2.54639
2.54656
2.54671
2.54684
2.54695
2.54704
2.54711
2.54717
2.5472
2.54723
2.54725
2.54726
2.54727
2.5473
2.54733
2.54739
2.54747
2.54758
2.54773
2.54791
2.54815
2.54844
2.54878
2.54918
2.54965
2.55017
2.55076
2.55142
2.55213
2.55291
2.55375
2.55464
2.55558
2.55656
2.55759
2.55865
2.55973
2.56083
2.56194
2.56305
2.56414
2.56522
2.56627
2.56728
2.56824
2.56914
2.56996
2.57071
2.57136
2.57191
2.57235
2.57267
2.57286
2.57291
2.57281
2.57256
2.57215
2.57157
2.57082
2.56989
2.56878
2.56749
2.56602
2.56436
2.56251
2.56049
2.55828
2.5559
2.55335
2.55063
2.54775
2.54472
2.54155
2.53825
2.53482
2.53128
2.52763
2.5239
2.52009
2.51621
2.51229
2.50832
2.50432
2.50032
2.49631
2.49232
2.48835
2.48442
2.48055
2.47673
2.47299
2.46934
2.46579
2.46234
2.45902
2.45582
2.45275
2.44983
2.44706
2.44445
2.44201
2.43973
2.43763
2.43571
2.43396
2.4324
2.43102
2.42982
2.4288
2.42796
2.42729
2.42679
2.42646
2.42628
2.42626
2.42637
2.42663
2.427
2.4275
2.42811
2.42881
2.4296
2.43048
2.43143
2.43244
2.43351
2.43463
2.43579
2.43698
2.43819
2.43943
2.44068
2.44194
2.44321
2.44447
2.44573
2.44698
2.44822
2.44944
2.45064
2.45181
2.45296
2.45408
2.45517
2.45622
2.45723
2.45821
2.45915
2.46005
2.4609
2.46171
2.46248
2.4632
2.46389
2.46453
2.46513
2.46569
2.46622
2.46671
2.46718
2.46762
2.46805
2.46845
2.46885
2.46925
2.46964
2.47004
2.47046
2.4709
2.47136
2.47186
2.47239
2.47297
2.47359
2.47427
2.475
2.47579
2.47664
2.47756
2.47853
2.47958
2.48068
2.48184
2.48306
2.48434
2.48566
2.48703
2.48844
2.48988
2.49135
2.49284
2.49435
2.49585
2.49736
2.49885
2.50033
2.50178
2.50319
2.50456
2.50588
2.50714
2.50834
2.50946
2.51051
2.51148
2.51236
2.51316
2.51386
2.51446
2.51496
2.51537
2.51568
2.51589
2.51601
2.51604
2.51597
2.51582
2.51559
2.51529
2.51491
2.51448
2.51399
2.51345
2.51288
2.51227
2.51164
2.51099
2.51033
2.50967
2.50901
2.50836
2.50772
2.5071
2.50651
2.50593
2.50539
2.50488
2.50439
2.50393
2.5035
2.50309
2.50271
2.50235
2.50201
2.50168
2.50137
2.50106
2.50075
2.50044
2.50013
2.49981
2.49948
2.49913
2.49876
2.49836
2.49794
2.49749
2.49701
2.49649
2.49592
2.49532
2.49467
2.49397
2.49322
2.49241
2.49154
2.49061
2.48962
2.48856
2.48743
2.48622
2.48494
2.48359
2.48215
2.48064
2.47905
2.47738
2.47564
2.47381
2.47192
2.46996
2.46794
2.46586
2.46373
2.46155
2.45934
2.4571
2.45485
2.45259
2.45034
2.4481
2.44589
2.44372
2.44159
2.43953
2.43754
2.43564
2.43382
2.43211
2.43051
2.42902
2.42766
2.42644
2.42534
2.42439
2.42358
2.42292
2.42242
2.42206
2.42186
2.42181
2.42192
2.42219
2.42261
2.42319
2.42392
2.42481
2.42585
2.42704
2.42838
2.42987
2.43149
2.43325
2.43515
2.43717
2.43931
2.44157
2.44393
2.4464
2.44895
2.45159
2.45431
2.45709
2.45993
2.46281
2.46574
2.46869
2.47166
2.47463
2.47761
2.48057
2.48352
2.48643
2.48931
2.49214
2.49491
2.49763
2.50027
2.50283
2.50531
2.50771
2.51
2.5122
2.5143
2.51628
2.51816
2.51993
2.52158
2.52312
2.52455
2.52586
2.52706
2.52815
2.52912
2.52999
2.53075
2.5314
2.53195
2.5324
2.53275
2.53301
2.53317
2.53323
2.53321
2.53309
2.53289
2.53259
2.53221
2.53175
2.53119
2.53055
2.52983
2.52902
2.52813
2.52716
2.52611
2.52498
2.52379
2.52252
2.52119
2.51979
2.51835
2.51686
2.51532
2.51376
2.51218
2.51058
2.50898
2.50739
2.50583
2.50429
2.5028
2.50137
2.5
2.49872
2.49754
2.49645
2.49549
2.49465
2.49394
2.49338
2.49297
2.49271
2.49261
2.49268
2.49292
2.49332
2.49388
2.49461
2.4955
2.49655
2.49774
2.49908
2.50055
2.50215
2.50386
2.50568
2.50759
2.50959
2.51167
2.5138
2.51599
2.51822
2.52049
2.52277
2.52506
2.52735
2.52964
2.5319
2.53415
2.53636
2.53853
2.54065
2.54273
2.54474
2.5467
2.54858
2.5504
2.55214
2.55381
2.55539
2.55688
2.55829
2.55961
2.56084
2.56197
2.563
2.56393
2.56476
2.56548
2.56609
2.56659
2.56698
2.56725
2.5674
2.56743
2.56733
2.5671
2.56674
2.56625
2.56562
2.56485
2.56393
2.56288
2.56167
2.56032
2.55882
2.55717
2.55537
2.55342
2.55133
2.54909
2.5467
2.54418
2.54152
2.53872
2.53579
2.53274
2.52958
2.52629
2.5229
2.51941
2.51582
2.51215
2.50839
2.50455
2.50064
2.49667
2.49263
2.48855
2.48441
2.48024
2.47602
2.47178
2.46751
2.46322
2.45892
2.45462
2.45031
2.446
2.44171
2.43744
2.43319
2.42898
2.42481
2.42068
2.41662
2.41262
2.40869
2.40485
2.40109
2.39744
2.3939
2.39048
2.38719
2.38403
2.38102
2.37816
2.37546
2.37293
2.37057
2.36839
2.36639
2.36459
2.36298
2.36156
2.36034
2.35933
2.35851
2.3579
2.35748
2.35726
2.35724
2.3574
2.35775
2.35829
2.359
2.35987
2.36091
2.3621
2.36344
2.36492
2.36652
2.36824
2.37007
2.37199
2.37401
2.3761
2.37826
2.38047
2.38273
2.38502
2.38734
2.38967
2.392
2.39433
2.39663
2.39892
2.40117
2.40337
2.40552
2.40762
2.40965
2.41162
2.41351
2.41532
2.41704
2.41869
2.42025
2.42172
2.42311
2.42441
2.42564
2.42678
2.42786
2.42887
2.42981
2.4307
2.43155
2.43235
2.43313
2.43388
2.43461
2.43534
2.43608
2.43682
2.43759
2.43838
2.43921
2.44007
2.44099
2.44195
2.44297
2.44405
2.44519
2.44639
2.44765
2.44897
2.45034
2.45177
2.45326
2.45479
2.45635
2.45796
2.45959
2.46124
2.4629
2.46457
2.46623
2.46787
2.4695
2.47109
2.47264
2.47415
2.4756
2.47698
2.4783
2.47954
2.4807
2.48177
2.48275
2.48363
2.48442
2.48512
2.48572
2.48623
2.48664
2.48697
2.48721
2.48737
2.48747
2.4875
2.48747
2.48739
2.48728
2.48714
2.48699
2.48683
2.48668
2.48655
2.48644
2.48638
2.48636
2.48641
2.48652
2.48672
2.48699
2.48735
2.48781
2.48836
2.48901
2.48975
2.49058
2.49151
2.49253
2.49362
2.49479
2.49602
2.49731
2.49864
2.50001
2.5014
2.50281
2.50422
2.50563
2.50702
2.50839
2.50973
2.51102
2.51227
2.51346
2.5146
2.51568
2.5167
2.51766
2.51856
2.5194
2.52018
2.52091
2.5216
2.52224
2.52284
2.52342
2.52397
2.52451
2.52504
2.52556
2.5261
2.52665
2.52722
2.52782
2.52845
2.52911
2.52982
2.53057
2.53136
2.53221
2.5331
2.53403
2.53502
2.53604
2.53711
2.53821
2.53933
2.54049
2.54165
2.54283
2.54401
2.54519
2.54635
2.54749
2.5486
2.54967
2.55071
2.55169
2.55262
2.5535
2.55431
2.55506
2.55576
2.55639
2.55696
2.55749
2.55796
2.5584
2.5588
2.55919
2.55957
2.55994
2.56034
2.56076
2.56122
2.56173
2.5623
2.56296
2.56369
2.56452
2.56545
2.56648
2.56762
2.56887
2.57023
2.57169
2.57324
2.57489
2.57662
2.57843
2.5803
2.58222
2.58418
2.58617
2.58818
2.59019
2.5922
2.59418
2.59614
2.59806
2.59994
2.60175
2.60351
2.60519
2.6068
2.60834
2.60979
2.61115
2.61242
2.6136
2.6147
2.61569
2.6166
2.61741
2.61812
2.61874
2.61926
2.61969
2.62003
2.62026
2.6204
2.62045
2.62039
2.62024
2.61998
2.61963
2.61917
2.61861
2.61794
2.61717
2.61629
2.6153
2.61421
2.61301
2.61171
2.6103
2.60879
2.60718
2.60547
2.60366
2.60176
2.59977
2.59769
2.59554
2.59331
2.59101
2.58865
2.58623
2.58375
2.58123
2.57867
2.57608
2.57345
2.57081
2.56815
2.56549
2.56281
2.56015
2.55748
2.55484
2.55221
2.5496
2.54701
2.54446
2.54194
2.53945
2.537
2.5346
2.53224
2.52992
2.52765
2.52543
2.52326
2.52115
2.51909
2.51709
2.51514
2.51326
2.51143
2.50968
2.50798
2.50636
2.5048
2.50332
2.50191
2.50057
2.4993
2.49811
2.49699
2.49595
2.49498
2.49409
2.49326
2.4925
2.49181
2.49118
2.49061
2.49009
2.48962
2.4892
2.48881
2.48846
2.48814
2.48783
2.48754
2.48725
2.48697
2.48669
2.48639
2.48607
2.48573
2.48536
2.48495
2.4845
2.48401
2.48346
2.48286
2.4822
2.48148
2.48069
2.47983
2.4789
2.47789
2.47682
2.47567
2.47444
2.47315
2.47178
2.47034
2.46884
2.46727
2.46564
2.46396
2.46223
2.46046
2.45865
2.45681
2.45495
2.45307
2.45119
2.44931
2.44744
2.4456
2.44378
2.442
2.44027
2.43859
2.43698
2.43543
2.43397
2.43258
2.43129
2.43008
2.42898
2.42797
2.42706
2.42625
2.42554
2.42492
2.42441
2.42398
2.42364
2.42339
2.42321
2.4231
2.42306
2.42308
2.42314
2.42325
2.4234
2.42357
2.42377
2.42398
2.4242
2.42443
2.42465
2.42487
2.42507
2.42527
2.42544
2.4256
2.42575
2.42587
2.42598
2.42608
2.42616
2.42623
2.42628
2.42634
2.42639
2.42644
2.42649
2.42655
2.42662
2.42671
2.4268
2.42692
2.42704
2.42719
2.42735
2.42754
2.42773
2.42795
2.42817
2.42841
2.42866
2.42891
2.42917
2.42943
2.42968
2.42994
2.43019
2.43043
2.43067
2.4309
2.43112
2.43133
2.43154
2.43174
2.43195
2.43215
2.43236
2.43258
2.4328
2.43304
2.43329
2.43356
2.43385
2.43417
2.4345
2.43487
2.43525
2.43566
2.43609
2.43655
2.43702
2.43752
2.43804
2.43857
2.43913
2.4397
2.4403
2.44091
2.44155
2.44221
2.44289
2.4436
2.44435
2.44513
2.44595
2.44681
2.44772
2.44867
2.44968
2.45075
2.45187
2.45305
2.4543
2.4556
2.45697
2.4584
2.4599
2.46145
2.46306
2.46472
2.46644
2.4682
2.47
2.47184
2.47372
2.47562
2.47754
2.47948
2.48142
2.48337
2.48532
2.48726
2.48918
2.49108
2.49295
2.4948
2.4966
2.49836
2.50006
2.50172
2.50331
2.50483
2.50628
2.50766
2.50895
2.51015
2.51126
2.51227
2.51318
2.51398
2.51466
2.51521
2.51565
2.51595
2.51612
2.51615
2.51603
2.51577
2.51536
2.51479
2.51407
2.51318
2.51214
2.51094
2.50958
2.50806
2.50637
2.50453
2.50253
2.50038
2.49808
2.49563
2.49303
2.4903
2.48743
2.48444
2.48132
2.47809
2.47475
2.47131
2.46777
2.46415
2.46045
2.45668
2.45286
2.44898
2.44506
2.44112
2.43715
2.43316
2.42918
2.42521
2.42125
2.41733
2.41344
2.40961
2.40583
2.40213
2.3985
2.39496
2.39152
2.38819
2.38497
2.38188
2.37892
2.3761
2.37343
2.37091
2.36855
2.36635
2.36432
2.36247
2.3608
2.3593
2.35799
2.35686
2.35592
2.35516
2.35459
2.3542
2.354
2.35397
2.35413
2.35445
2.35495
2.35561
2.35642
2.35739
2.35851
2.35976
2.36114
2.36265
2.36427
2.366
2.36782
2.36973
2.37172
2.37377
2.37588
2.37804
2.38023
2.38245
2.38469
2.38693
2.38917
2.3914
2.3936
2.39576
2.39789
2.39996
2.40198
2.40393
2.4058
2.4076
2.40931
2.41093
2.41245
2.41387
2.41519
2.4164
2.41751
2.4185
2.41939
2.42017
2.42084
2.4214
2.42186
2.42221
2.42247
2.42263
2.4227
2.42269
2.42259
2.42241
2.42216
2.42183
2.42145
2.42101
2.42051
2.41997
2.41938
2.41876
2.41811
2.41743
2.41673
2.41602
2.41531
2.41459
2.41387
2.41317
2.41248
2.41182
2.41118
2.41058
2.41002
2.4095
2.40903
2.40861
2.40825
2.40794
2.4077
2.40752
2.4074
2.40735
2.40736
2.40743
2.40757
2.40777
2.40803
2.40834
2.40871
2.40914
2.40961
2.41014
2.41071
2.41133
2.412
2.4127
2.41345
2.41425
2.41508
2.41596
2.41688
2.41784
2.41885
2.4199
2.421
2.42214
2.42333
2.42457
2.42585
2.42718
2.42857
2.43
2.43148
2.433
2.43458
2.43619
2.43786
2.43956
2.4413
2.44308
2.44489
2.44674
2.44861
2.4505
2.45242
2.45435
2.4563
2.45826
2.46022
2.46218
2.46414
2.46609
2.46803
2.46995
2.47185
2.47372
2.47557
2.47738
2.47915
2.48087
2.48255
2.48418
2.48575
2.48726
2.4887
2.49008
2.49139
2.49262
2.49377
2.49484
2.49583
2.49674
2.49755
2.49828
2.49892
2.49947
2.49993
2.5003
2.50058
2.50077
2.50088
2.5009
2.50084
2.50069
2.50047
2.50018
2.49981
2.49938
2.49889
2.49833
2.49773
2.49707
2.49636
2.49562
2.49483
2.49402
2.49318
2.49232
2.49144
2.49054
2.48964
2.48874
2.48783
2.48693
2.48604
2.48516
2.48429
2.48345
2.48263
2.48183
2.48107
2.48033
2.47964
2.47898
2.47835
2.47777
2.47724
2.47674
2.47629
2.47589
2.47553
2.47521
2.47494
2.47471
2.47453
2.47439
2.47428
2.47422
2.47419
2.47419
2.47422
2.47428
2.47436
2.47446
2.47458
2.4747
2.47484
2.47498
2.47512
2.47526
2.47538
2.4755
2.4756
2.47568
2.47574
2.47578
2.47578
2.47575
2.47569
2.47559
2.47545
2.47528
2.47506
2.4748
2.47449
2.47414
2.47374
2.4733
2.47281
2.47227
2.47168
2.47105
2.47036
2.46963
2.46885
2.46802
2.46714
2.46621
2.46523
2.4642
2.46312
2.46199
2.46081
2.45957
2.45828
2.45694
2.45554
2.45409
2.45259
2.45103
2.44941
2.44774
2.44602
2.44425
2.44242
2.44054
2.43861
2.43663
2.43461
2.43254
2.43044
2.4283
2.42612
2.42392
2.4217
2.41947
2.41723
2.41498
2.41274
2.41051
2.40831
2.40614
2.404
2.40192
2.39989
2.39794
2.39606
2.39427
2.39258
2.391
2.38954
2.3882
2.387
2.38595
2.38505
2.38432
2.38375
2.38336
2.38315
2.38312
2.38329
2.38364
2.3842
2.38495
2.3859
2.38705
2.38839
2.38992
2.39165
2.39356
2.39565
2.39791
2.40034
2.40293
2.40568
2.40856
2.41158
2.41472
2.41798
2.42134
2.42479
2.42832
2.43192
2.43558
2.43929
2.44303
2.4468
2.45057
2.45435
2.45812
2.46186
2.46556
2.46921
2.4728
2.47632
2.47975
2.48308
2.4863
2.4894
2.49235
2.49516
2.49781
2.50029
2.50258
2.50468
2.50659
2.50828
2.50975
2.511
2.51203
2.51282
2.51338
2.51371
2.51381
2.51369
2.51334
2.51278
2.51201
2.51106
2.50991
2.5086
2.50714
2.50554
2.50383
2.50201
2.50011
2.49814
2.49613
2.4941
2.49206
2.49003
2.48802
2.48606
2.48415
2.48231
2.48055
2.47888
2.47731
2.47585
2.4745
2.47326
2.47213
2.47113
2.47025
2.46948
2.46883
2.4683
2.46787
2.46756
2.46735
2.46724
2.46723
2.46731
2.46747
2.46772
2.46805
2.46845
2.46891
2.46944
2.47002
2.47065
2.47132
2.47203
2.47276
2.47352
2.47429
2.47507
2.47585
2.47662
2.47737
2.4781
2.47881
2.47947
2.4801
2.48067
2.48119
2.48166
2.48206
2.48239
2.48265
2.48284
2.48296
2.483
2.48296
2.48284
2.48264
2.48236
2.482
2.48156
2.48105
2.48046
2.47979
2.47904
2.47822
2.47733
2.47637
2.47534
2.47424
2.47307
2.47184
2.47055
2.4692
2.46779
2.46633
2.46482
2.46327
2.46167
2.46004
2.45839
2.4567
2.455
2.45329
2.45158
2.44986
2.44816
2.44647
2.44481
2.44317
2.44158
2.44002
2.43852
2.43707
2.43567
2.43434
2.43307
2.43187
2.43073
2.42967
2.42868
2.42775
2.4269
2.42611
2.42539
2.42473
2.42414
2.42361
2.42313
2.42271
2.42235
2.42204
2.42178
2.42158
2.42142
2.42132
2.42126
2.42125
2.4213
2.4214
2.42154
2.42174
2.422
2.42231
2.42267
2.42309
2.42357
2.4241
2.42469
2.42534
2.42604
2.4268
2.42762
2.4285
2.42943
2.43042
2.43148
2.4326
2.43378
2.43503
2.43636
2.43775
2.43923
2.44078
2.44242
2.44415
2.44598
2.4479
2.44991
2.45203
2.45424
2.45656
2.45897
2.46147
2.46407
2.46675
2.46951
2.47233
2.47522
2.47815
2.48113
2.48412
2.48713
2.49014
2.49314
2.49611
2.49903
2.5019
2.5047
2.50742
2.51004
2.51256
2.51497
2.51724
2.51938
2.52138
2.52324
2.52493
2.52647
2.52784
2.52906
2.5301
2.53099
2.53171
2.53227
2.53268
2.53294
2.53306
2.53304
2.5329
2.53265
2.53229
2.53183
2.53129
2.53067
2.53
2.52927
2.52851
2.52772
2.52691
2.52609
2.52527
2.52446
2.52367
2.52289
2.52214
2.52141
2.52072
2.52004
2.5194
2.51878
2.51818
2.5176
2.51704
2.51648
2.51592
2.51536
2.51478
2.5142
2.51358
2.51295
2.51227
2.51156
2.51081
2.51001
2.50916
2.50826
2.50731
2.5063
2.50524
2.50413
2.50297
2.50176
2.5005
2.49921
2.49787
2.49651
2.49511
2.49369
2.49226
2.49081
2.48936
2.48791
2.48646
2.48503
2.4836
2.48221
2.48083
2.47948
2.47817
2.47689
2.47565
2.47444
2.47328
2.47216
2.47108
2.47005
2.46906
2.46812
2.46722
2.46636
2.46554
2.46477
2.46404
2.46335
2.4627
2.46209
2.46152
2.46099
2.46051
2.46006
2.45965
2.45929
2.45897
2.45868
2.45844
2.45824
2.45809
2.45797
2.4579
2.45786
2.45787
2.45791
2.45798
2.45809
2.45823
2.45839
2.45858
2.45878
2.45899
2.45921
2.45943
2.45965
2.45986
2.46005
2.46022
2.46036
2.46047
2.46054
2.46056
2.46053
2.46045
2.46032
2.46012
2.45986
2.45953
2.45914
2.45868
2.45816
2.45757
2.45691
2.45619
2.45541
2.45456
2.45367
2.45271
2.45171
2.45066
2.44957
2.44844
2.44727
2.44606
2.44482
2.44356
2.44226
2.44095
2.43961
2.43825
2.43687
2.43548
2.43407
2.43264
2.4312
2.42975
2.42828
2.4268
2.42531
2.42381
2.4223
2.42078
2.41925
2.4177
2.41616
2.4146
2.41303
2.41147
2.40989
2.40831
2.40673
2.40514
2.40356
2.40197
2.40038
2.3988
2.39722
2.39564
2.39406
2.39249
2.39093
2.38937
2.38782
2.38628
2.38475
2.38323
2.38172
2.38023
2.37875
2.37729
2.37585
2.37443
2.37304
2.37167
2.37034
2.36905
2.36779
2.36659
2.36543
2.36433
2.3633
2.36234
2.36145
2.36065
2.35994
2.35932
2.35881
2.35841
2.35812
2.35796
2.35792
2.35802
2.35825
2.35862
2.35914
2.35979
2.36059
2.36154
2.36263
2.36386
2.36522
2.36672
2.36835
2.37011
2.37197
2.37395
2.37604
2.37821
2.38047
2.38281
2.38521
2.38767
2.39017
2.39271
2.39528
2.39786
2.40045
2.40303
2.4056
2.40814
2.41066
2.41313
2.41555
2.41791
2.42021
2.42242
2.42456
2.42661
2.42856
2.43041
2.43215
2.43377
2.43527
2.43665
2.4379
2.43901
2.43998
2.44081
2.44149
2.44203
2.44241
2.44264
2.44271
2.44262
2.44238
2.44198
2.44143
2.44072
2.43987
2.43886
2.43771
2.43643
2.43501
2.43347
2.43182
2.43006
2.42821
2.42627
2.42427
2.42221
2.42012
2.41799
2.41586
2.41374
2.41164
2.40958
2.40757
2.40564
2.40379
2.40205
2.40041
2.39891
2.39753
2.3963
2.39523
2.3943
2.39354
2.39293
2.39249
2.3922
2.39206
2.39207
2.39222
2.39251
2.39292
2.39344
2.39407
2.3948
2.39561
2.39649
2.39745
2.39845
2.3995
2.40059
2.4017
2.40284
2.40398
2.40513
2.40628
2.40742
2.40854
2.40964
2.4107
2.41174
2.41273
2.41367
2.41456
2.4154
2.41616
2.41686
2.41747
2.418
2.41844
2.41879
2.41903
2.41916
2.41918
2.41908
2.41886
2.41851
2.41803
2.41742
2.41667
2.41579
2.41477
2.41362
2.41233
2.41092
2.40938
2.40773
2.40596
2.40409
2.40213
2.40008
2.39796
2.39578
2.39355
2.39129
2.38901
2.38672
2.38445
2.3822
2.37999
2.37784
2.37575
2.37375
2.37185
2.37007
2.3684
2.36687
2.36549
2.36427
2.36321
2.36232
2.36162
2.3611
2.36077
2.36064
2.36071
2.36097
2.36145
2.36212
2.36301
2.36409
2.36538
2.36686
2.36855
2.37042
2.37248
2.37473
2.37715
2.37973
2.38248
2.38538
2.38842
2.39159
2.39489
2.3983
2.4018
2.4054
2.40907
2.4128
2.41659
2.42041
2.42427
2.42814
2.43201
2.43588
2.43973
2.44356
2.44735
2.4511
2.45479
2.45842
2.46199
2.46548
2.4689
2.47224
2.47549
2.47866
2.48173
2.48471
2.4876
2.49039
2.49309
2.49569
2.49819
2.50059
2.5029
2.50511
2.50722
2.50923
2.51114
2.51294
2.51465
2.51624
2.51773
2.51912
2.52038
2.52154
2.52257
2.52348
2.52427
2.52492
2.52545
2.52584
2.52608
2.52619
2.52614
2.52595
2.5256
2.5251
2.52445
2.52363
2.52266
2.52152
2.52023
2.51878
2.51716
2.5154
2.51347
2.5114
2.50918
2.50682
2.50432
2.50169
2.49893
2.49605
2.49306
2.48997
2.48679
2.48352
2.48018
2.47678
2.47333
2.46984
2.46634
2.46283
2.45933
2.45585
2.45243
2.44906
2.44578
2.4426
2.43954
2.43663
2.43388
2.43131
2.42895
2.4268
2.4249
2.42325
2.42188
2.42079
2.41999
2.4195
2.41933
2.41946
2.41992
2.42068
2.42176
2.42314
2.42482
2.42678
2.429
2.43149
2.43421
2.43714
2.44028
2.4436
2.44708
2.4507
2.45444
2.45829
2.46221
2.4662
2.47024
2.47431
2.47839
2.48247
2.48654
2.49059
2.49459
2.49855
2.50245
2.50628
2.51003
2.5137
2.51728
2.52075
2.52413
2.52739
2.53053
2.53355
2.53644
2.5392
2.54182
2.5443
2.54665
2.54884
2.55089
2.55279
2.55454
2.55614
2.55759
2.55889
2.56004
2.56104
2.5619
2.56262
2.56319
2.56363
2.56394
2.56412
2.56418
2.56412
2.56396
2.56368
2.56331
2.56285
2.5623
2.56168
2.56099
2.56024
2.55943
2.55857
2.55768
2.55676
2.55582
2.55486
2.55389
2.55292
2.55196
2.55101
2.55008
2.54917
2.5483
2.54746
2.54665
2.54589
2.54516
2.54448
2.54385
2.54326
2.54271
2.5422
2.54174
2.5413
2.5409
2.54052
2.54016
2.53982
2.53949
2.53915
2.53882
2.53847
2.5381
2.53771
2.53729
2.53683
2.53633
2.53578
2.53518
2.53452
2.5338
2.53301
2.53216
2.53125
2.53027
2.52922
2.52811
2.52694
2.52571
2.52442
2.52308
2.52169
2.52026
2.51879
2.5173
2.51577
2.51424
2.51269
2.51113
2.50958
2.50804
2.50651
2.505
2.50352
2.50207
2.50064
2.49926
2.49791
2.49661
2.49534
2.49412
2.49294
2.4918
2.4907
2.48964
2.48861
2.48762
2.48665
2.4857
2.48477
2.48386
2.48295
2.48205
2.48116
2.48025
2.47934
2.47842
2.47748
2.47652
2.47554
2.47453
2.4735
2.47243
2.47134
2.47021
2.46906
2.46787
2.46665
2.4654
2.46413
2.46282
2.4615
2.46016
2.4588
2.45743
2.45605
2.45467
2.45329
2.45191
2.45055
2.44921
2.44789
2.44659
2.44534
2.44412
2.44295
2.44183
2.44077
2.43976
2.43883
2.43796
2.43716
2.43644
2.43579
2.43523
2.43474
2.43433
2.434
2.43375
2.43357
2.43345
2.43341
2.43343
2.4335
2.43362
2.43378
2.43398
2.4342
2.43444
2.4347
2.43495
2.4352
2.43543
2.43564
2.43581
2.43595
2.43603
2.43607
2.43604
2.43594
2.43577
2.43553
2.43521
2.43481
2.43433
2.43376
2.43312
2.4324
2.4316
2.43073
2.42979
2.42879
2.42774
2.42664
2.42549
2.42432
2.42313
2.42192
2.42072
2.41952
2.41833
2.41718
2.41606
2.41498
2.41397
2.41301
2.41213
2.41132
2.4106
2.40997
2.40944
2.409
2.40867
2.40843
2.40831
2.40829
2.40837
2.40856
2.40886
2.40926
2.40976
2.41036
2.41105
2.41184
2.41272
2.4137
2.41476
2.4159
2.41713
2.41844
2.41982
2.42128
2.42282
2.42443
2.42611
2.42786
2.42968
2.43157
2.43352
2.43554
2.43763
2.43978
2.442
2.44428
2.44662
2.44902
2.45149
2.45402
2.45661
2.45925
2.46195
2.46471
2.46752
2.47037
2.47327
2.47622
2.4792
2.48222
2.48527
2.48834
2.49143
2.49454
2.49766
2.50078
2.50391
2.50702
2.51013
2.51322
2.5163
2.51935
2.52237
2.52536
2.52831
2.53123
2.53411
2.53694
2.53973
2.54246
2.54515
2.54778
2.55036
2.55287
2.55533
2.55771
2.56002
2.56226
2.56442
2.56649
2.56847
2.57036
2.57215
2.57383
2.5754
2.57686
2.5782
2.57941
2.58051
2.58147
2.58231
2.58303
2.58361
2.58407
2.5844
2.58462
2.58472
2.58471
2.5846
2.58439
2.58409
2.5837
2.58325
2.58273
2.58215
2.58153
2.58086
2.58017
2.57946
2.57874
2.57801
2.57728
2.57657
2.57587
2.57519
2.57454
2.57392
2.57333
2.57278
2.57228
2.57181
2.5714
2.57102
2.5707
2.57042
2.57019
2.57
2.56986
2.56977
2.56971
2.5697
2.56972
2.56978
2.56986
2.56998
2.57011
2.57026
2.57043
2.5706
2.57077
2.57093
2.57109
2.57122
2.57133
2.57141
2.57145
2.57144
2.57138
2.57127
2.57109
2.57084
2.57051
2.5701
2.56961
2.56903
2.56836
2.5676
2.56675
2.56579
2.56475
2.56361
2.56238
2.56106
2.55966
2.55817
2.5566
2.55497
2.55326
2.5515
2.54968
2.54782
2.54592
2.54399
2.54204
2.54008
2.53811
2.53614
2.53419
2.53225
2.53034
2.52847
2.52664
2.52486
2.52314
2.52148
2.5199
2.51839
2.51697
2.51564
2.5144
2.51326
2.51222
2.51129
2.51047
2.50976
2.50917
2.50869
2.50834
2.50809
2.50797
2.50796
2.50806
2.50827
2.50858
2.50899
2.50948
2.51006
2.51071
2.51143
2.5122
2.51301
2.51386
2.51474
2.51563
2.51652
2.51742
2.5183
2.51916
2.52
2.5208
2.52157
2.5223
2.52299
2.52364
2.52424
2.52479
2.52531
2.52578
2.52621
2.5266
2.52696
2.52729
2.52759
2.52786
2.52812
2.52835
2.52856
2.52875
2.52894
2.5291
2.52926
2.5294
2.52952
2.52964
2.52973
2.52981
2.52986
2.5299
2.52991
2.52989
2.52984
2.52976
2.52964
2.52949
2.52929
2.52905
2.52877
2.52844
2.52807
2.52765
2.52718
2.52666
2.52609
2.52548
2.52482
2.52412
2.52338
2.52259
2.52177
2.52092
2.52003
2.51912
2.51818
2.51722
2.51625
2.51527
2.51428
2.51329
2.51231
2.51133
2.51037
2.50942
2.50848
2.50758
2.50669
2.50584
2.50501
2.50421
2.50345
2.50271
2.502
2.50131
2.50065
2.50001
2.49939
2.49877
2.49816
2.49755
2.49693
2.4963
2.49565
2.49497
2.49425
2.4935
2.49269
2.49184
2.49092
2.48993
2.48888
2.48775
2.48654
2.48526
2.4839
2.48245
2.48093
2.47933
2.47766
2.47592
2.47411
2.47225
2.47034
2.46839
2.46641
2.4644
2.46238
2.46036
2.45834
2.45634
2.45437
2.45242
2.45052
2.44866
2.44686
2.44511
2.44341
2.44178
2.4402
2.43867
2.4372
2.43577
2.43439
2.43303
2.4317
2.4304
2.4291
2.4278
2.42651
2.4252
2.42388
2.42254
2.42119
2.41981
2.41841
2.41699
2.41555
2.41411
2.41265
2.4112
2.40976
2.40834
2.40695
2.40559
2.40428
2.40304
2.40187
2.40077
2.39977
2.39888
2.39809
2.39742
2.39689
2.39648
2.39622
2.3961
2.39614
2.39632
2.39666
2.39716
2.39781
2.39861
2.39957
2.40068
2.40193
2.40333
2.40486
2.40653
2.40832
2.41023
2.41226
2.41439
2.41663
2.41895
2.42136
2.42385
2.42642
2.42904
2.43172
2.43444
2.43721
2.44
2.44282
2.44565
2.44849
2.45133
2.45416
2.45696
2.45974
2.46249
2.46519
2.46783
2.47041
2.47292
2.47534
2.47768
2.47992
2.48205
2.48407
2.48598
2.48775
2.4894
2.4909
2.49227
2.4935
2.49458
2.49552
2.49631
2.49696
2.49746
2.49782
2.49805
2.49815
2.49812
2.49798
2.49772
2.49737
2.49692
2.49639
2.49578
2.49511
2.49439
2.49363
2.49284
2.49202
2.4912
2.49037
2.48956
2.48876
2.48799
2.48725
2.48656
2.48592
2.48534
2.48482
2.48437
2.484
2.48371
2.4835
2.48338
2.48335
2.48341
2.48357
2.48383
2.48418
2.48463
2.48518
2.48582
2.48655
2.48737
2.48828
2.48926
2.49032
2.49145
2.49264
2.49388
2.49516
2.49648
2.49782
2.49918
2.50053
2.50189
2.50322
2.50452
2.50578
2.50699
2.50813
2.5092
2.51019
2.51108
2.51187
2.51254
2.5131
2.51353
2.51383
2.51399
2.51401
2.51389
2.51362
2.5132
2.51263
2.51192
2.51106
2.51006
2.50893
2.50766
2.50626
2.50474
2.5031
2.50136
2.49952
2.49759
2.49558
2.49349
2.49134
2.48913
2.48687
2.48458
2.48226
2.47992
2.47756
2.4752
2.47284
2.47049
2.46814
2.46582
2.46351
2.46124
2.45898
2.45677
2.45458
2.45243
2.45032
2.44825
2.44621
2.44422
2.44228
2.44037
2.43851
2.4367
2.43494
2.43323
2.43157
2.42997
2.42843
2.42695
2.42553
2.42419
2.42291
2.42171
2.42059
2.41955
2.4186
2.41773
2.41696
2.41627
2.41567
2.41517
2.41475
2.41443
2.4142
2.41405
2.41398
2.41399
2.41408
2.41423
2.41445
2.41472
2.41504
2.41539
2.41579
2.4162
2.41664
2.41708
2.41752
2.41795
2.41836
2.41875
2.4191
2.41941
2.41968
2.41989
2.42004
2.42012
2.42013
2.42006
2.41992
2.41969
2.41937
2.41898
2.41849
2.41792
2.41726
2.41653
2.41571
2.41482
2.41385
2.41282
2.41172
2.41057
2.40937
2.40813
2.40685
2.40554
2.40421
2.40286
2.4015
2.40013
2.39877
2.39741
2.39606
2.39473
2.39342
2.39213
2.39086
2.38962
2.38841
2.38722
2.38607
2.38495
2.38386
2.3828
2.38177
2.38078
2.37982
2.3789
2.37801
2.37716
2.37636
2.3756
2.37489
2.37423
2.37362
2.37308
2.37261
2.3722
2.37188
2.37163
2.37147
2.3714
2.37143
2.37155
2.37178
2.37211
2.37255
2.3731
2.37376
2.37453
2.3754
2.37638
2.37746
2.37864
2.37991
2.38127
2.38272
2.38423
2.38582
2.38746
2.38916
2.3909
2.39268
2.39448
2.3963
2.39813
2.39997
2.40179
2.4036
2.4054
2.40716
2.40889
2.41058
2.41223
2.41382
2.41537
2.41686
2.41829
2.41966
2.42098
2.42223
2.42343
2.42456
2.42564
2.42666
2.42763
2.42854
2.42941
2.43023
2.431
2.43173
2.43242
2.43308
2.4337
2.43428
2.43483
2.43536
2.43585
2.43631
2.43675
2.43716
2.43754
2.4379
2.43823
2.43853
2.43882
2.43908
2.43932
2.43955
2.43976
2.43996
2.44015
2.44033
2.44051
2.4407
2.44089
2.4411
2.44132
2.44157
2.44185
2.44217
2.44253
2.44294
2.4434
2.44392
2.44451
2.44517
2.4459
2.44672
2.44761
2.4486
2.44968
2.45085
2.45213
2.4535
2.45496
2.45653
2.4582
2.45997
2.46184
2.46381
2.46587
2.46802
2.47026
2.47258
2.47497
2.47745
2.47998
2.48258
2.48523
2.48793
2.49066
2.49342
2.49621
2.499
2.5018
2.5046
2.50739
2.51015
2.51288
2.51558
2.51823
2.52083
2.52337
2.52584
2.52824
2.53056
2.5328
2.53495
2.537
2.53896
2.54082
2.54258
2.54423
2.54578
2.54722
2.54854
2.54976
2.55087
2.55186
2.55275
2.55352
2.55419
2.55474
2.55518
2.55552
2.55575
2.55586
2.55588
2.55578
2.55558
2.55527
2.55485
2.55433
2.55369
2.55295
2.5521
2.55113
2.55005
2.54885
2.54753
2.54609
2.54452
2.54282
2.54098
2.53901
2.5369
2.53465
2.53224
2.52968
2.52697
2.52409
2.52106
2.51786
2.5145
2.51097
2.50728
2.50342
2.4994
2.49522
2.49088
2.48639
2.48176
2.47699
2.47209
2.46707
2.46194
2.45672
2.45141
2.44603
2.44059
2.43511
2.42961
2.42411
2.41862
2.41316
2.40775
2.4024
2.39715
2.392
2.38698
2.38211
2.3774
2.37287
2.36853
2.36441
2.36052
2.35687
2.35347
2.35033
2.34746
2.34487
2.34256
2.34054
2.3388
2.33734
2.33617
2.33528
2.33466
2.3343
2.3342
2.33434
2.33472
2.33532
2.33612
2.33712
2.3383
2.33964
2.34113
2.34275
2.3445
2.34635
2.34829
2.35032
2.35242
2.35458
2.35679
2.35905
2.36135
2.36368
2.36604
2.36843
2.37084
2.37328
2.37575
2.37825
2.38077
2.38333
2.38593
2.38857
2.39126
2.39399
2.39677
2.3996
2.40249
2.40544
2.40844
2.4115
2.41461
2.41777
2.42098
2.42422
2.4275
2.4308
2.43412
2.43745
2.44077
2.44408
2.44736
2.45061
2.4538
2.45693
2.45998
2.46295
2.46583
2.46859
2.47123
2.47375
2.47613
2.47837
2.48046
2.4824
2.48418
2.4858
2.48726
2.48856
2.4897
2.49069
2.49152
2.4922
2.49274
2.49315
2.49343
2.49359
2.49365
2.49361
2.49348
2.49328
2.49301
2.4927
2.49235
2.49197
2.49159
2.4912
2.49082
2.49046
2.49013
2.48985
2.48962
2.48945
2.48935
2.48933
2.48938
2.48951
2.48974
2.49005
2.49046
2.49095
2.49154
2.49221
2.49297
2.49381
2.49473
2.49571
2.49676
2.49787
2.49904
2.50024
2.50148
2.50275
2.50404
2.50535
2.50665
2.50796
2.50925
2.51053
2.51178
2.51301
2.51419
2.51533
2.51643
2.51747
2.51845
2.51937
2.52022
2.521
2.52171
2.52234
2.5229
2.52337
2.52376
2.52406
2.52427
2.5244
2.52443
2.52438
2.52423
2.52399
2.52365
2.52322
2.5227
2.52209
2.52139
2.5206
2.51972
2.51877
2.51773
2.51662
2.51543
2.51419
2.51288
2.51153
2.51012
2.50869
2.50722
2.50573
2.50424
2.50274
2.50125
2.49978
2.49834
2.49694
2.49558
2.49429
2.49306
2.4919
2.49083
2.48985
2.48896
2.48817
2.48749
2.48691
2.48645
2.48609
2.48584
2.48569
2.48565
2.4857
2.48584
2.48607
2.48636
2.48672
2.48713
2.48758
2.48806
2.48856
2.48906
2.48956
2.49003
2.49048
2.49089
2.49124
2.49154
2.49178
2.49194
2.49203
2.49204
2.49197
2.49183
2.49161
2.49132
2.49096
2.49055
2.49008
2.48958
2.48905
2.48849
2.48793
2.48737
2.48682
2.48631
2.48582
2.48539
2.48501
2.48469
2.48444
2.48426
2.48417
2.48415
2.48422
2.48437
2.4846
2.48491
2.48528
2.48573
2.48624
2.4868
2.48742
2.48807
2.48876
2.48947
2.4902
2.49095
2.4917
2.49245
2.4932
2.49393
2.49465
2.49536
2.49604
2.4967
2.49734
2.49795
2.49854
2.49911
2.49966
2.5002
2.50072
2.50123
2.50173
2.50223
2.50274
2.50325
2.50378
2.50432
2.50489
2.50548
2.50611
2.50678
2.50749
2.50825
2.50905
2.5099
2.51081
2.51177
2.51279
2.51386
2.51497
2.51614
2.51736
2.51861
2.51991
2.52123
2.52259
2.52396
2.52535
2.52674
2.52813
2.52952
2.53089
2.53223
2.53355
2.53482
2.53605
2.53723
2.53834
2.53938
2.54035
2.54124
2.54204
2.54275
2.54336
2.54388
2.54429
2.5446
2.54479
2.54488
2.54486
2.54472
2.54448
2.54413
2.54366
2.54309
2.54241
2.54163
2.54074
2.53975
2.53866
2.53747
2.53618
2.5348
2.53332
2.53175
2.53008
2.52833
2.52648
2.52453
2.5225
2.52038
2.51817
2.51588
2.5135
2.51104
2.5085
2.5059
2.50323
2.5005
2.49772
2.4949
2.49205
2.48918
2.4863
2.48343
2.48058
2.47777
2.47501
2.47231
2.46969
2.46717
2.46476
2.46246
2.4603
2.45828
2.45641
2.4547
2.45315
2.45176
2.45054
2.44948
2.44858
2.44784
2.44725
2.44681
2.44651
2.44634
2.44629
2.44636
2.44653
2.44679
2.44715
2.44758
2.44807
2.44863
2.44925
2.44991
2.45061
2.45134
2.4521
2.45288
2.45369
2.4545
2.45533
2.45617
2.45701
2.45786
2.45871
2.45957
2.46043
2.46128
2.46214
2.46301
2.46387
2.46474
2.46561
2.46649
2.46738
2.46827
2.46917
2.47008
2.47101
2.47195
2.4729
2.47387
2.47486
2.47586
2.47689
2.47793
2.479
2.48009
2.48121
2.48234
2.4835
2.48468
2.48588
2.48711
2.48835
2.48962
2.4909
2.49219
2.4935
2.49481
2.49613
2.49746
2.49878
2.5001
2.5014
2.5027
2.50396
2.50521
2.50642
2.50759
2.50871
2.50979
2.51081
2.51176
2.51264
2.51345
2.51417
2.5148
2.51533
2.51577
2.51609
2.5163
2.5164
2.51636
2.5162
2.5159
2.51546
2.51488
2.51415
2.51326
2.51222
2.51101
2.50964
2.5081
2.50639
2.5045
2.50243
2.50018
2.49776
2.49515
2.49236
2.48939
2.48624
2.48291
2.4794
2.47573
2.47189
2.46789
2.46374
2.45944
2.455
2.45044
2.44576
2.44097
2.43608
2.43111
2.42607
2.42097
2.41582
2.41063
2.40542
2.4002
2.39499
2.38979
2.38461
2.37947
2.37438
2.36934
2.36438
2.35949
2.3547
2.35
2.34541
2.34094
2.3366
2.33239
2.32833
2.32444
2.32071
2.31715
2.31379
2.31063
2.30769
2.30496
2.30248
2.30023
2.29825
2.29653
2.2951
2.29395
2.2931
2.29255
2.29231
2.29239
2.2928
2.29353
2.29459
2.29597
2.29769
2.29973
2.30209
2.30477
2.30775
2.31104
2.31463
2.31849
2.32263
2.32703
2.33167
2.33655
2.34165
2.34695
2.35244
2.3581
2.36393
2.36989
2.37597
2.38217
2.38846
2.39482
2.40125
2.40772
2.41422
2.42073
2.42725
2.43374
2.44021
2.44663
2.45299
2.45928
2.46548
2.47159
2.47758
2.48344
2.48917
2.49475
2.50017
2.50542
2.51049
2.51537
2.52005
2.52453
2.52879
2.53284
2.53667
2.54027
2.54365
2.54679
2.54971
2.55239
2.55485
2.55708
2.5591
2.56089
2.56248
2.56386
2.56504
2.56604
2.56686
2.5675
2.56799
2.56832
2.56852
2.56859
2.56854
2.56838
2.56812
2.56779
2.56738
2.5669
2.56637
2.5658
2.5652
2.56457
2.56392
2.56326
2.5626
2.56194
2.56128
2.56063
2.56
2.55938
2.55877
2.55819
2.55762
2.55707
2.55653
2.556
2.55549
2.55499
2.55448
2.55399
2.55348
2.55298
2.55246
2.55193
2.55138
2.55081
2.55021
2.54958
2.54892
2.54821
2.54746
2.54666
2.54581
2.5449
2.54393
2.54289
2.54178
2.54059
2.53933
2.53799
2.53656
2.53504
2.53342
2.53172
2.52991
2.52801
2.52601
2.5239
2.5217
2.51939
2.51698
2.51447
2.51187
2.50917
2.50638
2.50351
2.50055
2.49753
2.49443
2.49127
2.48806
2.4848
2.48151
2.47819
2.47486
2.47152
2.46819
2.46487
2.46158
2.45833
2.45512
2.45198
2.4489
2.4459
2.44299
2.44018
2.43747
2.43487
2.43239
2.43004
2.42781
2.42573
2.42378
2.42197
2.42031
2.4188
2.41744
2.41623
2.41518
2.41428
2.41354
2.41296
2.41253
2.41226
2.41214
2.41217
2.41236
2.4127
2.41318
2.4138
2.41456
2.41544
2.41644
2.41755
2.41875
2.42005
2.42142
2.42284
2.42432
2.42582
2.42734
2.42886
2.43036
2.43184
2.43328
2.43466
2.43597
2.4372
2.43835
2.4394
2.44035
2.44119
2.44191
2.44252
2.443
2.44337
2.44361
2.44373
2.44373
2.44361
2.44337
2.44302
2.44255
2.44198
2.44131
2.44053
2.43966
2.43869
2.43765
2.43652
2.43531
2.43404
2.43271
2.43132
2.42988
2.42841
2.4269
2.42536
2.42381
2.42225
2.42069
2.41914
2.41761
2.4161
2.41463
2.4132
2.41182
2.4105
2.40924
2.40805
2.40694
2.4059
2.40495
2.40408
2.4033
2.4026
2.402
2.40148
2.40105
2.4007
2.40043
2.40024
2.40012
2.40007
2.40009
2.40016
2.40029
2.40046
2.40068
2.40094
2.40124
2.40156
2.40191
2.40229
2.40268
2.4031
2.40353
2.40398
2.40444
2.40492
2.40542
2.40593
2.40647
2.40703
2.40762
2.40824
2.40889
2.40959
2.41034
2.41113
2.41198
2.4129
2.41388
2.41493
2.41605
2.41725
2.41853
2.4199
2.42134
2.42287
2.42447
2.42615
2.42791
2.42973
2.43162
2.43358
2.43558
2.43763
2.43973
2.44186
2.44402
2.4462
2.4484
2.45062
2.45285
2.45508
2.45732
2.45956
2.4618
2.46404
2.46628
2.46852
2.47077
2.47302
2.47529
2.47756
2.47986
2.48218
2.48452
2.48689
2.4893
2.49175
2.49425
2.49679
2.49939
2.50204
2.50475
2.50752
2.51035
2.51324
2.51619
2.51921
2.52227
2.52539
2.52856
2.53177
2.53501
2.53828
2.54157
2.54487
2.54816
2.55144
2.55469
2.55791
2.56108
2.56419
2.56722
2.57016
2.57301
2.57574
2.57836
2.58084
2.58318
2.58536
2.58738
2.58924
2.59092
2.59241
2.59372
2.59485
2.59577
2.59651
2.59705
2.5974
2.59755
2.59751
2.59729
2.59688
2.5963
2.59555
2.59463
2.59355
2.59232
2.59095
2.58944
2.58781
2.58607
2.58421
2.58226
2.58021
2.57809
2.5759
2.57364
2.57133
2.56898
2.56659
2.56417
2.56173
2.55927
2.55681
2.55435
2.55189
2.54945
2.54703
2.54463
2.54225
2.53992
2.53761
2.53535
2.53314
2.53097
2.52885
2.52678
2.52477
2.52281
2.5209
2.51904
2.51724
2.51549
2.51379
2.51214
2.51053
2.50896
2.50743
2.50592
2.50445
2.503
2.50156
2.50014
2.49872
2.49731
2.49589
2.49447
2.49305
2.4916
2.49015
2.48867
2.48718
2.48567
2.48414
2.48259
2.48103
2.47945
2.47785
2.47625
2.47464
2.47304
2.47143
2.46983
2.46824
2.46668
2.46513
2.46362
2.46214
2.4607
2.45931
2.45797
2.45668
2.45545
2.45429
2.45319
2.45216
2.4512
2.45032
2.44951
2.44877
2.4481
2.44751
2.44698
2.44653
2.44613
2.44581
2.44553
2.44532
2.44515
2.44504
2.44496
2.44493
2.44493
2.44497
2.44504
2.44513
2.44525
2.4454
2.44556
2.44575
2.44595
2.44617
2.4464
2.44665
2.44691
2.44719
2.44747
2.44777
2.44808
2.44839
2.4487
2.44903
2.44935
2.44967
2.44998
2.45029
2.45059
2.45087
2.45114
2.45138
2.4516
2.45178
2.45193
2.45205
2.45212
2.45215
2.45212
2.45205
2.45192
2.45174
2.4515
2.4512
2.45084
2.45042
2.44994
2.4494
2.44881
2.44815
2.44744
2.44668
2.44587
2.44501
2.44411
2.44317
2.44219
2.44118
2.44014
2.43908
2.43799
2.43689
2.43577
2.43465
2.43352
2.4324
2.43129
2.43018
2.4291
2.42803
2.427
2.426
2.42505
2.42414
2.42329
2.4225
2.42178
2.42113
2.42057
2.42011
2.41974
2.41948
2.41933
2.4193
2.4194
2.41964
2.42001
2.42052
2.42117
2.42197
2.42293
2.42403
2.42528
2.42667
2.42822
2.4299
2.43172
2.43368
2.43575
2.43795
2.44025
2.44265
2.44513
2.4477
2.45033
2.45302
2.45575
2.4585
2.46128
2.46405
2.46682
2.46956
2.47227
2.47493
2.47752
2.48004
2.48247
2.48481
2.48704
2.48914
2.49112
2.49295
2.49464
2.49618
2.49755
2.49876
2.49979
2.50064
2.50132
2.5018
2.50211
2.50223
2.50216
2.5019
2.50147
2.50085
2.50005
2.49908
2.49794
2.49663
2.49516
2.49354
2.49177
2.48986
2.48781
2.48563
2.48334
2.48093
2.47842
2.47581
2.4731
2.47032
2.46746
2.46454
2.46156
2.45854
2.45548
2.45238
2.44927
2.44615
2.44304
2.43993
2.43685
2.4338
2.43079
2.42785
2.42497
2.42217
2.41947
2.41687
2.41438
2.41202
2.4098
2.40772
2.4058
2.40404
2.40245
2.40103
2.3998
2.39874
2.39788
2.39721
2.39673
2.39643
2.39632
2.3964
2.39666
2.39709
2.39769
2.39845
2.39937
2.40043
2.40163
2.40296
2.40441
2.40597
2.40762
2.40936
2.41118
2.41306
2.415
2.41698
2.419
2.42104
2.42309
2.42515
2.4272
2.42924
2.43125
2.43323
2.43517
2.43706
2.4389
2.44068
2.44239
2.44403
2.44559
2.44708
2.44847
2.44978
2.45099
2.45211
2.45313
2.45405
2.45486
2.45556
2.45616
2.45665
2.45702
2.45728
2.45742
2.45745
2.45735
2.45714
2.45681
2.45636
2.45578
2.45509
2.45428
2.45334
2.45229
2.45112
2.44984
2.44844
2.44694
2.44533
2.44361
2.4418
2.43991
2.43792
2.43586
2.43373
2.43153
2.42928
2.42698
2.42465
2.42228
2.4199
2.41752
2.41513
2.41275
2.41039
2.40806
2.40577
2.40352
2.40132
2.39918
2.3971
2.39509
2.39315
2.39128
2.38948
2.38776
2.38611
2.38453
2.38301
2.38156
2.38018
2.37884
2.37756
2.37633
2.37513
2.37397
2.37284
2.37173
2.37064
2.36956
2.36849
2.36743
2.36637
2.36531
2.36425
2.36318
2.36211
2.36103
2.35994
2.35885
2.35775
2.35664
2.35554
2.35443
2.35332
2.35221
2.35111
2.35002
2.34893
2.34785
2.34679
2.34574
2.3447
2.34368
2.34267
2.34169
2.34072
2.33977
2.33884
2.33793
2.33703
2.33616
2.3353
2.33446
2.33365
2.33285
2.33207
2.33132
2.3306
2.3299
2.32924
2.32861
2.32803
2.3275
2.32703
2.32662
2.32628
2.32603
2.32586
2.3258
2.32585
2.32602
2.32633
2.32677
2.32738
2.32814
2.32908
2.33019
2.3315
2.33299
2.33469
2.33659
2.33869
2.34099
2.3435
2.34621
2.34912
2.35222
2.35551
2.35897
2.36259
2.36638
2.3703
2.37436
2.37853
2.38281
2.38717
2.39161
2.39611
2.40064
2.40521
2.40979
2.41436
2.41892
2.42344
2.42792
2.43234
2.4367
2.44097
2.44514
2.44922
2.45318
2.45702
2.46073
2.46431
2.46774
2.47103
2.47416
2.47713
2.47994
2.48259
2.48507
2.48738
2.48951
2.49146
2.49324
2.49484
2.49625
2.49747
2.49851
2.49935
2.5
2.50045
2.50069
2.50073
2.50056
2.50017
2.49957
2.49874
2.49769
2.49641
2.4949
2.49316
2.49118
2.48897
2.48652
2.48384
2.48092
2.47779
2.47443
2.47086
2.46708
2.46311
2.45895
2.45462
2.45013
2.44551
2.44075
2.43589
2.43093
2.42591
2.42084
2.41574
2.41064
2.40555
2.4005
2.3955
2.39059
2.38578
2.38108
2.37653
2.37213
2.3679
2.36386
2.36001
2.35638
2.35296
2.34977
2.3468
2.34407
2.34157
2.3393
2.33727
2.33546
2.33388
2.33251
2.33136
2.3304
2.32965
2.32909
2.32871
2.32851
2.32847
2.32861
2.3289
2.32934
2.32994
2.33068
2.33157
2.3326
2.33378
2.3351
2.33657
2.33817
2.33992
2.34181
2.34384
2.34601
2.34833
2.35078
2.35336
2.35608
2.35893
2.36189
2.36497
2.36817
2.37146
2.37485
2.37832
2.38187
2.38549
2.38916
2.39289
2.39665
2.40044
2.40425
2.40806
2.41188
2.41569
2.41949
2.42326
2.42699
2.43069
2.43434
2.43794
2.44148
2.44496
2.44837
2.4517
2.45496
2.45814
2.46124
2.46425
2.46717
2.47
2.47274
2.47539
2.47794
2.4804
2.48277
2.48504
2.48722
2.48931
2.49131
2.49323
2.49506
2.49681
2.49848
2.50007
2.50159
2.50305
2.50444
2.50576
2.50703
2.50825
2.50941
2.51053
2.5116
2.51263
2.51362
2.51457
2.51549
2.51637
2.51723
2.51804
2.51883
2.51958
2.5203
2.52099
2.52164
2.52225
2.52282
2.52335
2.52383
2.52427
2.52466
2.525
2.52528
2.5255
2.52566
2.52576
2.52579
2.52575
2.52565
2.52547
2.52523
2.52491
2.52451
2.52405
2.52351
2.5229
2.52222
2.52147
2.52065
2.51978
2.51884
2.51784
2.5168
2.5157
2.51456
2.51339
2.51218
2.51094
2.50968
2.5084
2.50711
2.50582
2.50452
2.50323
2.50194
2.50066
2.4994
2.49816
2.49693
2.49573
2.49455
2.49339
2.49225
2.49113
2.49003
2.48895
2.48789
2.48683
2.48578
2.48474
2.48369
2.48264
2.48157
2.48049
2.47939
2.47826
2.4771
2.4759
2.47465
2.47336
2.47202
2.47063
2.46917
2.46766
2.46608
2.46443
2.46272
2.46094
2.4591
2.45719
2.45521
2.45318
2.45108
2.44894
2.44674
2.44451
2.44224
2.43995
2.43764
2.43532
2.43301
2.4307
2.42842
2.42618
2.42398
2.42185
2.41978
2.41779
2.4159
2.41411
2.41244
2.41089
2.40948
2.40821
2.40708
2.40611
2.4053
2.40465
2.40416
2.40384
2.40368
2.40368
2.40383
2.40414
2.40459
2.40518
2.40589
2.40673
2.40767
2.4087
2.40982
2.41101
2.41226
2.41355
2.41487
2.4162
2.41754
2.41887
2.42018
2.42146
2.42269
2.42386
2.42498
2.42602
2.42699
2.42788
2.42869
2.42941
2.43004
2.43059
2.43106
2.43145
2.43177
2.43202
2.43222
2.43237
2.43248
2.43256
2.43261
2.43266
2.43271
2.43278
2.43286
2.43297
2.43312
2.43332
2.43356
2.43387
2.43423
2.43466
2.43515
2.43571
2.43633
2.43702
2.43777
2.43858
2.43945
2.44037
2.44133
2.44233
2.44337
2.44443
2.44551
2.44661
2.44772
2.44882
2.44992
2.451
2.45207
2.4531
2.45411
2.45507
2.45599
2.45686
2.45768
2.45844
2.45914
2.45977
2.46034
2.46084
2.46126
2.46161
2.46189
2.4621
2.46223
2.46228
2.46227
2.46218
2.46202
2.46179
2.46149
2.46113
2.46071
2.46022
2.45968
2.45908
2.45842
2.45772
2.45697
2.45618
2.45534
2.45446
2.45355
2.4526
2.45161
2.4506
2.44955
2.44848
2.44738
2.44626
2.44511
2.44394
2.44274
2.44153
2.4403
2.43905
2.43778
2.43649
2.43519
2.43388
2.43255
2.43121
2.42986
2.4285
2.42713
2.42576
2.42437
2.42299
2.4216
2.42021
2.41882
2.41743
2.41605
2.41466
2.41329
2.41191
2.41055
2.40919
2.40785
2.40651
2.40518
2.40386
2.40256
2.40127
2.39999
2.39872
2.39746
2.39622
2.39499
2.39378
2.39257
2.39139
2.39021
2.38905
2.38791
2.38678
2.38566
2.38456
2.38348
2.38241
2.38136
2.38033
2.37932
2.37833
2.37737
2.37643
2.37551
2.37463
2.37377
2.37295
2.37217
2.37142
2.37072
2.37006
2.36945
2.36889
2.36837
2.36792
2.36751
2.36716
2.36687
2.36663
2.36645
2.36632
2.36625
2.36623
2.36626
2.36633
2.36645
2.36661
2.3668
2.36701
2.36726
2.36752
2.3678
2.36808
2.36837
2.36867
2.36895
2.36923
2.36951
2.36976
2.37001
2.37023
2.37044
2.37064
2.37082
2.37099
2.37114
2.37129
2.37144
2.3716
2.37176
2.37193
2.37213
2.37235
2.37261
2.37291
2.37325
2.37366
2.37413
2.37467
2.37528
2.37598
2.37676
2.37764
2.37861
2.37969
2.38086
2.38214
2.38351
2.38499
2.38656
2.38823
2.38999
2.39182
2.39374
2.39571
2.39775
2.39983
2.40194
2.40408
2.40623
2.40838
2.41052
2.41263
2.41471
2.41673
2.4187
2.4206
2.42241
2.42414
2.42576
2.42728
2.42868
2.42996
2.43111
2.43213
2.43302
2.43377
2.43438
2.43485
2.43518
2.43536
2.43541
2.43531
2.43508
2.43472
2.43423
2.43361
2.43288
2.43203
2.43107
2.43002
2.42887
2.42764
2.42633
2.42495
2.42351
2.42202
2.42049
2.41892
2.41733
2.41573
2.41412
2.41251
2.41091
2.40932
2.40776
2.40623
2.40474
2.40328
2.40188
2.40052
2.39922
2.39797
2.39678
2.39565
2.39459
2.39358
2.39264
2.39176
2.39093
2.39017
2.38947
2.38881
2.38822
2.38767
2.38718
2.38673
2.38632
2.38596
2.38564
2.38535
2.38511
2.3849
2.38472
2.38458
2.38447
2.3844
2.38436
2.38436
2.3844
2.38448
2.38461
2.38478
2.38501
2.38529
2.38563
2.38604
2.38651
2.38706
2.38768
2.38839
2.38918
2.39006
2.39102
2.39208
2.39324
2.39449
2.39583
2.39727
2.3988
2.40042
2.40214
2.40393
2.40581
2.40777
2.40979
2.41189
2.41404
2.41625
2.4185
2.4208
2.42312
2.42547
2.42784
2.43021
2.43258
2.43494
2.43729
2.43961
2.44189
2.44413
2.44631
2.44843
2.45047
2.45243
2.4543
2.45607
2.45773
2.45926
2.46067
2.46194
2.46306
2.46403
2.46483
2.46546
2.46591
2.46618
2.46625
2.46612
2.46579
2.46525
2.4645
2.46354
2.46236
2.46097
2.45936
2.45754
2.45551
2.45328
2.45085
2.44822
2.44542
2.44244
2.43929
2.436
2.43257
2.42902
2.42537
2.42163
2.41782
2.41397
2.41008
2.40619
2.40231
2.39846
2.39467
2.39096
2.38734
2.38384
2.38047
2.37726
2.37421
2.37135
2.36868
2.36621
2.36396
2.36193
2.36013
2.35855
2.3572
2.35607
2.35516
2.35447
2.35398
2.35369
2.35359
2.35367
2.35392
2.35432
2.35487
2.35554
2.35634
2.35724
2.35824
2.35932
2.36047
2.36169
2.36296
2.36427
2.36563
2.36701
2.36843
2.36986
2.3713
2.37276
2.37422
2.37569
2.37717
2.37865
2.38013
2.38161
2.38309
2.38458
2.38606
2.38756
2.38906
2.39056
2.39208
2.39361
2.39515
2.3967
2.39827
2.39985
2.40145
2.40307
2.40471
2.40637
2.40804
2.40974
2.41145
2.41318
2.41492
2.41668
2.41845
2.42022
2.42201
2.42379
2.42557
2.42734
2.42911
2.43087
2.4326
2.43432
2.43601
2.43768
2.43931
2.44091
2.44247
2.44399
2.44546
2.44689
2.44828
2.44962
2.45091
2.45216
2.45336
2.45452
2.45563
2.4567
2.45773
2.45873
2.4597
2.46064
2.46155
2.46244
2.46331
2.46417
2.46502
2.46585
2.46668
2.4675
2.46832
2.46913
2.46994
2.47074
2.47153
2.4723
2.47306
2.4738
2.47451
2.47519
2.47584
2.47644
2.47698
2.47747
2.4779
2.47825
2.47852
2.47871
2.4788
2.4788
2.4787
2.47849
2.47817
2.47774
2.47719
2.47653
2.47574
2.47483
2.47381
2.47267
2.47141
2.47004
2.46856
2.46697
2.46528
2.4635
2.46162
2.45966
2.45763
2.45552
2.45335
2.45113
2.44886
2.44655
2.4442
2.44184
2.43946
2.43707
2.43468
2.4323
2.42993
2.42759
2.42527
2.42298
2.42073
2.41852
2.41636
2.41424
2.41217
2.41015
2.40819
2.40627
2.40441
2.4026
2.40083
2.39911
2.39743
2.39579
2.39418
2.39259
2.39104
2.3895
2.38797
2.38645
2.38494
2.38342
2.38189
2.38035
2.3788
2.37722
2.37562
2.37398
2.37232
2.37062
2.36888
2.3671
2.36529
2.36344
2.36155
2.35962
2.35766
2.35566
2.35363
2.35158
2.3495
2.34739
2.34528
2.34315
2.34102
2.33889
2.33676
2.33465
2.33256
2.33049
2.32845
2.32645
2.32449
2.32259
2.32075
2.31897
2.31726
2.31563
2.31408
2.31262
2.31126
2.31
2.30884
2.3078
2.30688
2.30607
2.30539
2.30484
2.30442
2.30414
2.304
2.30399
2.30413
2.30441
2.30483
2.3054
2.30611
2.30696
2.30796
2.3091
2.31037
2.31178
2.31332
2.31499
2.31678
2.31869
2.32071
2.32283
2.32506
2.32738
2.32978
2.33226
2.33482
2.33743
2.3401
2.34282
2.34557
2.34836
2.35116
2.35398
2.3568
2.35962
2.36243
2.36523
2.36799
2.37073
2.37343
2.37609
2.37869
2.38125
2.38374
2.38617
2.38853
2.39083
2.39305
2.3952
2.39727
2.39926
2.40117
2.403
2.40474
2.40641
2.40799
2.4095
2.41092
2.41226
2.41353
2.41471
2.41583
2.41686
2.41783
2.41873
2.41957
2.42034
2.42105
2.42171
2.42231
2.42287
2.42338
2.42384
2.42427
2.42466
2.42502
2.42535
2.42566
2.42595
2.42621
2.42646
2.42669
2.42691
2.42711
2.4273
2.42749
2.42766
2.42782
2.42796
2.4281
2.42822
2.42832
2.4284
2.42847
2.42851
2.42853
2.42852
2.42849
2.42842
2.42832
2.42819
2.42802
2.42781
2.42756
2.42728
2.42695
2.42659
2.42619
2.42575
2.42527
2.42475
2.4242
2.42362
2.42302
2.42238
2.42172
2.42105
2.42035
2.41965
2.41894
2.41823
2.41752
2.41681
2.41612
2.41545
2.41479
2.41416
2.41355
2.41299
2.41245
2.41196
2.41151
2.4111
2.41075
2.41044
2.41018
2.40997
2.40982
2.40971
2.40965
2.40964
2.40968
2.40976
2.40988
2.41004
2.41024
2.41047
2.41073
2.41101
2.41132
2.41165
2.41199
2.41235
2.41272
2.41311
2.41351
2.41391
2.41433
2.41476
2.4152
2.41566
2.41612
2.41661
2.4171
2.41762
2.41815
2.41871
2.41928
2.41987
2.42047
2.42109
2.42172
2.42235
2.42299
2.42363
2.42425
2.42486
2.42545
2.426
2.42652
2.42699
2.4274
2.42775
2.42802
2.42822
2.42833
2.42834
2.42826
2.42806
2.42776
2.42734
2.42681
2.42615
2.42537
2.42446
2.42344
2.42228
2.42101
2.41961
2.41809
2.41645
2.4147
2.41283
2.41086
