9.92056
9.91684
9.91161
9.90485
9.89656
9.88671
9.87528
9.86224
9.84757
9.83123
9.81319
9.7934
9.77182
9.7484
9.72308
9.69581
9.66653
9.63518
9.60168
9.56596
9.52796
9.48759
9.44477
9.39941
9.35145
9.30077
9.24731
9.19096
9.13165
9.06929
9.0038
8.93509
8.86311
8.78778
8.70905
8.6269
8.54129
8.45222
8.3597
8.26379
8.16455
8.06208
7.95651
7.84802
7.73681
7.62313
7.50726
7.38953
7.27028
7.14992
7.02886
6.90754
6.78641
6.66595
6.54663
6.42892
6.31327
6.20013
6.08993
5.98305
5.87987
5.78072
5.6859
5.59566
5.51022
5.42978
5.35446
5.28436
5.21955
5.16004
5.10584
5.05687
5.01308
4.97434
4.94053
4.91147
4.88699
4.86689
4.85095
4.83895
4.83065
4.8258
4.82415
4.82545
4.82945
4.83589
4.84453
4.85513
4.86745
4.88126
4.89634
4.91249
4.9295
4.94718
4.96535
4.98386
5.00254
5.02126
5.03989
5.05831
5.07643
5.09414
5.11137
5.12806
5.14415
5.15959
5.17436
5.18843
5.20179
5.21444
5.22638
5.23763
5.2482
5.25813
5.26745
5.2762
5.28442
5.29215
5.29944
5.30634
5.3129
5.31917
5.32518
5.33099
5.33662
5.34211
5.34749
5.35278
5.35797
5.36309
5.36813
5.37307
5.37789
5.38256
5.38705
5.39131
5.3953
5.39896
5.40223
5.40506
5.40738
5.40914
5.41028
5.41074
5.41048
5.40946
5.40763
5.40497
5.40147
5.39712
5.39192
5.38588
5.37903
5.3714
5.36302
5.35396
5.34425
5.33398
5.32319
5.31197
5.30039
5.28852
5.27643
5.26422
5.25194
5.23969
5.22754
5.21557
5.20385
5.19248
5.18154
5.17109
5.16121
5.15199
5.14348
5.13574
5.12883
5.12277
5.11761
5.11333
5.10993
5.1074
5.1057
5.10476
5.10454
5.10496
5.10595
5.10742
5.10929
5.11147
5.11389
5.11647
5.11913
5.1218
5.12443
5.12695
5.12931
5.13148
5.13341
5.13508
5.13645
5.13751
5.13824
5.13863
5.13868
5.13838
5.13774
5.13677
5.13547
5.13386
5.13197
5.1298
5.12738
5.12473
5.12188
5.11886
5.11569
5.11241
5.10904
5.1056
5.10214
5.09867
5.09522
5.09183
5.0885
5.08526
5.08214
5.07914
5.07629
5.0736
5.07109
5.06876
5.06661
5.06467
5.06292
5.06138
5.06005
5.05892
5.058
5.05729
5.05679
5.05648
5.05637
5.05646
5.05674
5.0572
5.05784
5.05865
5.05962
5.06076
5.06203
5.06345
5.065
5.06667
5.06845
5.07033
5.07231
5.07437
5.07652
5.07875
5.08105
5.08342
5.08586
5.08837
5.09095
5.09359
5.09631
5.09909
5.10194
5.10486
5.10785
5.1109
5.11402
5.11719
5.12042
5.12371
5.12704
5.13042
5.13384
5.13729
5.14076
5.14425
5.14775
5.15124
5.15472
5.15816
5.16155
5.16486
5.16809
5.17119
5.17415
5.17695
5.17955
5.18193
5.18407
5.18595
5.18756
5.18886
5.18987
5.19057
5.19095
5.19103
5.19081
5.19031
5.18953
5.1885
5.18724
5.18577
5.18413
5.18235
5.18044
5.17846
5.17643
5.17439
5.17237
5.17043
5.16859
5.16689
5.16538
5.16409
5.16305
5.16231
5.16189
5.16182
5.16212
5.16281
5.16391
5.16543
5.16736
5.16971
5.17247
5.17563
5.17917
5.18307
5.18732
5.19188
5.19672
5.20182
5.20714
5.21265
5.21831
5.22409
5.22995
5.23585
5.24176
5.24765
5.25347
5.25921
5.26481
5.27025
5.27551
5.28054
5.28534
5.28987
5.29411
5.29805
5.30166
5.30494
5.30788
5.31048
5.31273
5.31464
5.31623
5.31749
5.31846
5.31916
5.31961
5.31984
5.31989
5.31978
5.31956
5.31926
5.3189
5.31853
5.31817
5.31784
5.31757
5.31736
5.31722
5.31717
5.31719
5.31728
5.31743
5.3176
5.31779
5.31797
5.31809
5.31815
5.31809
5.31789
5.31752
5.31695
5.31615
5.3151
5.31377
5.31216
5.31025
5.30804
5.30554
5.30274
5.29967
5.29634
5.29278
5.28902
5.28508
5.28101
5.27685
5.27264
5.26842
5.26424
5.26014
5.25617
5.25236
5.24876
5.24541
5.24233
5.23957
5.23714
5.23506
5.23337
5.23205
5.23114
5.23062
5.2305
5.23078
5.23143
5.23245
5.23381
5.2355
5.23749
5.23975
5.24225
5.24496
5.24783
5.25084
5.25394
5.2571
5.26028
5.26345
5.26656
5.26958
5.27248
5.27523
5.27779
5.28014
5.28225
5.28411
5.28569
5.28698
5.28797
5.28864
5.289
5.28903
5.28874
5.28813
5.28721
5.28598
5.28447
5.28267
5.28061
5.27831
5.27579
5.27306
5.27016
5.26711
5.26393
5.26067
5.25735
5.254
5.25066
5.24736
5.24413
5.241
5.23801
5.23518
5.23253
5.23008
5.22785
5.22584
5.22406
5.22252
5.22119
5.22007
5.21915
5.2184
5.2178
5.21733
5.21697
5.2167
5.21649
5.21631
5.21617
5.21604
5.21592
5.2158
5.21569
5.21559
5.2155
5.21544
5.21542
5.21546
5.21557
5.21577
5.21607
5.21649
5.21703
5.21772
5.21854
5.21952
5.22063
5.22189
5.22329
5.22481
5.22645
5.22819
5.23002
5.23191
5.23385
5.23583
5.23781
5.23977
5.2417
5.24357
5.24535
5.24704
5.24859
5.25
5.25125
5.25231
5.25317
5.25381
5.25423
5.25442
5.25435
5.25403
5.25346
5.25262
5.25152
5.25015
5.24851
5.2466
5.24441
5.24195
5.23922
5.23621
5.23292
5.22935
5.22552
5.22143
5.21709
5.21252
5.20776
5.20283
5.19778
5.19264
5.18746
5.1823
5.1772
5.17222
5.16741
5.16281
5.15846
5.15439
5.15061
5.14713
5.14396
5.14109
5.13849
5.13614
5.13401
5.13205
5.13024
5.12853
5.12687
5.12524
5.12359
5.1219
5.12014
5.11829
5.11633
5.11425
5.11205
5.10973
5.10729
5.10476
5.10213
5.09943
5.09669
5.09394
5.0912
5.0885
5.08588
5.08337
5.081
5.07879
5.07676
5.07494
5.07334
5.07197
5.07082
5.0699
5.06921
5.06873
5.06846
5.06838
5.06849
5.06876
5.06918
5.06975
5.07045
5.07126
5.07219
5.07321
5.07431
5.07549
5.07673
5.07801
5.07932
5.08065
5.08196
5.08325
5.08449
5.08566
5.08674
5.0877
5.08853
5.0892
5.08968
5.08997
5.09004
5.08989
5.08949
5.08884
5.08793
5.08676
5.08532
5.08363
5.08167
5.07946
5.07702
5.07433
5.07143
5.06832
5.06501
5.06153
5.05789
5.0541
5.0502
5.04618
5.04209
5.03794
5.03375
5.02954
5.02535
5.0212
5.01712
5.01313
5.00927
5.00556
5.00204
4.99874
4.99568
4.9929
4.99044
4.98831
4.98654
4.98516
4.9842
4.98367
4.98358
4.98395
4.98479
4.98609
4.98787
4.9901
4.99279
4.99593
4.99948
5.00345
5.00781
5.01252
5.01758
5.02294
5.02858
5.03446
5.04056
5.04682
5.05321
5.05968
5.06619
5.07268
5.07911
5.08543
5.09157
5.09751
5.10319
5.10858
5.11362
5.11831
5.1226
5.12648
5.12994
5.13296
5.13553
5.13767
5.13935
5.1406
5.14142
5.14181
5.14179
5.14136
5.14055
5.13935
5.1378
5.1359
5.13367
5.13114
5.12832
5.12524
5.12193
5.1184
5.1147
5.11084
5.10687
5.10281
5.09869
5.09455
5.09041
5.08632
5.08229
5.07836
5.07455
5.07088
5.06738
5.06406
5.06093
5.05801
5.05529
5.05279
5.05051
5.04843
5.04656
5.04488
5.04339
5.04207
5.04091
5.03989
5.039
5.03821
5.03751
5.03689
5.03632
5.03579
5.03528
5.03478
5.03428
5.03377
5.03323
5.03267
5.03209
5.03147
5.03082
5.03014
5.02944
5.02873
5.02801
5.0273
5.0266
5.02593
5.02529
5.02472
5.02422
5.0238
5.0235
5.02332
5.02328
5.02341
5.02373
5.02425
5.02499
5.02597
5.02722
5.02874
5.03054
5.03264
5.03505
5.03776
5.04079
5.04411
5.04773
5.05164
5.05581
5.06025
5.06491
5.0698
5.07487
5.0801
5.08547
5.09094
5.0965
5.10209
5.1077
5.11328
5.11881
5.12424
5.12956
5.13471
5.13968
5.14442
5.14893
5.15316
5.1571
5.16073
5.16404
5.16701
5.16964
5.17193
5.17386
5.17544
5.17667
5.17755
5.17808
5.17827
5.1781
5.1776
5.17675
5.17556
5.17404
5.17219
5.17002
5.16755
5.16479
5.16176
5.15849
5.15501
5.15136
5.14757
5.14371
5.1398
5.13589
5.13202
5.12824
5.12458
5.12105
5.11767
5.11444
5.11136
5.10841
5.10557
5.10279
5.10005
5.0973
5.09449
5.09161
5.08859
5.08543
5.0821
5.07858
5.07487
5.07098
5.06691
5.06269
5.05835
5.0539
5.04939
5.04484
5.04029
5.03577
5.03131
5.02693
5.02264
5.01847
5.01441
5.01047
5.00663
5.00288
4.99919
4.99555
4.99192
4.98827
4.98456
4.98076
4.97684
4.97276
4.96849
4.96401
4.95929
4.95432
4.94908
4.94357
4.93779
4.93174
4.92543
4.91886
4.91207
4.90507
4.89788
4.89054
4.88308
4.87554
4.86795
4.86036
4.85282
4.84537
4.83805
4.83092
4.82404
4.81745
4.8112
4.80536
4.79996
4.79505
4.79069
4.78692
4.78377
4.78129
4.77949
4.77841
4.77806
4.77846
4.77962
4.78153
4.78419
4.78758
4.79169
4.79649
4.80195
4.80804
4.81472
4.82194
4.82967
4.83785
4.84644
4.85538
4.86463
4.87414
4.88387
4.89377
4.9038
4.91392
4.9241
4.93431
4.94453
4.95473
4.9649
4.97502
4.9851
4.99513
5.00511
5.01504
5.02493
5.03478
5.04461
5.0544
5.06417
5.07392
5.08363
5.09331
5.10293
5.11249
5.12194
5.13128
5.14045
5.14943
5.15818
5.16664
5.17478
5.18255
5.18991
5.1968
5.20318
5.20902
5.21427
5.2189
5.22289
5.2262
5.22882
5.23074
5.23194
5.23243
5.2322
5.23128
5.22968
5.22741
5.22452
5.22104
5.217
5.21246
5.20748
5.20209
5.19638
5.1904
5.18422
5.17791
5.17154
5.16517
5.15888
5.15274
5.14679
5.14111
5.13574
5.13073
5.12613
5.12197
5.11827
5.11506
5.11235
5.11015
5.10845
5.10724
5.1065
5.10622
5.10635
5.10686
5.10772
5.10886
5.11023
5.11179
5.11348
5.11524
5.117
5.11872
5.12035
5.12182
5.12309
5.12412
5.12487
5.12531
5.12542
5.12516
5.12453
5.12352
5.12212
5.12036
5.11823
5.11576
5.11296
5.10987
5.10651
5.10292
5.09914
5.09519
5.09112
5.08696
5.08276
5.07854
5.07435
5.07021
5.06616
5.06222
5.05842
5.05479
5.05133
5.04807
5.04503
5.04221
5.03963
5.03729
5.03519
5.03335
5.03175
5.0304
5.02929
5.02842
5.02779
5.02738
5.02719
5.02722
5.02745
5.02787
5.02849
5.02928
5.03026
5.0314
5.03271
5.03419
5.03582
5.03761
5.03956
5.04165
5.04389
5.04626
5.04877
5.05139
5.05412
5.05695
5.05984
5.06278
5.06575
5.06872
5.07165
5.07451
5.07727
5.07988
5.08231
5.08451
5.08642
5.08802
5.08925
5.09006
5.09042
5.09028
5.0896
5.08836
5.08652
5.08406
5.08097
5.07725
5.07288
5.06788
5.06227
5.05607
5.0493
5.04202
5.03427
5.02609
5.01754
5.00869
4.9996
4.99033
4.98095
4.97153
4.96213
4.95282
4.94366
4.93472
4.92604
4.91768
4.90969
4.90212
4.89501
4.8884
4.88233
4.87683
4.87193
4.86766
4.86404
4.86111
4.85888
4.85737
4.8566
4.85659
4.85735
4.85889
4.86121
4.86434
4.86825
4.87295
4.87843
4.88466
4.89163
4.8993
4.90764
4.91661
4.92616
4.93625
4.94681
4.95779
4.96914
4.98079
4.99269
5.00478
5.017
5.0293
5.04164
5.05395
5.0662
5.07834
5.09035
5.10219
5.11382
5.12522
5.13636
5.14723
5.15779
5.16803
5.17793
5.18746
5.1966
5.20533
5.21362
5.22146
5.2288
5.23563
5.24192
5.24763
5.25276
5.25726
5.26113
5.26434
5.26687
5.26872
5.26989
5.27037
5.27018
5.26932
5.26781
5.2657
5.26299
5.25974
5.25599
5.25178
5.24716
5.24219
5.23692
5.23139
5.22567
5.2198
5.21383
5.20781
5.20176
5.19572
5.18973
5.1838
5.17795
5.1722
5.16654
5.16098
5.15552
5.15016
5.14488
5.13969
5.13456
5.12949
5.12447
5.11949
5.11454
5.10962
5.10471
5.09982
5.09495
5.0901
5.08526
5.08045
5.07567
5.07093
5.06624
5.06161
5.05705
5.05258
5.04819
5.04392
5.03976
5.03572
5.03181
5.02803
5.02439
5.02089
5.01753
5.01431
5.01122
5.00826
5.00543
5.00271
5.00012
4.99763
4.99526
4.99299
4.99083
4.98876
4.9868
4.98495
4.98319
4.98155
4.98002
4.97861
4.97732
4.97615
4.97512
4.97422
4.97347
4.97286
4.97241
4.97211
4.97196
4.97197
4.97214
4.97246
4.97294
4.97357
4.97435
4.97527
4.97633
4.97753
4.97887
4.98033
4.98192
4.98363
4.98546
4.98742
4.9895
4.99169
4.994
4.99643
4.99896
5.0016
5.00434
5.00716
5.01005
5.01299
5.01596
5.01896
5.02194
5.02489
5.02778
5.0306
5.03331
5.0359
5.03835
5.04064
5.04276
5.0447
5.04644
5.04799
5.04934
5.05049
5.05144
5.05219
5.05275
5.05312
5.05331
5.05334
5.05321
5.05293
5.05253
5.05202
5.05141
5.05073
5.04998
5.0492
5.04839
5.04757
5.04675
5.04595
5.04517
5.04441
5.04367
5.04295
5.04224
5.04151
5.04075
5.03993
5.03903
5.03801
5.03685
5.0355
5.03394
5.03213
5.03005
5.02767
5.02496
5.02192
5.01852
5.01477
5.01066
5.0062
5.00141
4.9963
4.99091
4.98527
4.97941
4.97339
4.96724
4.96103
4.95481
4.94864
4.94256
4.93665
4.93095
4.92552
4.92041
4.91565
4.9113
4.90737
4.9039
4.90092
4.89842
4.89643
4.89495
4.89396
4.89346
4.89343
4.89386
4.8947
4.89595
4.89755
4.89947
4.90166
4.90409
4.90671
4.90947
4.91231
4.9152
4.91808
4.92091
4.92363
4.92621
4.9286
4.93077
4.93268
4.9343
4.93561
4.93659
4.93723
4.93751
4.93744
4.93702
4.93626
4.93519
4.93382
4.93218
4.93032
4.92828
4.92609
4.92382
4.92151
4.91923
4.91701
4.91493
4.91303
4.91137
4.91
4.90895
4.90827
4.90799
4.90813
4.90871
4.90975
4.91124
4.91318
4.91557
4.91839
4.92161
4.9252
4.92915
4.9334
4.93792
4.94268
4.94764
4.95274
4.95795
4.96324
4.96855
4.97385
4.97911
4.98428
4.98935
4.99429
4.99906
5.00366
5.00805
5.01224
5.01621
5.01996
5.02348
5.02679
5.02988
5.03278
5.03549
5.03802
5.04041
5.04266
5.04481
5.04686
5.04885
5.05078
5.05269
5.05458
5.05647
5.05837
5.06029
5.06223
5.06419
5.06616
5.06813
5.07011
5.07206
5.07397
5.07582
5.07759
5.07924
5.08076
5.08211
5.08326
5.08418
5.08485
5.08523
5.08531
5.08506
5.08446
5.0835
5.08216
5.08043
5.07831
5.07581
5.07292
5.06967
5.06605
5.0621
5.05782
5.05325
5.04842
5.04334
5.03805
5.03259
5.02699
5.02128
5.01549
5.00967
5.00386
4.99807
4.99236
4.98676
4.9813
4.976
4.97091
4.96603
4.96139
4.95701
4.95289
4.94903
4.94544
4.94209
4.93899
4.93611
4.93342
4.93089
4.92851
4.92623
4.92402
4.92185
4.9197
4.91752
4.91531
4.91304
4.91068
4.90823
4.90568
4.90302
4.90026
4.89739
4.89443
4.89138
4.88827
4.88511
4.88191
4.87871
4.87552
4.87236
4.86927
4.86627
4.86338
4.86062
4.85801
4.85557
4.85332
4.85126
4.84941
4.84778
4.84635
4.84514
4.84413
4.84332
4.8427
4.84226
4.84199
4.84186
4.84187
4.84201
4.84225
4.84257
4.84298
4.84344
4.84395
4.8445
4.84507
4.84564
4.84622
4.84678
4.84733
4.84784
4.84832
4.84875
4.84914
4.84946
4.84973
4.84994
4.85008
4.85016
4.85017
4.85012
4.85001
4.84985
4.84963
4.84937
4.84907
4.84872
4.84835
4.84795
4.84752
4.84708
4.84661
4.84613
4.84562
4.84509
4.84455
4.84397
4.84337
4.84275
4.84209
4.84139
4.84067
4.83992
4.83914
4.83833
4.83751
4.83669
4.83586
4.83504
4.83425
4.8335
4.83279
4.83215
4.83158
4.83109
4.83071
4.83044
4.83029
4.83027
4.8304
4.83068
4.83112
4.83172
4.8325
4.83346
4.83461
4.83595
4.83748
4.8392
4.84112
4.84324
4.84556
4.84806
4.85076
4.85365
4.85671
4.85995
4.86336
4.86692
4.87063
4.87448
4.87845
4.88255
4.88676
4.89106
4.89545
4.89992
4.90446
4.90905
4.91369
4.91836
4.92306
4.92778
4.93249
4.93721
4.94191
4.94659
4.95124
4.95584
4.9604
4.96489
4.96932
4.97366
4.97791
4.98205
4.98607
4.98995
4.99368
4.99723
5.0006
5.00375
5.00668
5.00935
5.01177
5.01392
5.01578
5.01735
5.01863
5.01962
5.02033
5.02078
5.02097
5.02093
5.02069
5.02029
5.01974
5.01909
5.01838
5.01764
5.01691
5.01623
5.01562
5.01511
5.01473
5.01448
5.01438
5.01443
5.01461
5.01492
5.01533
5.01582
5.01635
5.0169
5.01742
5.01789
5.01827
5.01853
5.01864
5.01859
5.01835
5.01791
5.01726
5.01638
5.01529
5.01398
5.01244
5.01068
5.00871
5.00651
5.0041
5.00148
4.99864
4.99559
4.99234
4.98887
4.98519
4.98131
4.97722
4.97294
4.96847
4.96381
4.95899
4.95402
4.94891
4.94368
4.93835
4.93294
4.92747
4.92196
4.91644
4.91092
4.90542
4.89997
4.89457
4.88924
4.88399
4.87884
4.87379
4.86886
4.86405
4.85936
4.8548
4.85037
4.84608
4.84193
4.83793
4.83406
4.83034
4.82676
4.82333
4.82006
4.81693
4.81396
4.81115
4.80851
4.80604
4.80375
4.80165
4.79974
4.79803
4.79652
4.79524
4.79417
4.79332
4.7927
4.79229
4.7921
4.79211
4.79231
4.79269
4.79322
4.79389
4.79467
4.79553
4.79646
4.79742
4.79839
4.79934
4.80027
4.80116
4.80199
4.80276
4.80347
4.80413
4.80474
4.80533
4.8059
4.80649
4.80712
4.80782
4.80862
4.80956
4.81066
4.81197
4.8135
4.8153
4.81738
4.81978
4.8225
4.82556
4.82897
4.83274
4.83686
4.84134
4.84615
4.85129
4.85673
4.86247
4.86845
4.87467
4.88109
4.88768
4.8944
4.90122
4.9081
4.91502
4.92193
4.92881
4.93561
4.94231
4.94888
4.95528
4.96149
4.96748
4.97323
4.97873
4.98394
4.98886
4.99349
4.99782
5.00184
5.00558
5.00904
5.01225
5.01523
5.01802
5.02066
5.02318
5.02565
5.0281
5.0306
5.03319
5.03593
5.03886
5.04202
5.04545
5.04918
5.05322
5.0576
5.06231
5.06736
5.07271
5.07837
5.0843
5.09046
5.09683
5.10337
5.11004
5.1168
5.12361
5.13043
5.13722
5.14396
5.15059
5.15711
5.16346
5.16963
5.17559
5.18133
5.18681
5.19201
5.19693
5.20155
5.20586
5.20984
5.2135
5.21683
5.21983
5.22251
5.22487
5.22692
5.22869
5.23018
5.23143
5.23245
5.23328
5.23395
5.23448
5.23491
5.23527
5.23559
5.23591
5.23625
5.23664
5.2371
5.23765
5.2383
5.23906
5.23994
5.24093
5.24203
5.24324
5.24454
5.24592
5.24737
5.24886
5.25038
5.25192
5.25345
5.25497
5.25646
5.25792
5.25933
5.26069
5.26201
5.26327
5.26448
5.26563
5.26671
5.26773
5.26866
5.2695
5.27023
5.27082
5.27127
5.27154
5.27161
5.27146
5.27107
5.27041
5.26948
5.26825
5.26674
5.26493
5.26283
5.26046
5.25782
5.25494
5.25184
5.24853
5.24505
5.2414
5.23761
5.23369
5.22967
5.22553
5.22129
5.21693
5.21246
5.20786
5.20312
5.1982
5.19309
5.18777
5.18222
5.1764
5.17031
5.16392
5.15722
5.15022
5.14291
5.1353
5.12742
5.11927
5.1109
5.10233
5.09363
5.08482
5.07597
5.06712
5.05833
5.04965
5.04113
5.03281
5.02473
5.01692
5.0094
5.00218
4.99527
4.98867
4.98236
4.97632
4.97053
4.96497
4.95961
4.95442
4.94937
4.94444
4.9396
4.93485
4.93018
4.92557
4.92103
4.91658
4.91222
4.90796
4.90384
4.89988
4.8961
4.89252
4.88918
4.88609
4.88328
4.88077
4.87857
4.8767
4.87516
4.87395
4.87308
4.87255
4.87236
4.87251
4.87298
4.87379
4.87493
4.8764
4.8782
4.88033
4.88281
4.88562
4.88878
4.89227
4.89608
4.9002
4.90461
4.90928
4.91418
4.91925
4.92446
4.92976
4.93509
4.9404
4.94566
4.9508
4.95581
4.96065
4.9653
4.96976
4.97401
4.97807
4.98195
4.98567
4.98924
4.99269
4.99606
4.99936
5.00261
5.00584
5.00906
5.01229
5.01553
5.01879
5.02206
5.02535
5.02866
5.03196
5.03527
5.03858
5.04188
5.04518
5.04846
5.05173
5.05501
5.05827
5.06154
5.06482
5.0681
5.07139
5.07469
5.078
5.08132
5.08463
5.08792
5.0912
5.09443
5.09761
5.10073
5.10375
5.10668
5.10949
5.11216
5.11469
5.11707
5.11928
5.12133
5.12321
5.12493
5.12647
5.12786
5.12909
5.13018
5.13113
5.13196
5.13266
5.13324
5.13371
5.13408
5.13433
5.13448
5.13452
5.13444
5.13423
5.1339
5.13343
5.13281
5.13204
5.13111
5.13002
5.12875
5.12732
5.12571
5.12394
5.12201
5.11992
5.11769
5.11532
5.11284
5.11026
5.10759
5.10485
5.10206
5.09924
5.0964
5.09356
5.09075
5.08796
5.08522
5.08254
5.07993
5.07739
5.07494
5.07258
5.07032
5.06816
5.0661
5.06414
5.06228
5.06052
5.05885
5.05728
5.0558
5.0544
5.05309
5.05185
5.05069
5.04961
5.0486
5.04768
5.04683
5.04608
5.04544
5.04491
5.04451
5.04426
5.04417
5.04428
5.04459
5.04513
5.04591
5.04694
5.04824
5.04981
5.05165
5.05376
5.05612
5.05873
5.06156
5.0646
5.06781
5.07117
5.07464
5.0782
5.08182
5.08545
5.08908
5.09266
5.09619
5.09962
5.10293
5.10612
5.10915
5.11202
5.1147
5.1172
5.1195
5.1216
5.12349
5.12516
5.12662
5.12787
5.12889
5.1297
5.13029
5.13067
5.13084
5.13081
5.13058
5.13017
5.12959
5.12886
5.128
5.12703
5.12598
5.12489
5.12378
5.12269
5.12167
5.12074
5.11996
5.11937
5.11899
5.11888
5.11906
5.11958
5.12044
5.12169
5.12332
5.12536
5.1278
5.13064
5.13386
5.13746
5.1414
5.14566
5.15019
5.15497
5.15995
5.16508
5.17031
5.17559
5.18088
5.18611
5.19126
5.19625
5.20106
5.20564
5.20995
5.21394
5.2176
5.22088
5.22376
5.22622
5.22824
5.2298
5.23089
5.23151
5.23165
5.23131
5.23049
5.2292
5.22745
5.22526
5.22265
5.21963
5.21623
5.21246
5.20836
5.20396
5.19926
5.19431
5.18912
5.18372
5.17812
5.17234
5.1664
5.16031
5.15408
5.14772
5.14122
5.13461
5.12787
5.12101
5.11404
5.10696
5.09976
5.09245
5.08505
5.07756
5.07
5.06236
5.05469
5.04699
5.03929
5.03161
5.02399
5.01646
5.00906
5.00181
4.99476
4.98795
4.98142
4.97522
4.96939
4.96397
4.95901
4.95455
4.95063
4.94729
4.94457
4.94251
4.94112
4.94045
4.94051
4.9413
4.94285
4.94515
4.94819
4.95196
4.95644
4.9616
4.9674
4.9738
4.98075
4.9882
4.99609
5.00436
5.01294
5.02176
5.03076
5.03986
5.04899
5.05808
5.06707
5.07588
5.08445
5.09272
5.10062
5.1081
5.11511
5.12158
5.12748
5.13276
5.13739
5.14134
5.14458
5.1471
5.14887
5.1499
5.15018
5.14974
5.14857
5.14671
5.14419
5.14105
5.13733
5.13307
5.12834
5.12318
5.11767
5.11185
5.10579
5.09955
5.09319
5.08676
5.08032
5.07391
5.06758
5.06137
5.05532
5.04946
5.04383
5.03846
5.03336
5.02857
5.02411
5.02001
5.01628
5.01295
5.01002
5.00753
5.00549
5.00391
5.0028
5.00219
5.00206
5.00243
5.00331
5.00469
5.00656
5.00893
5.01176
5.01506
5.01879
5.02294
5.02747
5.03235
5.03755
5.04303
5.04876
5.0547
5.06081
5.06705
5.0734
5.07983
5.0863
5.09281
5.09932
5.10584
5.11235
5.11886
5.12536
5.13187
5.13839
5.14493
5.15151
5.15812
5.16478
5.17149
5.17825
5.18504
5.19187
5.19871
5.20553
5.21232
5.21903
5.22564
5.23212
5.23841
5.24449
5.25033
5.25588
5.26111
5.266
5.27051
5.27462
5.27829
5.28151
5.28425
5.28649
5.28821
5.28938
5.29
5.29005
5.28952
5.2884
5.28669
5.2844
5.28155
5.27814
5.27422
5.26982
5.26498
5.25975
5.25421
5.24841
5.24243
5.23635
5.23026
5.22423
5.21835
5.2127
5.20736
5.20242
5.19792
5.19395
5.19056
5.1878
5.1857
5.18431
5.18365
5.18373
5.18456
5.18614
5.18845
5.19146
5.19515
5.19946
5.20435
5.20976
5.21562
5.22185
5.22837
5.23511
5.24198
5.24888
5.25574
5.26246
5.26895
5.27515
5.28096
5.28631
5.29114
5.29538
5.29897
5.30187
5.30403
5.30542
5.30601
5.3058
5.30476
5.30291
5.30025
5.2968
5.29259
5.28765
5.28201
5.27574
5.26887
5.26148
5.25361
5.24533
5.23672
5.22783
5.21873
5.20951
5.20021
5.19091
5.18167
5.17257
5.16364
5.15496
5.14659
5.13856
5.13093
5.12374
5.11704
5.11084
5.10519
5.1001
5.09558
5.09164
5.08827
5.08547
5.08321
5.08147
5.0802
5.07937
5.07893
5.07882
5.07898
5.07936
5.0799
5.08054
5.08121
5.08187
5.08247
5.08296
5.0833
5.08345
5.08341
5.08314
5.08264
5.0819
5.08092
5.07972
5.07832
5.07673
5.07498
5.07311
5.07115
5.06915
5.06715
5.06519
5.06331
5.06156
5.05998
5.05861
5.05749
5.05663
5.05607
5.05583
5.0559
5.05629
5.057
5.05801
5.0593
5.06085
5.06262
5.06458
5.06669
5.06891
5.07119
5.07349
5.07577
5.07799
5.08012
5.08212
5.08395
5.0856
5.08704
5.08826
5.08924
5.08997
5.09045
5.09068
5.09067
5.09043
5.08996
5.08928
5.08841
5.08736
5.08615
5.08479
5.0833
5.08169
5.07996
5.07814
5.07621
5.07419
5.07206
5.06982
5.06747
5.06499
5.06237
5.0596
5.05668
5.05361
5.05037
5.04699
5.04346
5.03981
5.03607
5.03227
5.02846
5.0247
5.02104
5.01756
5.01433
5.01143
5.00895
5.00697
5.00557
5.00483
5.00482
5.0056
5.00723
5.00975
5.01318
5.01752
5.02279
5.02895
5.03597
5.04381
5.05241
5.06168
5.07155
5.08193
5.09273
5.10385
5.11519
5.12665
5.13813
5.14953
5.16077
5.17176
5.18243
5.19269
5.20248
5.21175
5.22044
5.22852
5.23594
5.24269
5.24873
5.25405
5.25866
5.26255
5.26572
5.26818
5.26996
5.27107
5.27153
5.27138
5.27064
5.26935
5.26754
5.26525
5.26252
5.25938
5.25589
5.25207
5.24798
5.24364
5.23909
5.23438
5.22953
5.22459
5.21959
5.21455
5.20951
5.20449
5.19952
5.19463
5.18983
5.18515
5.18061
5.17623
5.17202
5.168
5.16418
5.16058
5.15721
5.15407
5.15118
5.14854
5.14616
5.14403
5.14217
5.14057
5.13923
5.13814
5.13731
5.13674
5.13642
5.13634
5.1365
5.13691
5.13754
5.13841
5.13949
5.14079
5.1423
5.14401
5.1459
5.14797
5.15019
5.15256
5.15506
5.15767
5.16036
5.16311
5.16591
5.16873
5.17154
5.17432
5.17704
5.17967
5.18219
5.18457
5.18677
5.18877
5.19054
5.19205
5.19328
5.19418
5.19474
5.19494
5.19475
5.19416
5.19314
5.19168
5.18978
5.18743
5.18462
5.18136
5.17765
5.17351
5.16894
5.16396
5.15861
5.15288
5.14683
5.14047
5.13384
5.12697
5.1199
5.11267
5.10531
5.09787
5.09039
5.0829
5.07546
5.0681
5.06085
5.05377
5.04688
5.04023
5.03386
5.02779
5.02208
5.01674
5.01182
5.00736
5.00337
4.9999
4.99697
4.99461
4.99284
4.9917
4.99119
4.99133
4.99213
4.99359
4.99571
4.99848
5.00188
5.0059
5.01051
5.01566
5.02132
5.02744
5.03397
5.04086
5.04805
5.05548
5.0631
5.07083
5.07864
5.08644
5.0942
5.10185
5.10935
5.11665
5.1237
5.13046
5.13689
5.14296
5.14863
5.15387
5.15865
5.16296
5.16676
5.17005
5.1728
5.175
5.17664
5.17771
5.1782
5.17811
5.17745
5.17621
5.17439
5.17201
5.16908
5.16561
5.16162
5.15714
5.15218
5.14678
5.14097
5.13479
5.12828
5.12149
5.11446
5.10726
5.09992
5.09252
5.08511
5.07775
5.0705
5.06344
5.05662
5.05009
5.04393
5.03818
5.03289
5.02811
5.02387
5.02021
5.01715
5.0147
5.01286
5.01164
5.01101
5.01096
5.01145
5.01244
5.01389
5.01574
5.01793
5.02041
5.0231
5.02595
5.02889
5.03186
5.03481
5.03768
5.04043
5.04302
5.04542
5.0476
5.04955
5.05126
5.05272
5.05394
5.05492
5.05568
5.05621
5.05654
5.05668
5.05665
5.05645
5.0561
5.05561
5.05501
5.05429
5.05349
5.05261
5.05168
5.0507
5.04971
5.04872
5.04776
5.04684
5.04599
5.04521
5.04452
5.04394
5.04346
5.04308
5.0428
5.04261
5.04249
5.04242
5.04237
5.04233
5.04225
5.04212
5.04189
5.04154
5.04105
5.04038
5.03952
5.03845
5.03716
5.03565
5.0339
5.03193
5.02975
5.02738
5.02482
5.02212
5.01928
5.01636
5.01336
5.01034
5.00731
5.00431
5.00137
4.99852
4.99578
4.99317
4.99072
4.98844
4.98634
4.98444
4.98274
4.98124
4.97995
4.97885
4.97796
4.97725
4.97671
4.97633
4.97609
4.97597
4.97594
4.97599
4.97609
4.97621
4.97633
4.97644
4.9765
4.97649
4.97641
4.97624
4.97598
4.97561
4.97514
4.97458
4.97394
4.97323
4.97247
4.97169
4.97092
4.97016
4.96946
4.96883
4.9683
4.96787
4.96756
4.96738
4.96732
4.96739
4.96758
4.96788
4.96827
4.96876
4.96932
4.96996
4.97067
4.97145
4.97231
4.97325
4.9743
4.97546
4.97674
4.97818
4.97978
4.98156
4.98353
4.9857
4.98809
4.99068
4.99347
4.99647
4.99965
5.003
5.00651
5.01016
5.01393
5.0178
5.02175
5.02576
5.02982
5.03392
5.03804
5.04218
5.04633
5.0505
5.05468
5.05888
5.06311
5.06737
5.07169
5.07606
5.08051
5.08505
5.08969
5.09446
5.09935
5.1044
5.10959
5.11494
5.12045
5.12611
5.13192
5.13786
5.14391
5.15006
5.15626
5.16249
5.16871
5.17489
5.18097
5.18691
5.19268
5.19821
5.20348
5.20844
5.21306
5.21729
5.22111
5.22451
5.22745
5.22994
5.23196
5.23353
5.23464
5.23532
5.23559
5.23548
5.23502
5.23425
5.23321
5.23194
5.23048
5.22888
5.22718
5.22542
5.22363
5.22184
5.22008
5.21838
5.21674
5.21517
5.21368
5.21227
5.21092
5.20963
5.20838
5.20714
5.20589
5.20461
5.20327
5.20184
5.20028
5.19856
5.19666
5.19454
5.19217
5.18952
5.18657
5.18329
5.17965
5.17564
5.17124
5.16644
5.16122
5.15558
5.14952
5.14304
5.13614
5.12884
5.12116
5.11311
5.10472
5.09602
5.08705
5.07784
5.06843
5.05888
5.04922
5.03951
5.0298
5.02014
5.01058
5.00116
4.99194
4.98296
4.97426
4.96588
4.95784
4.95019
4.94294
4.93611
4.92972
4.92378
4.9183
4.91328
4.90874
4.90466
4.90105
4.89792
4.89524
4.89303
4.89127
4.88996
4.8891
4.88866
4.88864
4.88902
4.88979
4.89091
4.89238
4.89415
4.89621
4.89852
4.90104
4.90374
4.9066
4.90956
4.91261
4.91571
4.91882
4.92194
4.92502
4.92806
4.93104
4.93394
4.93677
4.93952
4.9422
4.94481
4.94736
4.94986
4.95234
4.95482
4.95731
4.95984
4.96245
4.96514
4.96795
4.9709
4.974
4.97728
4.98074
4.98439
4.98823
4.99226
4.99647
5.00084
5.00536
5.00999
5.01471
5.01948
5.02426
5.029
5.03367
5.0382
5.04257
5.04671
5.05058
5.05413
5.05732
5.06012
5.06248
5.06438
5.0658
5.06671
5.06711
5.06699
5.06637
5.06524
5.06362
5.06154
5.05902
5.05609
5.0528
5.04917
5.04525
5.04109
5.03673
5.03222
5.0276
5.02293
5.01824
5.01357
5.00896
5.00442
5
4.99568
4.9915
4.98743
4.98349
4.97967
4.97596
4.97236
4.96885
4.96544
4.96213
4.95893
4.95584
4.95288
4.95007
4.94744
4.945
4.94277
4.9408
4.93908
4.93766
4.93654
4.93574
4.93528
4.93515
4.93535
4.9359
4.93677
4.93796
4.93947
4.94126
4.94334
4.94567
4.94825
4.95104
4.95403
4.95721
4.96054
4.964
4.96758
4.97123
4.97494
4.97868
4.98241
4.98611
4.98973
4.99326
4.99664
4.99985
5.00287
5.00566
5.00821
5.01049
5.0125
5.01422
5.01566
5.01683
5.01774
5.01842
5.01888
5.01917
5.01932
5.01936
5.01936
5.01934
5.01937
5.01948
5.01972
5.02013
5.02076
5.02164
5.02281
5.02428
5.02608
5.02823
5.03075
5.03362
5.03687
5.04048
5.04445
5.04876
5.0534
5.05833
5.06355
5.06902
5.0747
5.08057
5.08659
5.09271
5.09891
5.10514
5.11136
5.11754
5.12364
5.12962
5.13546
5.14113
5.1466
5.15185
5.15686
5.1616
5.16607
5.17024
5.17411
5.17766
5.18089
5.18377
5.18631
5.18849
5.19031
5.19176
5.19284
5.19354
5.19387
5.19383
5.19342
5.19266
5.19155
5.19013
5.1884
5.18639
5.18414
5.18167
5.17902
5.17623
5.17334
5.17038
5.1674
5.16443
5.16151
5.15868
5.15598
5.15341
5.15102
5.14883
5.14685
5.14509
5.14356
5.14228
5.14124
5.14043
5.13987
5.13955
5.13946
5.13959
5.13993
5.1405
5.14126
5.14223
5.14338
5.14473
5.14625
5.14796
5.14984
5.15188
5.15409
5.15646
5.15898
5.16164
5.16444
5.16736
5.1704
5.17354
5.17677
5.18007
5.18341
5.18677
5.19013
5.19346
5.19673
5.19991
5.20296
5.20583
5.20851
5.21094
5.2131
5.21493
5.21642
5.21752
5.2182
5.21845
5.21823
5.21755
5.21638
5.21473
5.21261
5.21003
5.20702
5.20358
5.19977
5.19561
5.19115
5.18641
5.18144
5.17627
5.17092
5.16543
5.1598
5.15406
5.14819
5.14221
5.13609
5.12984
5.12344
5.11687
5.11013
5.1032
5.09609
5.08881
5.08135
5.07375
5.06603
5.05822
5.05036
5.04251
5.0347
5.02701
5.01947
5.01216
5.00513
4.99843
4.99213
4.98627
4.98091
4.97609
4.97186
4.96826
4.96531
4.96306
4.96152
4.96071
4.96065
4.96135
4.9628
4.965
4.96794
4.97159
4.97593
4.98093
4.98654
4.99272
4.99942
5.00659
5.01415
5.02206
5.03025
5.03864
5.04718
5.05578
5.06437
5.0729
5.08129
5.08948
5.09741
5.10502
5.11225
5.11907
5.12543
5.1313
5.13663
5.14142
5.14563
5.14926
5.15229
5.15473
5.15656
5.1578
5.15845
5.15852
5.15805
5.15704
5.15552
5.15353
5.1511
5.14827
5.14509
5.1416
5.13788
5.13396
5.12993
5.12584
5.12177
5.1178
5.11398
5.11041
5.10714
5.10425
5.10179
5.09982
5.09839
5.09753
5.09729
5.09767
5.09869
5.10035
5.10265
5.10558
5.1091
5.11319
5.1178
5.12289
5.1284
5.13427
5.14042
5.14679
5.1533
5.15987
5.16642
5.17286
5.17913
5.18515
5.19086
5.19618
5.20107
5.20547
5.20936
5.2127
5.21547
5.21765
5.21925
5.22027
5.22071
5.2206
5.21996
5.21881
5.21718
5.21512
5.21265
5.20981
5.20666
5.20322
5.19955
5.19569
5.19169
5.18759
5.18343
5.17926
5.17514
5.17109
5.16716
5.1634
5.15983
5.15649
5.15342
5.15062
5.14813
5.14594
5.14406
5.14249
5.14121
5.14019
5.1394
5.13879
5.13832
5.13792
5.13753
5.13708
5.13652
5.13576
5.13475
5.13342
5.13174
5.12966
5.12714
5.12418
5.12077
5.11692
5.11266
5.10802
5.10305
5.09782
5.09238
5.08681
5.08118
5.07558
5.07006
5.06469
5.05953
5.05462
5.05001
5.04571
5.04175
5.03811
5.0348
5.03179
5.02906
5.02659
5.02434
5.02228
5.02037
5.01858
5.01688
5.01525
5.01368
5.01214
5.01064
5.00916
5.00772
5.00634
5.00501
5.00378
5.00265
5.00166
5.00085
5.00023
4.99984
4.99972
4.99988
5.00035
5.00117
5.00233
5.00387
5.00578
5.00808
5.01076
5.01381
5.01723
5.02099
5.02508
5.02948
5.03415
5.03908
5.04421
5.04953
5.05499
5.06056
5.0662
5.07188
5.07756
5.08321
5.08878
5.09425
5.09958
5.10474
5.10969
5.1144
5.11884
5.12298
5.12679
5.13023
5.13327
5.13589
5.13806
5.13974
5.14092
5.14156
5.14165
5.14118
5.14011
5.13846
5.13621
5.13336
5.12993
5.12592
5.12136
5.11627
5.11071
5.1047
5.09831
5.09159
5.08463
5.07748
5.07024
5.06298
5.05579
5.04875
5.04195
5.03544
5.02931
5.0236
5.01835
5.01359
5.00934
5.0056
5.00236
4.9996
4.99729
4.99539
4.99385
4.99264
4.99171
4.991
4.99046
4.99005
4.98974
4.98947
4.98921
4.98893
4.98861
4.98822
4.98776
4.98721
4.98656
4.98581
4.98498
4.98406
4.98308
4.98204
4.98096
4.97988
4.9788
4.97775
4.97677
4.97586
4.97505
4.97437
4.97383
4.97344
4.97322
4.97318
4.97331
4.97364
4.97414
4.97481
4.97565
4.97664
4.97776
4.97899
4.98033
4.98173
4.98318
4.98467
4.98615
4.98761
4.98904
4.99041
4.9917
4.99291
4.99401
4.99501
4.9959
4.99668
4.99735
4.99792
4.99839
4.99878
4.99909
4.99934
4.99953
4.99969
4.99983
4.99996
5.00009
5.00024
5.00041
5.00061
5.00084
5.00111
5.00142
5.00176
5.00213
5.00252
5.00292
5.00332
5.0037
5.00405
5.00435
5.00458
5.00473
5.00477
5.00469
5.00448
5.00412
5.0036
5.00293
5.00209
5.00108
4.99992
4.99862
4.99719
4.99565
4.99403
4.99235
4.99065
4.98895
4.98731
4.98575
4.98433
4.98307
4.98203
4.98125
4.98077
4.98062
4.98084
4.98146
4.98252
4.98404
4.98603
4.9885
4.99148
4.99495
4.99892
5.00338
5.00831
5.0137
5.01953
5.02577
5.0324
5.03938
5.04669
5.05429
5.06215
5.07024
5.0785
5.08691
5.09543
5.10402
5.11264
5.12125
5.12982
5.13829
5.14665
5.15484
5.16283
5.17059
5.17807
5.18526
5.19211
5.1986
5.20469
5.21037
5.21561
5.22038
5.22467
5.22847
5.23175
5.23452
5.23676
5.23848
5.23967
5.24034
5.2405
5.24016
5.23933
5.23804
5.23631
5.23415
5.2316
5.22867
5.22539
5.22179
5.21789
5.2137
5.20925
5.20455
5.19962
5.19446
5.1891
5.18354
5.17778
5.17183
5.16571
5.15943
5.15299
5.1464
5.13969
5.13286
5.12595
5.11896
5.11191
5.10485
5.09778
5.09074
5.08375
5.07685
5.07006
5.06341
5.05692
5.05063
5.04456
5.03874
5.03319
5.02792
5.02297
5.01834
5.01405
5.01011
5.00654
5.00332
5.00048
4.99801
4.99591
4.99417
4.9928
4.99178
4.99112
4.9908
4.99081
4.99114
4.99178
4.99272
4.99393
4.99541
4.99714
4.99909
5.00126
5.00361
5.00612
5.00878
5.01156
5.01445
5.01741
5.02044
5.02351
5.02661
5.02972
5.03282
5.03591
5.03898
5.04201
5.045
5.04794
5.05083
5.05366
5.05643
5.05914
5.06179
5.06436
5.06685
5.06927
5.07161
5.07385
5.076
5.07805
5.07999
5.0818
5.0835
5.08505
5.08646
5.08772
5.08882
5.08977
5.09054
5.09116
5.09161
5.09191
5.09206
5.09207
5.09197
5.09177
5.0915
5.09118
5.09084
5.09051
5.09022
5.09002
5.08992
5.08996
5.09018
5.09059
5.09122
5.0921
5.09323
5.09462
5.09628
5.09821
5.1004
5.10284
5.10551
5.10838
5.11145
5.11466
5.118
5.12143
5.12491
5.1284
5.13188
5.13529
5.13861
5.1418
5.14482
5.14766
5.15027
5.15264
5.15473
5.15654
5.15805
5.15923
5.16008
5.1606
5.16076
5.16056
5.16001
5.1591
5.15782
5.15618
5.15417
5.1518
5.14905
5.14594
5.14246
5.13862
5.13441
5.12983
5.12489
5.1196
5.11396
5.10798
5.10167
5.09505
5.08814
5.08096
5.07352
5.06587
5.05803
5.05004
5.04192
5.03373
5.0255
5.01728
5.00911
5.00103
4.99309
4.98533
4.9778
4.97055
4.9636
4.957
4.95078
4.94499
4.93963
4.93474
4.93035
4.92646
4.92309
4.92026
4.91795
4.91619
4.91495
4.91425
4.91405
4.91437
4.91516
4.91643
4.91814
4.92026
4.92279
4.92568
4.9289
4.93243
4.93624
4.9403
4.94458
4.94905
4.95368
4.95845
4.96335
4.96835
4.97344
4.9786
4.98382
4.98909
4.9944
4.99975
5.00513
5.01052
5.01593
5.02133
5.02673
5.0321
5.03743
5.04271
5.04792
5.05304
5.05806
5.06296
5.06773
5.07237
5.07687
5.08122
5.08542
5.08949
5.09343
5.09725
5.10096
5.10457
5.1081
5.11155
5.11493
5.11823
5.12145
5.12456
5.12756
5.1304
5.13306
5.13548
5.13763
5.13946
5.14092
5.14197
5.14258
5.14271
5.14234
5.14145
5.14005
5.13814
5.13575
5.13289
5.12961
5.12597
5.12202
5.11783
5.11347
5.10902
5.10455
5.10016
5.09591
5.09189
5.08817
5.08482
5.08191
5.07949
5.07761
5.07631
5.07562
5.07556
5.07614
5.07737
5.07922
5.0817
5.08477
5.08839
5.09254
5.09717
5.10223
5.10767
5.11344
5.11946
5.1257
5.13209
5.13856
5.14507
5.15156
5.15798
5.16427
5.1704
5.17631
5.18196
5.18734
5.1924
5.19713
5.20149
5.20549
5.20911
5.21233
5.21517
5.21762
5.21967
5.22135
5.22264
5.22356
5.22412
5.22432
5.22416
5.22366
5.22281
5.22162
5.22009
5.21823
5.21604
5.21352
5.21068
5.20753
5.20408
5.20034
5.19634
5.19209
5.18762
5.18295
5.17814
5.17321
5.1682
5.16318
5.15818
5.15327
5.1485
5.14393
5.13962
5.13562
5.13198
5.12876
5.126
5.12373
5.12199
5.12079
5.12015
5.12007
5.12054
5.12155
5.12306
5.12506
5.1275
5.13032
5.13348
5.13692
5.14058
5.14439
5.14828
5.15219
5.15606
5.15981
5.16339
5.16672
5.16977
5.17246
5.17475
5.17659
5.17794
5.17876
5.17902
5.17869
5.17775
5.17618
5.17397
5.17113
5.16765
5.16356
5.15888
5.15365
5.14791
5.14172
5.13515
5.12827
5.12118
5.11396
5.10673
5.09958
5.09262
5.08597
5.07971
5.07393
5.06872
5.06414
5.06023
5.05702
5.05452
5.05273
5.05162
5.05116
5.05129
5.05195
5.05308
5.0546
5.05643
5.05849
5.06071
5.06301
5.06532
5.06756
5.06968
5.07161
5.0733
5.07473
5.07584
5.07662
5.07705
5.07713
5.07685
5.07624
5.07532
5.07412
5.07267
5.07104
5.06927
5.06742
5.06558
5.06379
5.06214
5.0607
5.05954
5.05872
5.05832
5.05838
5.05897
5.06013
5.06189
5.06429
5.06733
5.07104
5.07542
5.08046
5.08615
5.09247
5.09941
5.10694
5.11503
5.12365
5.13275
5.14231
5.15228
5.16262
5.1733
5.18425
5.19544
5.20682
5.21834
5.22994
5.24156
5.25316
5.26468
5.27605
5.28722
5.29812
5.30869
5.31887
5.3286
5.33782
5.34646
5.35446
5.36178
5.36835
5.37413
5.37907
5.38312
5.38626
5.38845
5.38966
5.38988
5.3891
5.38732
5.38454
5.38077
5.37605
5.37041
5.36388
5.35651
5.34838
5.33955
5.33008
5.32008
5.30962
5.29881
5.28773
5.2765
5.26521
5.25397
5.24287
5.23201
5.22148
5.21136
5.20173
5.19265
5.18419
5.17638
5.16927
5.16288
5.15722
5.1523
5.1481
5.14462
5.14182
5.13968
5.13814
5.13717
5.1367
5.13668
5.13703
5.1377
5.13861
5.13969
5.14086
5.14205
5.14318
5.14419
5.14499
5.14553
5.14574
5.14557
5.14495
5.14385
5.14222
5.14004
5.13728
5.13393
5.12999
5.12545
5.12034
5.11467
5.10847
5.10179
5.09466
5.08713
5.07927
5.07112
5.06276
5.05423
5.04561
5.03696
5.02832
5.01977
5.01135
5.00311
4.99509
4.98732
4.97985
4.9727
4.96589
4.95944
4.95338
4.94771
4.94245
4.93761
4.93322
4.92928
4.92581
4.92282
4.92035
4.9184
4.917
4.91617
4.91593
4.91629
4.91727
4.91889
4.92115
4.92406
4.9276
4.93179
4.9366
4.94203
4.94804
4.95461
4.9617
4.96928
4.97731
4.98574
4.99452
5.0036
5.01293
5.02246
5.03211
5.04185
5.05162
5.06136
5.07102
5.08055
5.08991
5.09905
5.10793
5.11652
5.12478
5.13269
5.14021
5.14734
5.15406
5.16034
5.16619
5.1716
5.17656
5.18108
5.18515
5.18879
5.19199
5.19477
5.19714
5.1991
5.20067
5.20187
5.20271
5.20322
5.20341
5.20331
5.20295
5.20237
5.20159
5.20067
5.19963
5.19854
5.19744
5.19636
5.19537
5.1945
5.19379
5.19327
5.19297
5.19288
5.19302
5.19337
5.19391
5.19459
5.19537
5.1962
5.19703
5.19777
5.19838
5.19879
5.19895
5.1988
5.1983
5.19741
5.1961
5.19437
5.19219
5.18957
5.18652
5.18305
5.17919
5.17495
5.17038
5.16551
5.16038
5.15502
5.14947
5.14378
5.13799
5.13212
5.12621
5.12031
5.11443
5.10862
5.10291
5.09732
5.09189
5.08665
5.08163
5.07688
5.07242
5.0683
5.06454
5.06119
5.05828
5.05585
5.05391
5.0525
5.05162
5.05131
5.05156
5.05238
5.05376
5.05569
5.05815
5.06114
5.06463
5.06858
5.07298
5.07779
5.08299
5.08854
5.09442
5.10058
5.10702
5.11369
5.12056
5.12762
5.13482
5.14216
5.14959
5.1571
5.16465
5.17221
5.17976
5.18725
5.19466
5.20195
5.20908
5.21601
5.22271
5.22914
5.23527
5.24107
5.2465
5.25154
5.25616
5.26036
5.26413
5.26745
5.27032
5.27276
5.27476
5.27634
5.27753
5.27833
5.27877
5.27887
5.27865
5.27815
5.27738
5.27636
5.27513
5.2737
5.2721
5.27034
5.26844
5.26642
5.26431
5.26211
5.25984
5.25753
5.25518
5.25282
5.25045
5.2481
5.24577
5.24348
5.24123
5.23904
5.23691
5.23483
5.23283
5.23088
5.22899
5.22715
5.22534
5.22357
5.2218
5.22003
5.21823
5.21639
5.21448
5.21246
5.21033
5.20803
5.20556
5.20287
5.19993
5.19671
5.19319
5.18932
5.18509
5.18047
5.17542
5.16995
5.16402
5.15764
5.15078
5.14346
5.13569
5.12746
5.1188
5.10974
5.10029
5.09051
5.08041
5.07006
5.0595
5.04878
5.03795
5.02707
5.01621
5.00541
4.99475
4.98427
4.97404
4.96412
4.95456
4.94541
4.93673
4.92856
4.92095
4.91394
4.90757
4.90187
4.89687
4.8926
4.88908
4.88633
4.88438
4.88322
4.88287
4.88333
4.88461
4.8867
4.88959
4.89328
4.89775
4.90298
4.90895
4.91562
4.92297
4.93096
4.93953
4.94864
4.95824
4.96827
4.97866
4.98934
5.00025
5.01131
5.02244
5.03358
5.04465
5.05558
5.06628
5.0767
5.08677
5.09641
5.10558
5.11421
5.12226
5.12968
5.13643
5.14246
5.14776
5.1523
5.15606
5.15902
5.16118
5.16253
5.16308
5.16282
5.16178
5.15996
5.15738
5.15407
5.15005
5.14536
5.14001
5.13406
5.12753
5.12046
5.11291
5.10491
5.09651
5.08776
5.07871
5.06942
5.05995
5.05035
5.04069
5.03103
5.02144
5.01201
5.0028
4.99388
4.98535
4.97727
4.96972
4.96276
4.95645
4.95085
4.946
4.94192
4.93862
4.93612
4.93438
4.9334
4.93314
4.93355
4.93459
4.93621
4.93836
4.94098
4.94401
4.94742
4.95116
4.95518
4.95944
4.96391
4.96855
4.97334
4.97825
4.98325
4.98832
4.99344
4.99859
5.00376
5.00891
5.01405
5.01915
5.0242
5.02918
5.03408
5.03888
5.04356
5.04812
5.05252
5.05676
5.0608
5.06464
5.06823
5.07155
5.07459
5.07731
5.07968
5.08168
5.08328
5.08446
5.08521
5.0855
5.08533
5.08468
5.08357
5.082
5.07998
5.07753
5.07468
5.07145
5.06788
5.06401
5.05987
5.05552
5.05098
5.04631
5.04154
5.03671
5.03186
5.02702
5.02222
5.01749
5.01285
5.00833
5.00395
4.99972
4.99567
4.9918
4.98814
4.98468
4.98145
4.97845
4.97569
4.97318
4.97092
4.9689
4.96714
4.96563
4.96436
4.96332
4.96252
4.96193
4.96153
4.96132
4.96126
4.96134
4.96153
4.9618
4.96213
4.96248
4.96284
4.96316
4.96344
4.96365
4.96376
4.96378
4.96368
4.96345
4.96311
4.96265
4.96207
4.96137
4.96058
4.9597
4.95873
4.95769
4.95659
4.95542
4.95421
4.95294
4.95161
4.95023
4.94878
4.94726
4.94564
4.94392
4.94207
4.94009
4.93794
4.93562
4.93311
4.9304
4.92748
4.92435
4.92101
4.91747
4.91374
4.90986
4.90585
4.90176
4.89763
4.89352
4.8895
4.88562
4.88196
4.87859
4.87558
4.873
4.87091
4.86938
4.86845
4.86817
4.86856
4.86964
4.87142
4.87388
4.87701
4.88077
4.88512
4.89001
4.89538
4.90115
4.90727
4.91366
4.92025
4.92698
4.93377
4.94057
4.94732
4.95397
4.96047
4.9668
4.97291
4.97878
4.9844
4.98973
4.99478
4.99953
5.00397
5.00809
5.0119
5.01539
5.01855
5.02138
5.02389
5.02606
5.0279
5.02941
5.03058
5.03143
5.03195
5.03215
5.03205
5.03164
5.03096
5.03
5.0288
5.02736
5.02572
5.02388
5.02188
5.01972
5.01744
5.01504
5.01254
5.00996
5.00731
5.00459
5.00182
4.999
4.99613
4.99322
4.99027
4.98728
4.98426
4.98122
4.97816
4.97509
4.97202
4.96898
4.96597
4.96303
4.96019
4.95747
4.95491
4.95255
4.95043
4.94859
4.94707
4.94592
4.94517
4.94486
4.94504
4.94573
4.94694
4.94871
4.95103
4.95391
4.95734
4.9613
4.96575
4.97067
4.97601
4.98171
4.98771
4.99396
5.00037
5.0069
5.01345
5.01997
5.0264
5.03266
5.0387
5.04447
5.04993
5.05503
5.05976
5.06408
5.06798
5.07145
5.07449
5.07709
5.07928
5.08105
5.08243
5.08343
5.08407
5.08437
5.08435
5.08404
5.08346
5.08262
5.08156
5.08028
5.07882
5.0772
5.07544
5.07355
5.07157
5.06951
5.06741
5.06528
5.06315
5.06105
5.05899
5.05701
5.05512
5.05334
5.0517
5.05021
5.04889
5.04777
5.04685
5.04615
5.04571
5.04553
5.04565
5.04609
5.04688
5.04806
5.04966
5.05171
5.05426
5.05733
5.06095
5.06512
5.06985
5.07513
5.08092
5.08719
5.09388
5.10092
5.10821
5.11567
5.12321
5.1307
5.13806
5.14518
5.15197
5.15834
5.16422
5.16955
5.17426
5.17831
5.18167
5.18433
5.18626
5.18747
5.18796
5.18774
5.18683
5.18525
5.18303
5.1802
5.17679
5.17284
5.16838
5.16345
5.15811
5.15238
5.14632
5.13997
5.13339
5.12662
5.11971
5.11272
5.10569
5.09868
5.09175
5.08494
5.0783
5.07188
5.06573
5.05988
5.05439
5.04929
5.04462
5.04039
5.03665
5.0334
5.03067
5.02845
5.02675
5.02557
5.02489
5.02468
5.02492
5.02557
5.0266
5.02795
5.02958
5.03144
5.03347
5.03562
5.03783
5.04007
5.04227
5.0444
5.04641
5.04829
5.04999
5.0515
5.05279
5.05387
5.05472
5.05533
5.05572
5.05588
5.05582
5.05557
5.05512
5.0545
5.05372
5.05279
5.05175
5.0506
5.04936
5.04804
5.04666
5.04523
5.04376
5.04225
5.0407
5.0391
5.03746
5.03575
5.03397
5.03209
5.03011
5.02801
5.02577
5.02337
5.02082
5.0181
5.01522
5.01218
5.00899
5.00569
5.00229
4.99883
4.99535
4.99189
4.98851
4.98526
4.98219
4.97938
4.97687
4.97473
4.97301
4.97178
4.97109
4.97098
4.97149
4.97265
4.9745
4.97705
4.9803
4.98424
4.98888
4.99418
5.0001
5.00662
5.01366
5.02119
5.02914
5.03743
5.04599
5.05476
5.06365
5.07259
5.08151
5.09033
5.09899
5.10741
5.11554
5.12332
5.1307
5.13764
5.14409
5.15003
5.15542
5.16025
5.1645
5.16818
5.17128
5.17382
5.1758
5.17726
5.17822
5.17871
5.17877
5.17845
5.17778
5.17682
5.17562
5.17421
5.17264
5.17097
5.16923
5.16746
5.1657
5.16396
5.16229
5.16069
5.15918
5.15776
5.15645
5.15523
5.1541
5.15305
5.15205
5.1511
5.15016
5.14921
5.14823
5.14717
5.14602
5.14475
5.14331
5.14168
5.13984
5.13775
5.1354
5.13276
5.12982
5.12657
5.123
5.11912
5.11493
5.11045
5.10571
5.10072
5.09552
5.09016
5.08466
5.07909
5.07349
5.06791
5.06241
5.05702
5.05181
5.04681
5.04206
5.03761
5.03346
5.02965
5.02619
5.02308
5.02032
5.01791
5.01582
5.01404
5.01254
5.01129
5.01025
5.00939
5.00868
5.00808
5.00755
5.00706
5.00659
5.00611
5.0056
5.00504
5.00443
5.00376
5.00304
5.00226
5.00144
5.0006
4.99974
4.99888
4.99806
4.99728
4.99656
4.99594
4.99541
4.99501
4.99473
4.9946
4.99461
4.99477
4.99507
4.99552
4.9961
4.9968
4.99762
4.99852
4.9995
5.00053
5.0016
5.00268
5.00375
5.00479
5.00578
5.00671
5.00755
5.0083
5.00896
5.0095
5.00995
5.01029
5.01055
5.01073
5.01086
5.01096
5.01107
5.01121
5.01142
5.01174
5.01222
5.01289
5.01379
5.01497
5.01646
5.0183
5.0205
5.02311
5.02612
5.02954
5.03339
5.03764
5.04227
5.04727
5.05259
5.05818
5.064
5.06999
5.07608
5.0822
5.08829
5.09427
5.10006
5.10561
5.11084
5.11568
5.12008
5.12399
5.12736
5.13015
5.13235
5.13393
5.13488
5.1352
5.13491
5.13404
5.13261
5.13066
5.12826
5.12546
5.12232
5.11893
5.11537
5.11172
5.10807
5.1045
5.1011
5.09794
5.09511
5.09266
5.09065
5.08912
5.08811
5.08762
5.08766
5.08822
5.08926
5.09075
5.09264
5.09486
5.09735
5.10004
5.10284
5.10569
5.10851
5.11122
5.11377
5.11609
5.11813
5.11984
5.12119
5.12214
5.12268
5.1228
5.12248
5.12173
5.12055
5.11895
5.11695
5.11456
5.11181
5.10871
5.1053
5.10159
5.09761
5.0934
5.08896
5.08434
5.07956
5.07465
5.06963
5.06452
5.05937
5.05418
5.049
5.04384
5.03873
5.0337
5.02878
5.02399
5.01935
5.01488
5.01062
5.00657
5.00276
4.9992
4.9959
4.99289
4.99015
4.98771
4.98556
4.9837
4.98213
4.98085
4.97985
4.97913
4.97866
4.97844
4.97845
4.97869
4.97914
4.97977
4.98058
4.98156
4.98268
4.98393
4.9853
4.98678
4.98835
4.99001
4.99174
4.99353
4.99538
4.99728
4.99922
5.00119
5.0032
5.00524
5.0073
5.00939
5.01149
5.01363
5.01579
5.01798
5.02021
5.02248
5.0248
5.02718
5.02964
5.03218
5.03481
5.03754
5.04039
5.04336
5.04646
5.04968
5.05303
5.0565
5.06008
5.06376
5.06752
5.07133
5.07517
5.079
5.08279
5.0865
5.09009
5.09353
5.09676
5.09975
5.10247
5.10488
5.10693
5.10862
5.1099
5.11076
5.11118
5.11115
5.11067
5.10973
5.10834
5.1065
5.10424
5.10156
5.09849
5.09506
5.0913
5.08724
5.08292
5.07837
5.07363
5.06874
5.06374
5.05866
5.05355
5.04844
5.04336
5.03835
5.03343
5.02862
5.02397
5.01947
5.01516
5.01106
5.00717
5.0035
5.00009
4.99692
4.99402
4.99138
4.98903
4.98696
4.98517
4.98367
4.98245
4.98152
4.98087
4.98049
4.98038
4.98051
4.98088
4.98148
4.98228
4.98329
4.98448
4.98584
4.98736
4.98903
4.99084
4.99279
4.99485
4.99703
4.99932
5.0017
5.00417
5.00672
5.00932
5.01197
5.01465
5.01734
5.02001
5.02265
5.02524
5.02774
5.03013
5.03239
5.0345
5.03641
5.03812
5.0396
5.04082
5.04176
5.0424
5.04273
5.04273
5.04239
5.04169
5.04064
5.03923
5.03746
5.03534
5.03288
5.0301
5.02701
5.02363
5.02
5.01615
5.01211
5.00793
5.00364
4.99928
4.99491
4.99058
4.98632
4.98218
4.97822
4.97446
4.97097
4.96777
4.9649
4.9624
4.96028
4.95858
4.95731
4.9565
4.95614
4.95626
4.95685
4.95792
4.95946
4.96146
4.96393
4.96684
4.97019
4.97395
4.97812
4.98267
4.98759
4.99284
4.99841
5.00427
5.0104
5.01677
5.02336
5.03014
5.03708
5.04416
5.05135
5.05864
5.06599
5.07338
5.08078
5.08819
5.09557
5.10291
5.1102
5.1174
5.12451
5.13152
5.13841
5.14517
5.1518
5.15827
5.1646
5.17076
5.17676
5.1826
5.18826
5.19376
5.19908
5.20422
5.20919
5.21398
5.21859
5.22302
5.22725
5.23129
5.23513
5.23876
5.24218
5.24537
5.24832
5.25103
5.25348
5.25567
5.25759
5.25924
5.2606
5.26169
5.26248
5.263
5.26324
5.26321
5.26293
5.26239
5.26162
5.26064
5.25944
5.25807
5.25652
5.25482
5.25298
5.25102
5.24895
5.24679
5.24453
5.24219
5.23978
5.23729
5.23473
5.2321
5.2294
5.22661
5.22374
5.22079
5.21773
5.21456
5.21128
5.20786
5.20431
5.2006
5.19673
5.19269
5.18845
5.18402
5.17938
5.17452
5.16943
5.16411
5.15855
5.15275
5.14672
5.14044
5.13393
5.1272
5.12024
5.11307
5.1057
5.09815
5.09043
5.08255
5.07455
5.06642
5.0582
5.0499
5.04156
5.03318
5.02479
5.01642
5.00808
4.9998
4.9916
4.98351
4.97555
4.96774
4.9601
4.95267
4.94545
4.93848
4.93179
4.92539
4.91933
4.91362
4.9083
4.90339
4.89894
4.89497
4.89152
4.88862
4.8863
4.88461
4.88356
4.8832
4.88355
4.88463
4.88648
4.88909
4.89249
4.89669
4.90167
4.90744
4.91398
4.92127
4.92929
4.93799
4.94735
4.95731
4.96782
4.97883
4.99028
5.00211
5.01425
5.02664
5.03922
5.05192
5.06468
5.07743
5.09011
5.10267
5.11504
5.12718
5.13902
5.15054
5.16167
5.17237
5.18261
5.19235
5.20155
5.21018
5.21822
5.22562
5.23238
5.23846
5.24384
5.24852
5.25247
5.25567
5.25813
5.25984
5.26078
5.26096
5.26038
5.25903
5.25694
5.2541
5.25053
5.24624
5.24126
5.23559
5.22926
5.22231
5.21475
5.20662
5.19795
5.18879
5.17918
5.16915
5.15878
5.1481
5.1372
5.12613
5.11497
5.1038
5.09271
5.08178
5.07111
5.0608
5.05093
5.04159
5.03288
5.02486
5.01759
5.01114
5.00552
5.00075
4.99683
4.99375
4.99147
4.98994
4.9891
4.98889
4.98924
4.99008
4.99133
4.99293
4.99481
4.99693
4.99922
5.00165
5.00418
5.00678
5.00942
5.01208
5.01475
5.01741
5.02004
5.02262
5.02516
5.02762
5.02999
5.03226
5.03441
5.03642
5.03828
5.03998
5.04149
5.04282
5.04394
5.04486
5.04557
5.04608
5.04639
5.04651
5.04645
5.04622
5.04586
5.04537
5.04478
5.04412
5.04341
5.04268
5.04195
5.04125
5.0406
5.04003
5.03955
5.03918
5.03894
5.03883
5.03886
5.03903
5.03935
5.0398
5.04036
5.04103
5.04178
5.04258
5.0434
5.04421
5.04498
5.04566
5.04622
5.04662
5.04683
5.04683
5.04659
5.0461
5.04533
5.0443
5.043
5.04144
5.03964
5.03763
5.03543
5.03309
5.03062
5.02808
5.02549
5.0229
5.02033
5.01781
5.01537
5.01301
5.01076
5.00861
5.00657
5.00462
5.00275
5.00095
4.99919
4.99746
4.99573
4.99398
4.99217
4.9903
4.98833
4.98625
4.98405
4.98171
4.97921
4.97656
4.97374
4.97075
4.96759
4.96426
4.96076
4.95708
4.95324
4.94924
4.94507
4.94074
4.93627
4.93164
4.92689
4.92201
4.91702
4.91195
4.90681
4.90164
4.89644
4.89127
4.88615
4.8811
4.87617
4.87138
4.86677
4.86235
4.85816
4.85421
4.85052
4.8471
4.84396
4.84108
4.83849
4.83616
4.83409
4.83228
4.8307
4.82936
4.82824
4.82732
4.82662
4.82611
4.82581
4.82571
4.82581
4.82613
4.82667
4.82744
4.82844
4.82969
4.83119
4.83294
4.83493
4.83715
4.8396
4.84224
4.84505
4.84799
4.85103
4.85412
4.85721
4.86026
4.86321
4.86603
4.86867
4.87109
4.87325
4.87514
4.87673
4.87802
4.879
4.87969
4.88009
4.88024
4.88016
4.87991
4.87951
4.87902
4.8785
4.87801
4.87758
4.87729
4.87719
4.87733
4.87775
4.87849
4.87959
4.88106
4.88293
4.8852
4.88786
4.8909
4.89431
4.89804
4.90207
4.90634
4.91083
4.91547
4.92022
4.92503
4.92985
4.93464
4.93935
4.94395
4.94841
4.95271
4.95682
4.96073
4.96444
4.96793
4.97122
4.9743
4.97719
4.9799
4.98244
4.98482
4.98706
4.98918
4.99118
4.99309
4.99492
4.99667
4.99837
5.00001
5.00161
5.00318
5.00472
5.00623
5.00773
5.00923
5.01071
5.0122
5.01368
5.01518
5.01669
5.01821
5.01974
5.02129
5.02286
5.02445
5.02605
5.02766
5.02928
5.0309
5.03252
5.03413
5.03571
5.03727
5.03879
5.04026
5.04166
5.04298
5.04422
5.04535
5.04637
5.04726
5.048
5.04858
5.04899
5.04921
5.04924
5.04907
5.04868
5.04808
5.04725
5.04621
5.04494
5.04346
5.04178
5.0399
5.03783
5.03561
5.03325
5.03077
5.02819
5.02556
5.02289
5.02022
5.0176
5.01504
5.01259
5.01029
5.00817
5.00627
5.00462
5.00325
5.0022
5.00149
5.00114
5.00117
5.00159
5.00241
5.00361
5.0052
5.00715
5.00944
5.01205
5.01493
5.01804
5.02135
5.0248
5.02835
5.03194
5.03553
5.03906
5.0425
5.0458
5.04893
5.05184
5.05452
5.05694
5.05908
5.06092
5.06247
5.06371
5.06465
5.06529
5.06565
5.06573
5.06556
5.06514
5.0645
5.06366
5.06263
5.06144
5.06011
5.05864
5.05706
5.05537
5.05359
5.05172
5.04976
5.04772
5.04557
5.04333
5.04098
5.03852
5.03592
5.03318
5.0303
5.02725
5.02404
5.02066
5.0171
5.01338
5.00948
5.00543
5.00122
4.99687
4.9924
4.98781
4.98313
4.97838
4.97356
4.96872
4.96386
4.95901
4.9542
4.94944
4.94476
4.94019
4.93575
4.93147
4.92737
4.92347
4.9198
4.91638
4.91322
4.91035
4.90777
4.9055
4.90354
4.90189
4.90056
4.89955
4.89884
4.89842
4.89828
4.89841
4.89878
4.89939
4.90021
4.90122
4.90239
4.90372
4.90516
4.90672
4.90836
4.91007
4.91182
4.9136
4.9154
4.91719
4.91896
4.92069
4.92239
4.92402
4.92559
4.92709
4.92851
4.92984
4.9311
4.93226
4.93335
4.93436
4.9353
4.93616
4.93697
4.93772
4.93842
4.93909
4.93974
4.94037
4.941
4.94165
4.94232
4.94305
4.94384
4.94472
4.9457
4.9468
4.94805
4.94945
4.95103
4.9528
4.95475
4.9569
4.95925
4.96178
4.96448
4.96735
4.97036
4.97349
4.97671
4.98
4.98332
4.98666
4.98996
4.99321
4.99638
4.99942
5.00232
5.00504
5.00756
5.00985
5.01188
5.01363
5.01508
5.01621
5.017
5.01744
5.0175
5.01719
5.01648
5.01539
5.0139
5.01203
5.00977
5.00715
5.00418
5.00087
4.99725
4.99336
4.98921
4.98485
4.98031
4.97563
4.97086
4.96602
4.96116
4.95633
4.95156
4.94689
4.94236
4.93801
4.93387
4.92997
4.92635
4.92303
4.92004
4.9174
4.91513
4.91326
4.91181
4.91078
4.9102
4.91007
4.91039
4.91119
4.91244
4.91417
4.91636
4.91901
4.92211
4.92566
4.92966
4.93409
4.93894
4.94421
4.94989
4.95597
4.96243
4.96927
4.97647
4.98403
4.99192
5.00012
5.00861
5.01738
5.02638
5.03559
5.04497
5.05447
5.06406
5.07369
5.08329
5.09283
5.10224
5.11147
5.12045
5.12914
5.13749
5.14544
5.15294
5.15997
5.16649
5.17246
5.17788
5.18272
5.187
5.1907
5.19383
5.19642
5.19848
5.20003
5.20111
5.20174
5.20196
5.2018
5.2013
5.20049
5.19942
5.19811
5.1966
5.19493
5.19312
5.19123
5.18926
5.18726
5.18527
5.18329
5.18138
5.17954
5.1778
5.1762
5.17473
5.17342
5.17228
5.17132
5.17053
5.16991
5.16947
5.16919
5.16905
5.16904
5.16915
5.16935
5.16963
5.16996
5.17032
5.1707
5.17106
5.1714
5.1717
5.17193
5.17209
5.17217
5.17214
5.172
5.17175
5.17137
5.17085
5.1702
5.16939
5.16844
5.16732
5.16604
5.16458
5.16294
5.16112
5.1591
5.15687
5.15443
5.15177
5.14889
5.14577
5.14242
5.13882
5.13499
5.13091
5.1266
5.12206
5.1173
5.11233
5.10716
5.10183
5.09636
5.09077
5.08509
5.07937
5.07364
5.06795
5.06235
5.05688
5.0516
5.04656
5.04181
5.03741
5.0334
5.02984
5.02676
5.02421
5.0222
5.02077
5.01993
5.01969
5.02003
5.02095
5.02243
5.02444
5.02694
5.02989
5.03324
5.03695
5.04096
5.04521
5.04966
5.05426
5.05894
5.06367
5.0684
5.07309
5.0777
5.08221
5.08658
5.09079
5.09482
5.09867
5.1023
5.10571
5.1089
5.11186
5.11458
5.11705
5.11928
5.12126
5.12299
5.12447
5.12569
5.12666
5.12736
5.12781
5.12799
5.12791
5.12757
5.12696
5.1261
5.12497
5.1236
5.12198
5.12011
5.11802
5.11571
5.1132
5.11051
5.10765
5.10465
5.10154
5.09833
5.09506
5.09175
5.08843
5.08514
5.08189
5.07871
5.07563
5.07268
5.06986
5.06721
5.06472
5.06242
5.06032
5.05842
5.05672
5.05524
5.05396
5.05289
5.05203
5.05138
5.05092
5.05066
5.05058
5.05068
5.05096
5.05141
5.05201
5.05277
5.05368
5.05474
5.05593
5.05725
5.0587
5.06028
5.06198
5.0638
5.06575
5.06782
5.07002
5.07235
5.07481
5.07741
5.08014
5.08302
5.08603
5.08919
5.09249
5.09594
5.09951
5.10322
5.10704
5.11098
5.11501
5.11912
5.1233
5.12753
5.13178
5.13603
5.14026
5.14445
5.14857
5.15261
5.15653
5.16033
5.16398
5.16746
5.17078
5.17391
5.17687
5.17964
5.18223
5.18466
5.18693
5.18907
5.19109
5.19302
5.19488
5.1967
5.19851
5.20032
5.20216
5.20407
5.20604
5.2081
5.21027
5.21256
5.21496
5.21749
5.22015
5.22293
5.22584
5.22887
5.23203
5.2353
5.23869
5.24219
5.24578
5.24946
5.2532
5.25698
5.26078
5.26454
5.26822
5.27175
5.27507
5.27809
5.28075
5.28296
5.28464
5.2857
5.28607
5.28568
5.28449
5.28244
5.2795
5.27566
5.27091
5.26525
5.25872
5.25134
5.24317
5.23426
5.22469
5.21452
5.20386
5.19277
5.18137
5.16975
5.158
5.14622
5.13451
5.12293
5.11158
5.10052
5.08979
5.07944
5.06949
5.05996
5.05084
5.04212
5.03377
5.02578
5.01809
5.01067
5.00347
4.99647
4.98963
4.98291
4.9763
4.96977
4.96333
4.95696
4.95067
4.94447
4.93839
4.93243
4.92662
4.921
4.91558
4.91039
4.90546
4.90082
4.8965
4.89252
4.88891
4.88569
4.88288
4.8805
4.87857
4.87711
4.87613
4.87562
4.87561
4.87608
4.87703
4.87845
4.88031
4.88258
4.88524
4.88823
4.89152
4.89505
4.89876
4.9026
4.9065
4.91039
4.91423
4.91794
4.92148
4.92479
4.92783
4.93058
4.93299
4.93506
4.93677
4.93812
4.93913
4.93981
4.9402
4.94031
4.94019
4.93988
4.93944
4.93889
4.9383
4.93769
4.93712
4.93662
4.93621
4.93592
4.93576
4.93573
4.93582
4.93603
4.93633
4.9367
4.9371
4.9375
4.93787
4.93816
4.93835
4.93839
4.93825
4.93792
4.93738
4.93661
4.9356
4.93437
4.93292
4.93127
4.92944
4.92746
4.92538
4.92323
4.92105
4.9189
4.91683
4.91487
4.91309
4.91154
4.91025
4.90927
4.90865
4.9084
4.90856
4.90916
4.9102
4.91169
4.91364
4.91604
4.91888
4.92214
4.92581
4.92986
4.93425
4.93896
4.94396
4.9492
4.95466
4.9603
4.96608
4.97196
4.97792
4.98392
4.98993
4.99591
5.00184
5.00768
5.01342
5.01901
5.02444
5.02967
5.03467
5.03943
5.04391
5.04808
5.05191
5.05539
5.05846
5.06112
5.06332
5.06504
5.06625
5.06693
5.06705
5.06658
5.06551
5.06382
5.06149
5.05853
5.05492
5.05066
5.04577
5.04025
5.03414
5.02745
5.02022
5.01248
5.00429
4.99568
4.98672
4.97745
4.96793
4.95822
4.94838
4.93846
4.92852
4.91861
4.90878
4.89906
4.88952
4.88017
4.87106
4.86222
4.85367
4.84543
4.83753
4.82999
4.82281
4.81603
4.80965
4.80369
4.79817
4.79311
4.78853
4.78445
4.7809
4.77791
4.77551
4.77372
4.77258
4.77212
4.77236
4.77333
4.77504
4.77751
4.78073
4.78469
4.78938
4.79476
4.8008
4.80746
4.81466
4.82237
4.8305
4.83901
4.84781
4.85684
4.86605
4.87537
4.88476
4.89417
4.90355
4.91288
4.92212
4.93126
4.94027
4.94914
4.95786
4.96643
4.97483
4.98306
4.99113
4.99902
5.00673
5.01426
5.02161
5.02877
5.03575
5.04253
5.04912
5.05552
5.06173
5.06774
5.07356
5.07919
5.08464
5.08991
5.09501
5.09994
5.10472
5.10936
5.11387
5.11825
5.12254
5.12673
5.13084
5.13489
5.13889
5.14286
5.14679
5.1507
5.15459
5.15847
5.16234
5.16619
5.17
5.17378
5.1775
5.18114
5.18468
5.1881
5.19135
5.19442
5.19726
5.19985
5.20213
5.20409
5.20567
5.20684
5.20757
5.20782
5.20756
5.20675
5.20538
5.20341
5.20083
5.19762
5.19377
5.18927
5.18412
5.17834
5.17192
5.16488
5.15723
5.14902
5.14025
5.13097
5.12121
5.11101
5.10041
5.08945
5.07819
5.06666
5.05493
5.04304
5.03106
5.01905
5.00707
4.9952
4.9835
4.97205
4.96093
4.95022
4.93999
4.93033
4.92131
4.91299
4.90545
4.89873
4.8929
4.888
4.88404
4.88106
4.87907
4.87807
4.87805
4.87899
4.88087
4.88366
4.88732
4.89179
4.89705
4.90302
4.90966
4.91691
4.9247
4.93299
4.9417
4.95078
4.96015
4.96977
4.97955
4.98945
4.9994
5.00933
5.01919
5.02891
5.03843
5.04771
5.05669
5.06532
5.07354
5.08134
5.08866
5.09547
5.10177
5.10752
5.11272
5.11736
5.12146
5.12503
5.12807
5.13063
5.13274
5.13443
5.13576
5.13677
5.13753
5.13809
5.13851
5.13886
5.1392
5.13958
5.14005
5.14068
5.14149
5.14252
5.14381
5.14535
5.14715
5.14922
5.15153
5.15405
5.15675
5.15959
5.16253
5.16551
5.16847
5.17137
5.17414
5.17673
5.17909
5.18117
5.18293
5.18433
5.18533
5.18592
5.18605
5.18572
5.18491
5.18362
5.18182
5.17953
5.17674
5.17346
5.16968
5.16542
5.16069
5.15548
5.14983
5.14374
5.13724
5.13034
5.12307
5.11546
5.10755
5.09937
5.09095
5.08236
5.07362
5.0648
5.05594
5.04709
5.03831
5.02965
5.02116
5.01289
5.00488
4.99717
4.9898
4.9828
4.9762
4.97002
4.96429
4.95902
4.95423
4.94992
4.94611
4.9428
4.94001
4.93772
4.93597
4.93474
4.93405
4.93391
4.93435
4.93536
4.93698
4.93924
4.94216
4.94576
4.9501
4.95518
4.96104
4.9677
4.97517
4.98343
4.99246
5.00223
5.01267
5.02372
5.03527
5.04722
5.05947
5.07188
5.08433
5.09669
5.10885
5.1207
5.13211
5.143
5.15328
5.16287
5.1717
5.17971
5.18684
5.19306
5.19833
5.20262
5.2059
5.20817
5.20941
5.20961
5.20879
5.20695
5.2041
5.20026
5.19545
5.18971
5.18306
5.17555
5.16723
5.15814
5.14835
5.13791
5.12691
5.11541
5.1035
5.09126
5.0788
5.06621
5.05359
5.04104
5.02865
5.01653
5.00476
4.99344
4.98264
4.97243
4.96287
4.95401
4.94589
4.93855
4.932
4.92625
4.9213
4.91715
4.91379
4.91118
4.90932
4.90815
4.90765
4.90778
4.90847
4.90969
4.91139
4.9135
4.91597
4.91875
4.92177
4.925
4.92837
4.93183
4.93534
4.93885
4.94234
4.94575
4.94906
4.95225
4.95528
4.95814
4.9608
4.96325
4.96549
4.96749
4.96924
4.97075
4.97201
4.97302
4.97377
4.97428
4.97454
4.97457
4.97439
4.97399
4.97341
4.97266
4.97177
4.97075
4.96963
4.96844
4.96718
4.9659
4.96459
4.96329
4.962
4.96073
4.9595
4.95831
4.95717
4.95607
4.95503
4.95404
4.95312
4.95226
4.95148
4.95078
4.95017
4.94967
4.94928
4.94902
4.9489
4.94892
4.94909
4.94941
4.94987
4.95045
4.95115
4.95193
4.95277
4.95364
4.95451
4.95535
4.95612
4.95681
4.95739
4.95786
4.9582
4.95842
4.95855
4.95858
4.95856
4.95853
4.95851
4.95857
4.95874
4.95909
4.95965
4.96048
4.96162
4.96311
4.96499
4.96728
4.96999
4.97315
4.97675
4.98079
4.98525
4.99012
4.99538
5.00099
5.00693
5.01317
5.01966
5.02638
5.03328
5.04035
5.04754
5.05483
5.06219
5.0696
5.07704
5.0845
5.09195
5.0994
5.10682
5.11421
5.12156
5.12887
5.13613
5.14333
5.15047
5.15755
5.16455
5.17146
5.17827
5.18498
5.19156
5.198
5.20429
5.21039
5.2163
5.22199
5.22743
5.23261
5.23749
5.24205
5.24626
5.25011
5.25355
5.25658
5.25916
5.26127
5.26289
5.26401
5.2646
5.26466
5.26416
5.26311
5.26149
5.25931
5.25656
5.25325
5.24938
5.24497
5.24003
5.23458
5.22863
5.22222
5.21537
5.20811
5.20046
5.19247
5.18417
5.17559
5.16677
5.15775
5.14856
5.13926
5.12987
5.12043
5.11098
5.10156
5.09221
5.08295
5.07383
5.06487
5.0561
5.04755
5.03924
5.0312
5.02344
5.01599
5.00884
5.002
4.99549
4.9893
4.98343
4.97786
4.97259
4.96761
4.96289
4.95841
4.95416
4.95011
4.94625
4.94254
4.93897
4.93552
4.93216
4.9289
4.92571
4.92259
4.91953
4.91653
4.91359
4.91071
4.9079
4.90518
4.90256
4.90004
4.89766
4.89542
4.89335
4.89146
4.88979
4.88835
4.88716
4.88625
4.88563
4.88532
4.88534
4.8857
4.88641
4.88748
4.88891
4.8907
4.89285
4.89534
4.89817
4.90131
4.90476
4.90847
4.91243
4.91661
4.92096
4.92546
4.93005
4.93472
4.9394
4.94406
4.94865
4.95313
4.95746
4.96159
4.96548
4.96909
4.97238
4.97531
4.97785
4.97997
4.98164
4.98285
4.98358
4.98381
4.98356
4.98281
4.98158
4.97989
4.97776
4.97521
4.97229
4.96902
4.96547
4.96167
4.95768
4.95354
4.94932
4.94506
4.94082
4.93665
4.9326
4.92872
4.92504
4.92162
4.91847
4.91565
4.91318
4.91108
4.90938
4.90809
4.90722
4.9068
4.90682
4.90728
4.90818
4.90952
4.91127
4.91342
4.91594
4.91881
4.92199
4.92545
4.92913
4.933
4.93701
4.94111
4.94525
4.9494
4.95349
4.9575
4.96137
4.96509
4.96862
4.97194
4.97503
4.97788
4.98049
4.98286
4.985
4.98691
4.98862
4.99015
4.99152
4.99276
4.9939
4.99496
4.99598
4.99698
4.998
4.99905
5.00015
5.00133
5.0026
5.00396
5.00541
5.00696
5.0086
5.01032
5.01211
5.01394
5.01579
5.01764
5.01946
5.02123
5.0229
5.02445
5.02585
5.02706
5.02806
5.0288
5.02926
5.02941
5.02922
5.02867
5.02774
5.0264
5.02464
5.02244
5.0198
5.0167
5.01316
5.00917
5.00474
4.99989
4.99464
4.98902
4.98305
4.9768
4.97029
4.9636
4.95678
4.94992
4.94307
4.93633
4.92978
4.92351
4.91758
4.91208
4.90708
4.90262
4.89876
4.89551
4.89289
4.8909
4.88951
4.8887
4.88841
4.88861
4.88923
4.8902
4.89146
4.89295
4.89461
4.89637
4.89817
4.89997
4.90173
4.90338
4.90491
4.90628
4.90746
4.90844
4.9092
4.90972
4.91001
4.91006
4.90988
4.90948
4.90886
4.90805
4.90706
4.90591
4.90463
4.90325
4.90179
4.90028
4.89876
4.89724
4.89577
4.89438
4.89309
4.89193
4.89094
4.89014
4.88956
4.88922
4.88914
4.88936
4.88988
4.89072
4.89189
4.89341
4.89528
4.89749
4.90006
4.90297
4.90621
4.90977
4.91364
4.9178
4.92222
4.92688
4.93176
4.93681
4.94202
4.94734
4.95274
4.95818
4.96362
4.96904
4.97438
4.97961
4.9847
4.98962
4.99433
4.99881
5.00305
5.00701
5.0107
5.01411
5.01724
5.02009
5.02267
5.025
5.02709
5.02897
5.03066
5.03219
5.03359
5.03489
5.03612
5.03731
5.03849
5.0397
5.04097
5.04232
5.04379
5.04541
5.04721
5.0492
5.05142
5.05389
5.05663
5.05966
5.063
5.06665
5.07063
5.07494
5.07958
5.08456
5.08987
5.0955
5.10144
5.10766
5.11415
5.12089
5.12785
5.13499
5.1423
5.14973
5.15725
5.16482
5.17241
5.17998
5.18748
5.19489
5.20217
5.20927
5.21616
5.2228
5.22916
5.23521
5.24091
5.24623
5.25114
5.25561
5.25963
5.26315
5.26617
5.26866
5.2706
5.27197
5.27275
5.27294
5.27252
5.27148
5.26981
5.26751
5.26458
5.26101
5.2568
5.25196
5.24651
5.24045
5.23381
5.2266
5.21885
5.21059
5.20187
5.19272
5.18319
5.17334
5.16322
5.15289
5.14242
5.13187
5.12133
5.11086
5.10053
5.09041
5.08059
5.07112
5.06207
5.0535
5.04547
5.03802
5.0312
5.02504
5.01957
5.01479
5.01073
5.00739
5.00475
5.00281
5.00154
5.00092
5.00092
5.00149
5.00261
5.00423
5.0063
5.00877
5.01161
5.01477
5.0182
5.02185
5.02569
5.02967
5.03376
5.03792
5.04211
5.04629
5.05044
5.05453
5.05852
5.06239
5.06611
5.06965
5.073
5.07612
5.079
5.08162
5.08395
5.08598
5.08769
5.08905
5.09006
5.09069
5.09093
5.09077
5.09018
5.08915
5.08767
5.08572
5.08329
5.08037
5.07696
5.07305
5.06864
5.06374
5.05834
5.05247
5.04613
5.03936
5.03218
5.02461
5.0167
5.00847
4.99997
4.99123
4.98231
4.97324
4.96407
4.95483
4.94558
4.93635
4.92719
4.91812
4.90919
4.90044
4.8919
4.88362
4.87562
4.86795
4.86065
4.85376
4.84732
4.84138
4.83599
4.83118
4.82701
4.82352
4.82074
4.81871
4.81746
4.81702
4.81741
4.81862
4.82067
4.82354
4.82722
4.8317
4.83692
4.84287
4.84949
4.85674
4.86456
4.87291
4.88171
4.89092
4.90046
4.91029
4.92035
4.93056
4.94089
4.95126
4.96164
4.97197
4.9822
4.9923
5.00221
5.0119
5.02134
5.03049
5.03932
5.0478
5.05592
5.06365
5.07097
5.07786
5.08431
5.0903
5.09584
5.1009
5.1055
5.10962
5.11326
5.11644
5.11916
5.12143
5.12326
5.12467
5.12568
5.1263
5.12657
5.1265
5.12613
5.12549
5.12459
5.12349
5.12219
5.12075
5.11919
5.11754
5.11584
5.11412
5.1124
5.11071
5.1091
5.10757
5.10615
5.10487
5.10374
5.10278
5.102
5.10141
5.10102
5.10083
5.10083
5.10102
5.10139
5.10192
5.1026
5.10341
5.10433
5.10533
5.10639
5.10749
5.10859
5.10968
5.11073
5.11172
5.11264
5.11346
5.11418
5.11478
5.11527
5.11563
5.11588
5.11602
5.11604
5.11598
5.11583
5.1156
5.11532
5.115
5.11464
5.11426
5.11388
5.1135
5.11312
5.11276
5.11241
5.11209
5.11179
5.1115
5.11123
5.11098
5.11074
5.11052
5.11032
5.11014
5.10998
5.10986
5.10979
5.10978
5.10985
5.11002
5.11032
5.11076
5.11137
5.11218
5.11321
5.11447
5.116
5.1178
5.11988
5.12225
5.12492
5.12786
5.13109
5.13457
5.1383
5.14223
5.14635
5.15063
5.15502
5.15949
5.16399
5.1685
5.17297
5.17736
5.18164
5.18576
5.18971
5.19344
5.19693
5.20017
5.20314
5.20583
5.20823
5.21035
5.2122
5.21379
5.21514
5.21628
5.21724
5.21805
5.21873
5.21933
5.21987
5.22038
5.22088
5.2214
5.22194
5.22252
5.22314
5.2238
5.22449
5.22522
5.22596
5.2267
5.22743
5.22812
5.22877
5.22934
5.22981
5.23016
5.23035
5.23035
5.23013
5.22966
5.2289
5.22782
5.22638
5.22456
5.22232
5.21966
5.21654
5.21296
5.20891
5.2044
5.19942
5.194
5.18814
5.18189
5.17527
5.16831
5.16106
5.15355
5.14585
5.13798
5.13
5.12195
5.11387
5.10582
5.09782
5.0899
5.08211
5.07448
5.06702
5.05976
5.05272
5.04592
5.03938
5.0331
5.02711
5.02142
5.01603
5.01095
5.0062
5.00176
4.99766
4.99388
4.99043
4.98731
4.9845
4.982
4.9798
4.9779
4.97626
4.97489
4.97377
4.97288
4.9722
4.97172
4.97141
4.97126
4.97125
4.97136
4.97157
4.97186
4.97219
4.97256
4.97292
4.97325
4.97352
4.9737
4.97375
4.97363
4.97329
4.97271
4.97182
4.9706
4.96898
4.96694
4.96443
4.96141
4.95784
4.9537
4.94897
4.94363
4.93768
4.93113
4.92398
4.91626
4.90801
4.89928
4.89013
4.88061
4.87082
4.86084
4.85075
4.84066
4.83066
4.82085
4.81132
4.80216
4.79346
4.78528
4.77768
4.77073
4.76447
4.75891
4.75408
4.74999
4.74664
4.74402
4.74212
4.7409
4.74036
4.74046
4.74118
4.74248
4.74433
4.74672
4.74959
4.75294
4.75673
4.76094
4.76555
4.77053
4.77586
4.78152
4.78749
4.79377
4.80032
4.80715
4.81422
4.82154
4.82907
4.83682
4.84477
4.8529
4.8612
4.86965
4.87825
4.88697
4.8958
4.90472
4.91371
4.92277
4.93186
4.94097
4.95009
4.95918
4.96824
4.97722
4.98613
4.99491
5.00356
5.01205
5.02034
5.0284
5.03622
5.04375
5.05098
5.05787
5.0644
5.07054
5.07628
5.08159
5.08645
5.09087
5.09482
5.09831
5.10134
5.10391
5.10603
5.10773
5.10901
5.10989
5.11041
5.11059
5.11047
5.11007
5.10943
5.10858
5.10758
5.10644
5.10522
5.10395
5.10267
5.10142
5.10025
5.09918
5.09826
5.09753
5.09702
5.09676
5.09679
5.09714
5.09782
5.09887
5.10029
5.10209
5.10427
5.10683
5.10975
5.11303
5.11663
5.12052
5.12467
5.12904
5.13359
5.13827
5.14303
5.14783
5.15262
5.15734
5.16195
5.16641
5.17066
5.17467
5.17839
5.18178
5.18481
5.18745
5.18967
5.19144
5.19275
5.19358
5.19391
5.19374
5.19307
5.19189
5.19021
5.18804
5.18539
5.18226
5.17868
5.17465
5.1702
5.16531
5.16001
5.15431
5.14819
5.14165
5.13469
5.12729
5.11944
5.11112
5.10231
5.09299
5.08315
5.07278
5.06188
5.05045
5.03851
5.02609
5.01321
4.99995
4.98635
4.97249
4.95846
4.94434
4.93023
4.91624
4.90246
4.88899
4.87593
4.86337
4.85138
4.84005
4.82941
4.81953
4.81044
4.80216
4.79471
4.78808
4.78229
4.7773
4.77312
4.76972
4.76707
4.76514
4.76392
4.76335
4.76342
4.76409
4.7653
4.76703
4.76923
4.77185
4.77484
4.77815
4.78172
4.78551
4.78946
4.79351
4.79763
4.80175
4.80584
4.80987
4.8138
4.81761
4.82129
4.82484
4.82823
4.8315
4.83463
4.83765
4.84058
4.84343
4.84622
4.84898
4.85171
4.85443
4.85716
4.85989
4.86264
4.86539
4.86814
4.87089
4.87363
4.87633
4.879
4.88161
4.88415
4.88663
4.88902
4.89132
4.89355
4.8957
4.8978
4.89984
4.90186
4.90389
4.90595
4.90807
4.9103
4.91267
4.91522
4.91798
4.921
4.9243
4.92793
4.93189
4.93622
4.94092
4.94601
4.95148
4.95732
4.96352
4.97005
4.97688
4.98398
4.9913
4.9988
5.00643
5.01413
5.02185
5.02954
5.03715
5.04462
5.05192
5.059
5.06582
5.07237
5.07861
5.08453
5.09012
5.09538
5.10033
5.10496
5.10931
5.1134
5.11726
5.12093
5.12445
5.12786
5.13121
5.13455
5.13792
5.14137
5.14492
5.14862
5.15249
5.15653
5.16076
5.16516
5.16972
5.17441
5.17918
5.18399
5.18877
5.19347
5.19803
5.20236
5.2064
5.21008
5.21334
5.21613
5.21839
5.22007
5.22115
5.2216
5.2214
5.22054
5.21903
5.21688
5.21411
5.21075
5.20684
5.20241
5.19753
5.19223
5.18659
5.18065
5.17448
5.16813
5.16166
5.15513
5.14859
5.14208
5.13564
5.1293
5.12311
5.11707
5.11121
5.10554
5.10006
5.09477
5.08968
5.08477
5.08003
5.07545
5.071
5.06668
5.06247
5.05834
5.05427
5.05026
5.04628
5.04234
5.03842
5.03451
5.03064
5.02679
5.02298
5.01922
5.01554
5.01195
5.00847
5.00512
5.00192
4.99889
4.99604
4.99339
4.99093
4.98867
4.98662
4.98475
4.98308
4.98158
4.98026
4.9791
4.97809
4.97725
4.97657
4.97605
4.97572
4.97558
4.97566
4.97598
4.97656
4.97743
4.97861
4.98012
4.98198
4.98418
4.98674
4.98965
4.9929
4.99647
5.00033
5.00447
5.00884
5.0134
5.01813
5.02297
5.02789
5.03286
5.03782
5.04275
5.04762
5.05238
5.05701
5.06149
5.06578
5.06988
5.07375
5.07738
5.08077
5.08389
5.08673
5.0893
5.09159
5.0936
5.09533
5.0968
5.098
5.09896
5.09969
5.10021
5.10053
5.1007
5.10073
5.10066
5.10052
5.10033
5.10014
5.09998
5.09988
5.09986
5.09996
5.10019
5.10057
5.10112
5.10185
5.10274
5.1038
5.10503
5.1064
5.10789
5.10949
5.11117
5.11291
5.11467
5.11642
5.11813
5.11978
5.12133
5.12275
5.12402
5.1251
5.12598
5.12664
5.12705
5.12721
5.12709
5.1267
5.12604
5.1251
5.12389
5.12243
5.12073
5.11881
5.11671
5.11447
5.11211
5.10969
5.10726
5.10487
5.10258
5.10044
5.09851
5.09684
5.09548
5.09446
5.09381
5.09354
5.09367
5.09419
5.09507
5.09628
5.09778
5.09953
5.10146
5.10353
5.10566
5.10781
5.10992
5.11194
5.11382
5.11553
5.11704
5.11831
5.11933
5.12009
5.12058
5.1208
5.12075
5.12044
5.11987
5.11908
5.11806
5.11684
5.11543
5.11386
5.11214
5.11029
5.10833
5.10628
5.10415
5.10196
5.09971
5.09742
5.0951
5.09274
5.09037
5.08798
5.08558
5.08317
5.08077
5.07837
5.07598
5.07362
5.07128
5.06899
5.06675
5.06457
5.06248
5.06047
5.05857
5.05678
5.05513
5.05363
5.05227
5.05109
5.05007
5.04925
5.04861
5.04816
5.04792
5.04788
5.04804
5.04839
5.04895
5.04969
5.05062
5.05172
5.05299
5.0544
5.05595
5.05761
5.05937
5.06121
5.06311
5.06505
5.067
5.06895
5.07087
5.07276
5.0746
5.07637
5.07806
5.07967
5.0812
5.08263
5.08396
5.08521
5.08637
5.08744
5.08842
5.08933
5.09017
5.09093
5.09162
5.09224
5.0928
5.09328
5.09369
5.09402
5.09427
5.09444
5.09452
5.09449
5.09437
5.09414
5.0938
5.09335
5.09278
5.0921
5.09129
5.09038
5.08935
5.0882
5.08695
5.0856
5.08414
5.08259
5.08094
5.0792
5.07737
5.07546
5.07347
5.07139
5.06924
5.06702
5.06473
5.06237
5.05995
5.05747
5.05494
5.05237
5.04975
5.04711
5.04443
5.04173
5.03901
5.03626
5.0335
5.03071
5.02789
5.02505
5.02217
5.01926
5.01631
5.01332
5.0103
5.00725
5.00418
5.00111
4.99806
4.99505
4.99213
4.98932
4.98667
4.98422
4.98202
4.98012
4.97856
4.9774
4.97667
4.97642
4.97669
4.9775
4.97887
4.98081
4.98334
4.98644
4.99011
4.99432
4.99905
5.00425
5.0099
5.01594
5.02232
5.02899
5.03591
5.04301
5.05024
5.05756
5.06492
5.07228
5.07959
5.08682
5.09394
5.10092
5.10774
5.11438
5.12083
5.12706
5.13308
5.13886
5.14442
5.14973
5.15481
5.15966
5.16427
5.16865
5.17281
5.17676
5.18051
5.18409
5.18749
5.19076
5.19389
5.19693
5.19988
5.20277
5.20562
5.20846
5.21129
5.21414
5.21702
5.21994
5.22291
5.22592
5.22898
5.23208
5.23521
5.23836
5.24149
5.2446
5.24766
5.25062
5.25347
5.25616
5.25866
5.26094
5.26295
5.26466
5.26603
5.26703
5.26762
5.26777
5.26745
5.26663
5.26529
5.26341
5.26096
5.25794
5.25432
5.2501
5.24526
5.23982
5.23375
5.22707
5.21979
5.2119
5.20343
5.19439
5.1848
5.17469
5.16409
5.15302
5.14154
5.12968
5.11748
5.10501
5.0923
5.07942
5.06643
5.05339
5.04035
5.02739
5.01456
5.00192
4.98954
4.97748
4.96578
4.95451
4.94372
4.93345
4.92376
4.9147
4.9063
4.89861
4.89168
4.88554
4.88023
4.87578
4.87224
4.86962
4.86796
4.86727
4.86756
4.86885
4.87114
4.8744
4.87864
4.88381
4.88988
4.89681
4.90455
4.91303
4.92219
4.93196
4.94226
4.95301
4.96412
4.97552
4.98711
4.99881
5.01054
5.02221
5.03375
5.04508
5.05613
5.06684
5.07713
5.08696
5.09627
5.10502
5.11317
5.12069
5.12754
5.13372
5.1392
5.14397
5.14805
5.15142
5.1541
5.15611
5.15746
5.15818
5.15831
5.15787
5.1569
5.15545
5.15355
5.15125
5.14861
5.14566
5.14246
5.13906
5.13549
5.13181
5.12805
5.12427
5.12049
5.11675
5.11308
5.1095
5.10604
5.10271
5.09952
5.09648
5.09359
5.09085
5.08825
5.08579
5.08345
5.08122
5.07908
5.07701
5.075
5.07302
5.07105
5.06908
5.06707
5.06502
5.06291
5.06072
5.05845
5.05607
5.05358
5.05098
5.04827
5.04546
5.04254
5.03954
5.03648
5.03336
5.03022
5.02709
5.024
5.02097
5.01805
5.01526
5.01265
5.01025
5.00808
5.00618
5.00457
5.00327
5.0023
5.00166
5.00138
5.00143
5.00184
5.00258
5.00365
5.00504
5.00671
5.00867
5.01087
5.01331
5.01595
5.01876
5.02173
5.02481
5.028
5.03126
5.03457
5.0379
5.04123
5.04454
5.04781
5.05102
5.05413
5.05715
5.06004
5.06278
5.06536
5.06775
5.06994
5.0719
5.07361
5.07505
5.07621
5.07705
5.07757
5.07775
5.07757
5.07701
5.07607
5.07474
5.07301
5.07087
5.06834
5.06541
5.06209
5.0584
5.05435
5.04996
5.04526
5.04026
5.035
5.02952
5.02385
5.01803
5.0121
5.00611
5.0001
4.99413
4.98823
4.98247
4.9769
4.97157
4.96654
4.96185
4.95756
4.9537
4.95032
4.94746
4.94513
4.94335
4.94213
4.94146
4.94133
4.94171
4.94256
4.94382
4.94544
4.94735
4.94948
4.95175
4.9541
4.95643
4.95869
4.96082
4.96275
4.96444
4.96586
4.96698
4.96779
4.96829
4.96848
4.96838
4.96801
4.9674
4.96658
4.96559
4.96447
4.96325
4.96197
4.96067
4.95938
4.95814
4.95697
4.9559
4.95495
4.95413
4.95345
4.95294
4.9526
4.95243
4.95245
4.95264
4.95301
4.95355
4.95427
4.95515
4.9562
4.95739
4.95872
4.96018
4.96175
4.96342
4.96516
4.96697
4.96881
4.97068
4.97255
4.97442
4.97625
4.97804
4.97977
4.98144
4.98304
4.98456
4.98602
4.98741
4.98874
4.99003
4.9913
4.99256
4.99383
4.99515
4.99654
4.99803
4.99964
5.00141
5.00336
5.00551
5.0079
5.01053
5.01342
5.01659
5.02004
5.02376
5.02776
5.03203
5.03654
5.04129
5.04625
5.05138
5.05667
5.06207
5.06756
5.07309
5.07864
5.08416
5.08963
5.09501
5.10028
5.10541
5.11038
5.11517
5.11978
5.1242
5.12841
5.13243
5.13624
5.13987
5.14331
5.14658
5.14969
5.15265
5.15547
5.15817
5.16076
5.16325
5.16565
5.16798
5.17025
5.17246
5.17462
5.17675
5.17885
5.18091
5.18296
5.18498
5.18698
5.18896
5.19091
5.19282
5.19469
5.19651
5.19826
5.19993
5.20151
5.20297
5.20431
5.20551
5.20654
5.2074
5.20806
5.20852
5.20877
5.2088
5.20862
5.20822
5.20762
5.20684
5.2059
5.20483
5.20369
5.20253
5.2014
5.20037
5.19952
5.19894
5.19869
5.19886
5.19953
5.20077
5.20262
5.20512
5.20831
5.21217
5.2167
5.22187
5.22761
5.23386
5.24054
5.24757
5.25486
5.26232
5.26986
5.27738
5.28483
5.29211
5.29918
5.30598
5.31245
5.31857
5.32429
5.3296
5.33446
5.33888
5.34282
5.34629
5.34927
5.35177
5.35377
5.35527
5.35627
5.35677
5.35678
5.35628
5.35529
5.3538
5.35182
5.34935
5.34641
5.343
5.33914
5.33484
5.33012
5.32499
5.31949
5.31364
5.30746
5.30099
5.29427
5.28731
5.28018
5.2729
5.26553
5.25809
5.25065
5.24325
5.23593
5.22875
5.22175
5.215
5.20853
5.20239
5.19665
5.19134
5.1865
5.18218
5.17842
5.17523
5.17266
5.17071
5.16941
5.16874
5.1687
5.16928
5.17045
5.17218
5.17443
5.17716
5.18029
5.18379
5.18757
5.19158
5.19574
5.19998
5.20424
5.20845
5.21254
5.21647
5.22017
5.22361
5.22673
5.22951
5.23193
5.23395
5.23556
5.23676
5.23753
5.23788
5.2378
5.23729
5.23636
5.23502
5.23326
5.23109
5.2285
5.22551
5.2221
5.21828
5.21405
5.2094
5.20433
5.19885
5.19295
5.18663
5.17991
5.17279
5.16528
5.15741
5.14919
5.14065
5.13182
5.12273
5.11342
5.10392
5.09428
5.08454
5.07474
5.06492
5.05514
5.04543
5.03583
5.02639
5.01714
5.00812
4.99936
4.99089
4.98275
4.97496
4.96754
4.96052
4.95391
4.94774
4.94202
4.93676
4.93198
4.92768
4.92389
4.92059
4.91781
4.91555
4.9138
4.91258
4.9119
4.91174
4.91211
4.91302
4.91445
4.91641
4.9189
4.9219
4.92541
4.92941
4.9339
4.93885
4.94426
4.95009
4.95632
4.96292
4.96987
4.97712
4.98464
4.99239
5.00032
5.0084
5.01657
5.02479
5.03302
5.04119
5.04927
5.05722
5.06497
5.07251
5.07979
5.08676
5.09341
5.09971
5.10563
5.11116
5.11628
5.12098
5.12526
5.1291
5.13253
5.13553
5.13811
5.14029
5.14206
5.14345
5.14446
5.1451
5.14539
5.14533
5.14494
5.14424
5.14323
5.14192
5.14033
5.13846
5.13633
5.13395
5.13133
5.12847
5.1254
5.12213
5.11866
5.11501
5.11118
5.10721
5.10308
5.09882
5.09444
5.08995
5.08534
5.08064
5.07585
5.07096
5.06598
5.06091
5.05575
5.05048
5.04512
5.03964
5.03405
5.02833
5.02249
5.01651
5.0104
5.00416
4.99778
4.99128
4.98466
4.97792
4.97108
4.96416
4.95715
4.95009
4.94297
4.93583
4.92868
4.92153
4.91442
4.90736
4.90038
4.89353
4.88683
4.88033
4.87409
4.86816
4.86259
4.85744
4.85279
4.84868
4.8452
4.84239
4.84031
4.83901
4.83853
4.83889
4.84011
4.8422
4.84514
4.84892
4.8535
4.85884
4.86487
4.87154
4.87876
4.88646
4.89454
4.90293
4.91151
4.92021
4.92892
4.93756
4.94603
4.95426
4.96216
4.96966
4.9767
4.98321
4.98915
4.99447
4.99915
5.00316
5.00649
5.00915
5.01114
5.0125
5.01326
5.01345
5.01313
5.01235
5.01117
5.00964
5.00783
5.00579
5.00356
5.00118
4.9987
4.99613
4.99349
4.99079
4.98803
4.9852
4.9823
4.9793
4.9762
4.97296
4.96958
4.96604
4.96231
4.95839
4.95427
4.94994
4.94539
4.94065
4.93571
4.9306
4.92535
4.91997
4.91452
4.90903
4.90355
4.89813
4.89283
4.88771
4.8828
4.87817
4.87387
4.86994
4.86642
4.86335
4.86074
4.85862
4.85699
4.85587
4.85523
4.85509
4.85541
4.85619
4.85739
4.85899
4.86096
4.86328
4.86592
4.86884
4.87204
4.87548
4.87915
4.88303
4.88712
4.89141
4.89588
4.90056
4.90543
4.9105
4.91579
4.9213
4.92705
4.93304
4.93929
4.94581
4.95261
4.9597
4.96708
4.97476
4.98272
4.99096
4.99948
5.00825
5.01726
5.02647
5.03586
5.04538
5.05501
5.06468
5.07435
5.08398
5.0935
5.10286
5.11201
5.12089
5.12944
5.13763
5.14539
5.15269
5.15948
5.16573
5.17142
5.17652
5.181
5.18487
5.18811
5.19073
5.19272
5.19411
5.19489
5.1951
5.19475
5.19387
5.19248
5.19062
5.18833
5.18563
5.18258
5.1792
5.17555
5.17168
5.16762
5.16345
5.15919
5.15492
5.15068
5.14651
5.14247
5.1386
5.13494
5.13152
5.12836
5.12548
5.1229
5.12062
5.11862
5.11691
5.11546
5.11425
5.11325
5.11244
5.11177
5.11123
5.11078
5.11039
5.11002
5.10967
5.10929
5.10888
5.10842
5.10789
5.1073
5.10663
5.10589
5.10509
5.10422
5.1033
5.10234
5.10135
5.10034
5.09933
5.09833
5.09735
5.0964
5.0955
5.09464
5.09383
5.09308
5.09237
5.09171
5.09108
5.09047
5.08988
5.08927
5.08865
5.08798
5.08726
5.08647
5.08558
5.08459
5.08349
5.08226
5.08089
5.0794
5.07777
5.07601
5.07413
5.07215
5.07006
5.0679
5.06568
5.06343
5.06117
5.05892
5.05671
5.05458
5.05253
5.0506
5.04881
5.04719
5.04575
5.0445
5.04346
5.04264
5.04205
5.04168
5.04153
5.04159
5.04186
5.04231
5.04292
5.04366
5.04452
5.04544
5.0464
5.04736
5.04826
5.04908
5.04975
5.05025
5.05051
5.0505
5.05017
5.04947
5.04838
5.04686
5.04486
5.04238
5.03938
5.03584
5.03177
5.02714
5.02196
5.01625
5.01
5.00324
4.996
4.98831
4.9802
4.97172
4.96292
4.95385
4.94458
4.93516
4.92565
4.91614
4.90668
4.89734
4.8882
4.87932
4.87077
4.8626
4.85487
4.84764
4.84094
4.83481
4.82928
4.82438
4.82011
4.81649
4.81349
4.81112
4.80935
4.80815
4.80747
4.80728
4.80753
4.80815
4.80908
4.81026
4.81164
4.81313
4.81469
4.81624
4.81775
4.81916
4.82044
4.82155
4.82248
4.82322
4.82376
4.82413
4.82435
4.82444
4.82446
4.82444
4.82444
4.82452
4.82473
4.82513
4.82579
4.82673
4.82802
4.82969
4.83177
4.83429
4.83725
4.84067
4.84454
4.84885
4.8536
4.85876
4.86429
4.87018
4.87639
4.88288
4.88962
4.89657
4.9037
4.91096
4.91832
4.92575
4.9332
4.94066
4.94808
4.95544
4.9627
4.96985
4.97684
4.98366
4.99027
4.99666
5.0028
5.00866
5.01423
5.01949
5.02441
5.02898
5.03317
5.03698
5.0404
5.04339
5.04596
5.04809
5.04978
5.051
5.05176
5.05205
5.05187
5.05121
5.05008
5.04847
5.0464
5.04387
5.0409
5.03751
5.0337
5.02952
5.02499
5.02013
5.01499
5.00959
5.00398
4.99821
4.9923
4.98632
4.98028
4.97425
4.96825
4.96233
4.95652
4.95084
4.94532
4.93998
4.93483
4.92989
4.92515
4.92063
4.9163
4.91217
4.90821
4.90442
4.90077
4.89725
4.89382
4.89047
4.88718
4.88391
4.88065
4.87736
4.87403
4.87064
4.86716
4.86357
4.85984
4.85597
4.85193
4.84772
4.84331
4.8387
4.83389
4.82888
4.82367
4.81827
4.8127
4.80699
4.80116
4.79524
4.78929
4.78334
4.77744
4.77166
4.76605
4.76067
4.75558
4.75083
4.74648
4.74258
4.73917
4.73629
4.73396
4.73221
4.73104
4.73045
4.73044
4.73099
4.73207
4.73367
4.73575
4.73829
4.74125
4.74461
4.74834
4.75243
4.75685
4.7616
4.76667
4.77205
4.77774
4.78372
4.79
4.79656
4.80338
4.81043
4.81769
4.8251
4.83262
4.84019
4.84775
4.85522
4.86253
4.86961
4.87638
4.88277
4.8887
4.8941
4.89891
4.90306
4.90652
4.90922
4.91113
4.91222
4.91248
4.91189
4.91045
4.90817
4.90506
4.90117
4.89652
4.89117
4.88518
4.87861
4.87154
4.86405
4.85623
4.84818
4.84
4.8318
4.82368
4.81575
4.80812
4.8009
4.79419
4.7881
4.7827
4.77809
4.77433
4.77147
4.76955
4.76861
4.76865
4.76967
4.77165
4.77455
4.77834
4.78297
4.78838
4.79453
4.80134
4.80878
4.81678
4.8253
4.83431
4.84376
4.85362
4.86387
4.87448
4.88544
4.89674
4.90834
4.92025
4.93243
4.94488
