1.61687
1.61628
1.61544
1.61436
1.61303
1.61146
1.60964
1.60758
1.60528
1.60272
1.59992
1.59688
1.59358
1.59004
1.58625
1.58222
1.57793
1.5734
1.56862
1.56358
1.5583
1.55277
1.54699
1.54096
1.53468
1.52816
1.52138
1.51435
1.50708
1.49955
1.49178
1.48376
1.4755
1.46699
1.45823
1.44924
1.44
1.43052
1.4208
1.41085
1.40066
1.39025
1.3796
1.36872
1.35762
1.34631
1.33477
1.32303
1.31107
1.29891
1.28656
1.27401
1.26127
1.24835
1.23525
1.22199
1.20856
1.19498
1.18125
1.16738
1.15338
1.13927
1.12503
1.1107
1.09628
1.08177
1.06719
1.05256
1.03787
1.02315
1.00841
0.993657
0.978905
0.964168
0.94946
0.934793
0.920182
0.905641
0.891183
0.876823
0.862574
0.848451
0.834468
0.820638
0.806975
0.793494
0.780206
0.767126
0.754267
0.74164
0.729258
0.717132
0.705274
0.693695
0.682404
0.671412
0.660727
0.650358
0.640312
0.630597
0.621219
0.612183
0.603496
0.595161
0.587181
0.57956
0.572301
0.565403
0.558869
0.552698
0.54689
0.541443
0.536356
0.531625
0.527249
0.523224
0.519544
0.516206
0.513204
0.510532
0.508185
0.506155
0.504437
0.503022
0.501903
0.501073
0.500522
0.500243
0.500228
0.500466
0.50095
0.501671
0.502619
0.503786
0.505161
0.506736
0.508501
0.510448
0.512566
0.514848
0.517282
0.519862
0.522577
0.525418
0.528378
0.531447
0.534617
0.53788
0.541228
0.544652
0.548144
0.551698
0.555306
0.55896
0.562653
0.56638
0.570132
0.573904
0.577689
0.581482
0.585276
0.589066
0.592848
0.596614
0.600362
0.604085
0.607779
0.611441
0.615066
0.61865
0.62219
0.625682
0.629123
0.632509
0.635838
0.639108
0.642315
0.645458
0.648534
0.651542
0.654479
0.657344
0.660136
0.662853
0.665494
0.668059
0.670546
0.672955
0.675285
0.677536
0.679707
0.6818
0.683813
0.685746
0.687601
0.689376
0.691074
0.692694
0.694237
0.695703
0.697094
0.698411
0.699654
0.700825
0.701924
0.702954
0.703915
0.704808
0.705635
0.706398
0.707097
0.707735
0.708314
0.708833
0.709296
0.709705
0.710059
0.710363
0.710616
0.710821
0.710981
0.711095
0.711167
0.711198
0.711191
0.711146
0.711066
0.710952
0.710807
0.710632
0.71043
0.710201
0.709949
0.709674
0.709379
0.709065
0.708735
0.708389
0.708031
0.707662
0.707283
0.706897
0.706504
0.706108
0.70571
0.705311
0.704914
0.704519
0.704129
0.703746
0.703371
0.703005
0.702651
0.702309
0.701982
0.701671
0.701377
0.701102
0.700847
0.700614
0.700404
0.700217
0.700057
0.699922
0.699815
0.699737
0.699689
0.699672
0.699686
0.699732
0.699812
0.699926
0.700074
0.700258
0.700478
0.700734
0.701028
0.701358
0.701727
0.702133
0.702578
0.703062
0.703584
0.704145
0.704745
0.705384
0.706062
0.706779
0.707534
0.708328
0.70916
0.71003
0.710938
0.711883
0.712865
0.713884
0.714938
0.716028
0.717153
0.718311
0.719503
0.720728
0.721984
0.723272
0.72459
0.725936
0.727312
0.728714
0.730143
0.731596
0.733074
0.734575
0.736098
0.737641
0.739203
0.740784
0.742382
0.743996
0.745624
0.747265
0.748918
0.750582
0.752256
0.753938
0.755627
0.757321
0.759021
0.760723
0.762429
0.764135
0.765842
0.767547
0.769251
0.770952
0.772649
0.774342
0.776029
0.777709
0.779382
0.781048
0.782705
0.784352
0.78599
0.787617
0.789234
0.790839
0.792432
0.794013
0.795581
0.797136
0.798679
0.800208
0.801724
0.803225
0.804714
0.806188
0.807648
0.809095
0.810527
0.811946
0.813351
0.814742
0.81612
0.817484
0.818835
0.820172
0.821497
0.822809
0.824109
0.825397
0.826672
0.827936
0.829188
0.830429
0.83166
0.832879
0.834088
0.835287
0.836476
0.837655
0.838825
0.839985
0.841137
0.84228
0.843414
0.84454
0.845657
0.846766
0.847867
0.84896
0.850046
0.851123
0.852192
0.853254
0.854308
0.855353
0.856391
0.85742
0.858441
0.859454
0.860458
0.861453
0.862439
0.863415
0.864382
0.865339
0.866285
0.867221
0.868146
0.86906
0.869962
0.870851
0.871729
0.872593
0.873443
0.87428
0.875102
0.87591
0.876702
0.877479
0.878239
0.878983
0.87971
0.88042
0.881112
0.881785
0.88244
0.883076
0.883693
0.88429
0.884867
0.885424
0.88596
0.886476
0.88697
0.887443
0.887895
0.888325
0.888734
0.88912
0.889485
0.889827
0.890148
0.890446
0.890722
0.890976
0.891207
0.891416
0.891604
0.891769
0.891912
0.892032
0.892132
0.892209
0.892264
0.892298
0.892311
0.892301
0.892271
0.892219
0.892147
0.892053
0.891938
0.891803
0.891646
0.89147
0.891272
0.891054
0.890816
0.890558
0.890279
0.889981
0.889662
0.889323
0.888965
0.888587
0.888189
0.887772
0.887335
0.886879
0.886404
0.885909
0.885396
0.884864
0.884314
0.883745
0.883158
0.882554
0.881932
0.881292
0.880636
0.879963
0.879273
0.878568
0.877847
0.877112
0.876362
0.875597
0.87482
0.874029
0.873226
0.872411
0.871585
0.870748
0.869902
0.869046
0.868182
0.867309
0.86643
0.865543
0.864652
0.863754
0.862853
0.861948
0.86104
0.86013
0.859218
0.858305
0.857392
0.85648
0.855569
0.85466
0.853754
0.85285
0.851951
0.851056
0.850167
0.849283
0.848405
0.847535
0.846672
0.845818
0.844972
0.844136
0.843309
0.842493
0.841689
0.840896
0.840115
0.839347
0.838593
0.837852
0.837126
0.836415
0.83572
0.83504
0.834378
0.833732
0.833104
0.832494
0.831902
0.83133
0.830777
0.830243
0.82973
0.829238
0.828766
0.828315
0.827886
0.827478
0.827092
0.826727
0.826385
0.826064
0.825766
0.825489
0.825233
0.824999
0.824787
0.824595
0.824424
0.824272
0.824141
0.824028
0.823934
0.823858
0.823799
0.823756
0.823729
0.823717
0.823718
0.823733
0.82376
0.823797
0.823845
0.823902
0.823967
0.824039
0.824117
0.824199
0.824286
0.824375
0.824466
0.824558
0.82465
0.824741
0.824829
0.824915
0.824996
0.825073
0.825145
0.825211
0.825269
0.82532
0.825364
0.825398
0.825424
0.82544
0.825446
0.825442
0.825428
0.825403
0.825368
0.825321
0.825264
0.825195
0.825116
0.825026
0.824926
0.824815
0.824693
0.824562
0.824421
0.82427
0.824111
0.823942
0.823766
0.823581
0.823389
0.823191
0.822985
0.822774
0.822558
0.822336
0.82211
0.82188
0.821647
0.821411
0.821173
0.820934
0.820693
0.820452
0.820211
0.81997
0.819731
0.819493
0.819257
0.819024
0.818794
0.818568
0.818345
0.818127
0.817915
0.817707
0.817505
0.817309
0.81712
0.816937
0.816761
0.816593
0.816432
0.816278
0.816133
0.815995
0.815866
0.815745
0.815632
0.815527
0.815431
0.815344
0.815264
0.815193
0.815131
0.815076
0.815029
0.814991
0.81496
0.814937
0.814921
0.814912
0.814911
0.814917
0.814929
0.814948
0.814973
0.815004
0.815042
0.815085
0.815134
0.815189
0.815249
0.815314
0.815384
0.81546
0.81554
0.815626
0.815716
0.815812
0.815912
0.816018
0.816128
0.816244
0.816365
0.816491
0.816623
0.816761
0.816904
0.817054
0.81721
0.817373
0.817543
0.81772
0.817905
0.818097
0.818297
0.818506
0.818723
0.818949
0.819184
0.819429
0.819683
0.819946
0.82022
0.820504
0.820798
0.821103
0.821418
0.821743
0.822079
0.822426
0.822782
0.82315
0.823527
0.823915
0.824312
0.824718
0.825134
0.825559
0.825992
0.826434
0.826883
0.827339
0.827801
0.82827
0.828744
0.829223
0.829706
0.830193
0.830683
0.831174
0.831668
0.832162
0.832656
0.833149
0.833641
0.83413
0.834617
0.8351
0.835578
0.836051
0.836518
0.836979
0.837432
0.837877
0.838313
0.83874
0.839157
0.839563
0.839957
0.84034
0.84071
0.841067
0.841411
0.84174
0.842055
0.842355
0.842639
0.842907
0.843159
0.843395
0.843613
0.843814
0.843998
0.844163
0.844311
0.84444
0.84455
0.844642
0.844715
0.844769
0.844804
0.84482
0.844816
0.844794
0.844752
0.844691
0.84461
0.844511
0.844392
0.844255
0.844099
0.843924
0.84373
0.843518
0.843289
0.843041
0.842776
0.842493
0.842193
0.841877
0.841544
0.841195
0.840831
0.840451
0.840056
0.839647
0.839224
0.838787
0.838337
0.837874
0.837399
0.836912
0.836414
0.835905
0.835387
0.834858
0.834321
0.833775
0.833221
0.832659
0.832091
0.831517
0.830937
0.830351
0.829762
0.829168
0.828572
0.827972
0.827371
0.826768
0.826165
0.825561
0.824958
0.824355
0.823755
0.823157
0.822562
0.82197
0.821383
0.820801
0.820224
0.819653
0.819089
0.818532
0.817983
0.817443
0.816912
0.816391
0.815881
0.815381
0.814893
0.814417
0.813954
0.813505
0.813069
0.812647
0.812241
0.811849
0.811474
0.811115
0.810772
0.810447
0.810139
0.809849
0.809578
0.809325
0.809091
0.808876
0.808681
0.808506
0.80835
0.808215
0.808101
0.808007
0.807933
0.807881
0.80785
0.807839
0.80785
0.807883
0.807936
0.808011
0.808108
0.808226
0.808365
0.808526
0.808708
0.808912
0.809136
0.809382
0.809649
0.809937
0.810245
0.810574
0.810924
0.811294
0.811683
0.812093
0.812522
0.812969
0.813436
0.813921
0.814424
0.814944
0.815482
0.816036
0.816605
0.817191
0.817791
0.818405
0.819033
0.819674
0.820326
0.82099
0.821665
0.822349
0.823041
0.823742
0.82445
0.825163
0.825882
0.826604
0.82733
0.828057
0.828786
0.829514
0.830241
0.830966
0.831688
0.832405
0.833117
0.833822
0.83452
0.835208
0.835888
0.836556
0.837213
0.837857
0.838487
0.839102
0.839702
0.840285
0.840851
0.841399
0.841928
0.842437
0.842926
0.843394
0.84384
0.844263
0.844664
0.845041
0.845395
0.845724
0.846029
0.846309
0.846563
0.846792
0.846996
0.847173
0.847325
0.847452
0.847552
0.847627
0.847676
0.8477
0.847698
0.847671
0.84762
0.847545
0.847445
0.847322
0.847177
0.847008
0.846818
0.846606
0.846374
0.846122
0.84585
0.84556
0.845252
0.844928
0.844587
0.844231
0.84386
0.843476
0.84308
0.842672
0.842254
0.841826
0.841389
0.840944
0.840493
0.840036
0.839575
0.83911
0.838642
0.838172
0.837702
0.837232
0.836762
0.836295
0.835831
0.83537
0.834914
0.834463
0.834018
0.83358
0.83315
0.832727
0.832314
0.83191
0.831516
0.831133
0.830761
0.8304
0.830051
0.829715
0.829391
0.82908
0.828783
0.828499
0.828229
0.827973
0.827731
0.827503
0.82729
0.827091
0.826906
0.826736
0.82658
0.826439
0.826311
0.826198
0.8261
0.826015
0.825944
0.825886
0.825842
0.825811
0.825794
0.825789
0.825796
0.825816
0.825848
0.825891
0.825946
0.826012
0.826089
0.826176
0.826273
0.826381
0.826498
0.826624
0.826759
0.826902
0.827054
0.827214
0.827382
0.827557
0.827739
0.827928
0.828124
0.828326
0.828534
0.828748
0.828967
0.829192
0.829422
0.829657
0.829897
0.830142
0.83039
0.830643
0.8309
0.831161
0.831425
0.831693
0.831964
0.832238
0.832515
0.832795
0.833077
0.833362
0.833649
0.833939
0.83423
0.834523
0.834818
0.835114
0.835411
0.835709
0.836009
0.836309
0.836609
0.83691
0.837211
0.837513
0.837814
0.838115
0.838415
0.838716
0.839015
0.839314
0.839613
0.83991
0.840207
0.840503
0.840798
0.841093
0.841386
0.841679
0.841972
0.842264
0.842555
0.842847
0.843138
0.84343
0.843723
0.844016
0.84431
0.844605
0.844902
0.845201
0.845502
0.845806
0.846113
0.846424
0.846738
0.847056
0.847379
0.847706
0.848039
0.848378
0.848722
0.849072
0.849429
0.849793
0.850164
0.850542
0.850927
0.85132
0.85172
0.852128
0.852543
0.852966
0.853396
0.853834
0.854279
0.854731
0.855189
0.855654
0.856124
0.856601
0.857082
0.857568
0.858058
0.858551
0.859048
0.859546
0.860047
0.860548
0.86105
0.861551
0.862051
0.862549
0.863044
0.863536
0.864025
0.864508
0.864986
0.865457
0.865922
0.866379
0.866828
0.867268
0.867699
0.868119
0.868529
0.868928
0.869316
0.869691
0.870054
0.870404
0.870741
0.871064
0.871373
0.871668
0.871948
0.872214
0.872465
0.872701
0.872922
0.873127
0.873317
0.873491
0.87365
0.873794
0.873922
0.874034
0.874132
0.874213
0.87428
0.874331
0.874367
0.874388
0.874394
0.874386
0.874363
0.874327
0.874276
0.874211
0.874132
0.874041
0.873936
0.873819
0.873689
0.873546
0.873392
0.873227
0.87305
0.872862
0.872664
0.872455
0.872237
0.872009
0.871772
0.871527
0.871273
0.871011
0.870742
0.870466
0.870183
0.869895
0.8696
0.8693
0.868996
0.868687
0.868374
0.868058
0.867739
0.867418
0.867094
0.86677
0.866444
0.866117
0.865791
0.865465
0.865139
0.864816
0.864494
0.864174
0.863857
0.863543
0.863233
0.862927
0.862626
0.862329
0.862038
0.861752
0.861472
0.861199
0.860932
0.860673
0.860421
0.860177
0.859941
0.859713
0.859494
0.859284
0.859082
0.85889
0.858708
0.858535
0.858372
0.858219
0.858076
0.857943
0.857821
0.857708
0.857607
0.857516
0.857435
0.857365
0.857305
0.857256
0.857218
0.857189
0.857171
0.857164
0.857166
0.857179
0.857201
0.857233
0.857275
0.857326
0.857386
0.857455
0.857533
0.857619
0.857714
0.857817
0.857927
0.858045
0.858171
0.858303
0.858441
0.858586
0.858737
0.858893
0.859055
0.859221
0.859392
0.859567
0.859746
0.859928
0.860114
0.860302
0.860492
0.860684
0.860877
0.861072
0.861268
0.861464
0.86166
0.861856
0.862051
0.862245
0.862437
0.862628
0.862818
0.863004
0.863188
0.86337
0.863548
0.863723
0.863894
0.864061
0.864225
0.864384
0.864538
0.864689
0.864834
0.864975
0.865111
0.865242
0.865368
0.865489
0.865605
0.865716
0.865822
0.865923
0.866019
0.86611
0.866196
0.866277
0.866353
0.866425
0.866491
0.866554
0.866612
0.866666
0.866715
0.86676
0.866801
0.866838
0.866871
0.8669
0.866925
0.866947
0.866964
0.866978
0.866988
0.866994
0.866996
0.866995
0.866989
0.86698
0.866966
0.866948
0.866926
0.866899
0.866867
0.866831
0.866789
0.866742
0.86669
0.866632
0.866568
0.866498
0.866421
0.866338
0.866249
0.866151
0.866047
0.865935
0.865815
0.865688
0.865552
0.865407
0.865254
0.865092
0.864921
0.864741
0.864552
0.864353
0.864145
0.863928
0.863701
0.863465
0.863219
0.862964
0.8627
0.862426
0.862144
0.861852
0.861552
0.861244
0.860928
0.860603
0.860272
0.859933
0.859588
0.859236
0.858878
0.858516
0.858148
0.857776
0.857401
0.857023
0.856642
0.856259
0.855875
0.855491
0.855107
0.854724
0.854342
0.853963
0.853587
0.853215
0.852847
0.852484
0.852127
0.851777
0.851434
0.851099
0.850773
0.850456
0.850148
0.849851
0.849565
0.849289
0.849026
0.848775
0.848536
0.84831
0.848097
0.847897
0.847711
0.847538
0.847379
0.847233
0.8471
0.846981
0.846874
0.846781
0.8467
0.846632
0.846575
0.84653
0.846496
0.846472
0.846458
0.846453
0.846457
0.846469
0.846489
0.846515
0.846547
0.846584
0.846626
0.846671
0.84672
0.84677
0.846822
0.846874
0.846927
0.846978
0.847028
0.847075
0.847119
0.847159
0.847195
0.847225
0.84725
0.847268
0.847278
0.847281
0.847276
0.847262
0.847238
0.847205
0.847161
0.847107
0.847042
0.846965
0.846877
0.846776
0.846663
0.846538
0.8464
0.846249
0.846085
0.845908
0.845718
0.845515
0.845298
0.845068
0.844824
0.844568
0.844298
0.844016
0.84372
0.843412
0.843092
0.842759
0.842414
0.842057
0.841688
0.841308
0.840916
0.840514
0.840102
0.839679
0.839246
0.838803
0.838352
0.837891
0.837422
0.836945
0.836461
0.835969
0.83547
0.834965
0.834453
0.833937
0.833415
0.832888
0.832358
0.831824
0.831287
0.830747
0.830205
0.829662
0.829118
0.828573
0.828029
0.827485
0.826943
0.826403
0.825865
0.825331
0.824801
0.824275
0.823755
0.82324
0.822733
0.822232
0.82174
0.821257
0.820783
0.820319
0.819866
0.819425
0.818996
0.81858
0.818178
0.817791
0.817419
0.817063
0.816724
0.816402
0.816099
0.815814
0.815549
0.815304
0.81508
0.814878
0.814699
0.814542
0.814408
0.814299
0.814215
0.814155
0.814122
0.814115
0.814135
0.814182
0.814257
0.81436
0.814491
0.814651
0.81484
0.815058
0.815305
0.815582
0.815888
0.816224
0.816589
0.816983
0.817406
0.817858
0.818338
0.818846
0.819381
0.819944
0.820532
0.821146
0.821784
0.822446
0.823131
0.823837
0.824565
0.825311
0.826076
0.826858
0.827656
0.828469
0.829294
0.830131
0.830977
0.831833
0.832695
0.833563
0.834435
0.835309
0.836184
0.837059
0.837931
0.8388
0.839663
0.84052
0.841369
0.842209
0.843038
0.843854
0.844658
0.845447
0.84622
0.846976
0.847715
0.848435
0.849135
0.849814
0.850471
0.851107
0.851719
0.852308
0.852872
0.853412
0.853926
0.854415
0.854877
0.855313
0.855723
0.856105
0.856461
0.856789
0.857091
0.857365
0.857612
0.857833
0.858026
0.858193
0.858334
0.858448
0.858537
0.858601
0.85864
0.858655
0.858645
0.858613
0.858557
0.85848
0.85838
0.85826
0.85812
0.857961
0.857782
0.857586
0.857373
0.857143
0.856898
0.856639
0.856365
0.856079
0.85578
0.85547
0.85515
0.854821
0.854483
0.854138
0.853786
0.853428
0.853065
0.852698
0.852328
0.851956
0.851582
0.851208
0.850833
0.85046
0.850088
0.849719
0.849353
0.848991
0.848634
0.848282
0.847935
0.847595
0.847262
0.846937
0.846619
0.84631
0.84601
0.845718
0.845437
0.845165
0.844903
0.844652
0.84441
0.84418
0.84396
0.843751
0.843552
0.843364
0.843186
0.843019
0.842863
0.842716
0.842579
0.842451
0.842333
0.842224
0.842123
0.84203
0.841944
0.841866
0.841794
0.841729
0.841668
0.841613
0.841562
0.841515
0.841471
0.841429
0.841388
0.841349
0.841311
0.841272
0.841232
0.841191
0.841147
0.8411
0.84105
0.840996
0.840937
0.840873
0.840802
0.840725
0.840641
0.840549
0.840449
0.840341
0.840223
0.840096
0.839959
0.839812
0.839654
0.839485
0.839305
0.839114
0.838911
0.838696
0.838469
0.83823
0.83798
0.837717
0.837442
0.837155
0.836855
0.836544
0.836221
0.835887
0.835541
0.835184
0.834816
0.834438
0.834049
0.833651
0.833243
0.832827
0.832401
0.831968
0.831527
0.83108
0.830626
0.830166
0.829702
0.829233
0.828761
0.828286
0.827808
0.82733
0.826851
0.826372
0.825894
0.825419
0.824946
0.824477
0.824013
0.823555
0.823103
0.822658
0.822222
0.821795
0.821378
0.820972
0.820579
0.820198
0.819831
0.819478
0.819141
0.81882
0.818516
0.81823
0.817963
0.817715
0.817486
0.817278
0.817092
0.816927
0.816784
0.816664
0.816567
0.816493
0.816444
0.816418
0.816417
0.81644
0.816489
0.816562
0.81666
0.816783
0.81693
0.817103
0.8173
0.817522
0.817769
0.818039
0.818333
0.818651
0.818991
0.819355
0.81974
0.820147
0.820576
0.821025
0.821494
0.821982
0.82249
0.823015
0.823558
0.824117
0.824693
0.825283
0.825888
0.826506
0.827137
0.82778
0.828434
0.829098
0.829771
0.830453
0.831142
0.831838
0.832539
0.833245
0.833954
0.834667
0.835382
0.836097
0.836813
0.837528
0.838241
0.838951
0.839658
0.840361
0.841059
0.84175
0.842435
0.843112
0.84378
0.844439
0.845088
0.845727
0.846353
0.846968
0.84757
0.848158
0.848732
0.849291
0.849835
0.850363
0.850874
0.851369
0.851846
0.852305
0.852745
0.853167
0.85357
0.853953
0.854316
0.854659
0.854981
0.855282
0.855562
0.855821
0.856059
0.856274
0.856468
0.856639
0.856789
0.856916
0.85702
0.857102
0.857161
0.857197
0.857211
0.857202
0.857171
0.857117
0.85704
0.85694
0.856819
0.856675
0.856508
0.85632
0.85611
0.855878
0.855625
0.855351
0.855056
0.854741
0.854405
0.854049
0.853674
0.85328
0.852867
0.852436
0.851988
0.851522
0.85104
0.850542
0.850028
0.8495
0.848957
0.848402
0.847834
0.847253
0.846662
0.846061
0.84545
0.844831
0.844203
0.843569
0.84293
0.842285
0.841636
0.840984
0.84033
0.839675
0.83902
0.838365
0.837712
0.837063
0.836417
0.835775
0.83514
0.834511
0.83389
0.833277
0.832673
0.83208
0.831498
0.830929
0.830371
0.829828
0.829299
0.828785
0.828286
0.827804
0.827339
0.826892
0.826462
0.826052
0.82566
0.825288
0.824936
0.824604
0.824293
0.824003
0.823734
0.823486
0.82326
0.823056
0.822874
0.822714
0.822576
0.822459
0.822365
0.822294
0.822244
0.822216
0.822209
0.822225
0.822262
0.82232
0.8224
0.822501
0.822622
0.822763
0.822925
0.823106
0.823306
0.823526
0.823764
0.82402
0.824293
0.824584
0.824891
0.825214
0.825553
0.825906
0.826274
0.826655
0.827049
0.827454
0.827871
0.828299
0.828736
0.829181
0.829635
0.830096
0.830563
0.831035
0.831512
0.831992
0.832474
0.832958
0.833442
0.833926
0.834408
0.834888
0.835365
0.835837
0.836304
0.836765
0.837219
0.837665
0.838102
0.83853
0.838947
0.839353
0.839748
0.840129
0.840498
0.840852
0.841192
0.841518
0.841827
0.842121
0.842399
0.842659
0.842903
0.843129
0.843338
0.843529
0.843701
0.843856
0.843992
0.84411
0.84421
0.844291
0.844353
0.844397
0.844423
0.844431
0.84442
0.844392
0.844345
0.844281
0.844199
0.8441
0.843984
0.84385
0.8437
0.843534
0.843351
0.843153
0.842939
0.842709
0.842465
0.842205
0.841931
0.841643
0.841341
0.841026
0.840697
0.840356
0.840002
0.839636
0.839258
0.838869
0.838469
0.838059
0.837638
0.837208
0.836769
0.836321
0.835865
0.835402
0.834931
0.834454
0.833971
0.833482
0.832988
0.832489
0.831987
0.831482
0.830974
0.830464
0.829952
0.82944
0.828927
0.828414
0.827903
0.827393
0.826885
0.826381
0.825879
0.825381
0.824888
0.824401
0.823918
0.823443
0.822973
0.822512
0.822058
0.821612
0.821176
0.820748
0.820331
0.819924
0.819527
0.819142
0.818768
0.818405
0.818055
0.817718
0.817393
0.817082
0.816784
0.816499
0.816228
0.815972
0.815729
0.815501
0.815287
0.815088
0.814904
0.814734
0.814579
0.814439
0.814314
0.814203
0.814107
0.814026
0.813959
0.813906
0.813868
0.813843
0.813832
0.813835
0.813851
0.81388
0.813922
0.813976
0.814042
0.81412
0.81421
0.81431
0.814421
0.814542
0.814673
0.814814
0.814963
0.81512
0.815286
0.815459
0.815639
0.815826
0.816018
0.816217
0.81642
0.816628
0.816841
0.817057
0.817276
0.817498
0.817722
0.817949
0.818176
0.818405
0.818635
0.818864
0.819094
0.819324
0.819552
0.81978
0.820006
0.820231
0.820454
0.820675
0.820894
0.82111
0.821324
0.821535
0.821744
0.821949
0.822152
0.822353
0.82255
0.822744
0.822936
0.823125
0.823312
0.823496
0.823678
0.823857
0.824035
0.824211
0.824385
0.824558
0.82473
0.8249
0.82507
0.82524
0.825409
0.825579
0.825748
0.825918
0.826089
0.826261
0.826434
0.826609
0.826785
0.826963
0.827143
0.827326
0.827511
0.827698
0.827888
0.828081
0.828277
0.828476
0.828678
0.828884
0.829093
0.829305
0.82952
0.829739
0.829962
0.830187
0.830417
0.830649
0.830885
0.831125
0.831367
0.831613
0.831863
0.832115
0.832371
0.83263
0.832892
0.833157
0.833425
0.833696
0.83397
0.834247
0.834526
0.834809
0.835094
0.835382
0.835672
0.835965
0.836261
0.836559
0.83686
0.837163
0.837469
0.837777
0.838087
0.8384
0.838716
0.839034
0.839354
0.839676
0.840001
0.840329
0.840658
0.84099
0.841324
0.841661
0.842
0.842341
0.842684
0.84303
0.843378
0.843728
0.844081
0.844435
0.844793
0.845152
0.845514
0.845878
0.846244
0.846612
0.846983
0.847356
0.847732
0.848109
0.848489
0.848871
0.849256
0.849642
0.850031
0.850423
0.850816
0.851212
0.85161
0.852011
0.852413
0.852818
0.853225
0.853634
0.854045
0.854459
0.854874
0.855291
0.855711
0.856132
0.856555
0.856979
0.857405
0.857833
0.858261
0.858691
0.859122
0.859553
0.859986
0.860418
0.86085
0.861283
0.861714
0.862145
0.862575
0.863003
0.863429
0.863853
0.864274
0.864692
0.865106
0.865516
0.865921
0.866321
0.866715
0.867103
0.867484
0.867858
0.868223
0.86858
0.868927
0.869264
0.869591
0.869906
0.87021
0.870501
0.870779
0.871043
0.871293
0.871527
0.871747
0.87195
0.872136
0.872305
0.872456
0.872589
0.872703
0.872798
0.872874
0.872929
0.872964
0.872978
0.872971
0.872942
0.872892
0.87282
0.872725
0.872609
0.87247
0.872308
0.872124
0.871917
0.871688
0.871436
0.871161
0.870864
0.870544
0.870202
0.869838
0.869452
0.869045
0.868616
0.868166
0.867695
0.867204
0.866692
0.866161
0.865611
0.865041
0.864453
0.863847
0.863224
0.862583
0.861927
0.861254
0.860566
0.859863
0.859145
0.858414
0.857671
0.856914
0.856146
0.855367
0.854577
0.853777
0.852968
0.85215
0.851324
0.850491
0.849651
0.848805
0.847953
0.847097
0.846236
0.845371
0.844503
0.843632
0.842759
0.841884
0.841009
0.840132
0.839256
0.838379
0.837504
0.836629
0.835756
0.834885
0.834016
0.833149
0.832286
0.831425
0.830568
0.829715
0.828866
0.828021
0.82718
0.826345
0.825514
0.824689
0.823869
0.823055
0.822247
0.821445
0.820649
0.81986
0.819079
0.818304
0.817537
0.816778
0.816027
0.815284
0.814551
0.813826
0.813111
0.812405
0.81171
0.811026
0.810353
0.809692
0.809042
0.808405
0.807782
0.807171
0.806575
0.805994
0.805428
0.804878
0.804344
0.803827
0.803328
0.802847
0.802384
0.801942
0.801519
0.801117
0.800736
0.800377
0.800041
0.799727
0.799438
0.799172
0.798932
0.798717
0.798527
0.798364
0.798228
0.798119
0.798038
0.797984
0.79796
0.797964
0.797997
0.79806
0.798152
0.798274
0.798427
0.798609
0.798822
0.799065
0.799338
0.799642
0.799976
0.80034
0.800734
0.801158
0.801611
0.802094
0.802606
0.803147
0.803717
0.804314
0.804939
0.805591
0.80627
0.806975
0.807705
0.80846
0.809239
0.810042
0.810867
0.811715
0.812583
0.813473
0.814381
0.815309
0.816254
0.817217
0.818195
0.819188
0.820195
0.821215
0.822247
0.82329
0.824343
0.825404
0.826473
0.827548
0.828628
0.829712
0.830799
0.831888
0.832977
0.834065
0.835151
0.836234
0.837312
0.838385
0.83945
0.840507
0.841555
0.842593
0.843618
0.84463
0.845629
0.846612
0.847578
0.848526
0.849456
0.850367
0.851256
0.852123
0.852968
0.853789
0.854586
0.855356
0.856101
0.856818
0.857508
0.858169
0.858801
0.859403
0.859974
0.860515
0.861025
0.861503
0.861948
0.862362
0.862743
0.863091
0.863406
0.863689
0.863938
0.864154
0.864338
0.864488
0.864606
0.864692
0.864745
0.864767
0.864756
0.864715
0.864643
0.864541
0.86441
0.864249
0.864059
0.863842
0.863597
0.863326
0.863029
0.862707
0.86236
0.86199
0.861597
0.861182
0.860745
0.860289
0.859813
0.859319
0.858807
0.858278
0.857733
0.857174
0.856601
0.856014
0.855416
0.854806
0.854186
0.853557
0.85292
0.852276
0.851625
0.850968
0.850308
0.849643
0.848977
0.848308
0.847639
0.84697
0.846303
0.845637
0.844975
0.844316
0.843662
0.843014
0.842373
0.841739
0.841114
0.840497
0.839891
0.839295
0.838711
0.83814
0.837581
0.837036
0.836506
0.835992
0.835493
0.835011
0.834546
0.834099
0.83367
0.833261
0.832871
0.832501
0.832152
0.831824
0.831517
0.831233
0.83097
0.83073
0.830514
0.83032
0.83015
0.830004
0.829881
0.829783
0.829709
0.829659
0.829633
0.829632
0.829656
0.829704
0.829776
0.829872
0.829992
0.830137
0.830305
0.830496
0.830711
0.830948
0.831208
0.83149
0.831793
0.832118
0.832463
0.832829
0.833214
0.833617
0.834039
0.834479
0.834935
0.835408
0.835896
0.836398
0.836914
0.837442
0.837982
0.838533
0.839093
0.839663
0.84024
0.840824
0.841413
0.842006
0.842603
0.843202
0.843802
0.844402
0.845
0.845596
0.846188
0.846775
0.847356
0.84793
0.848495
0.84905
0.849595
0.850128
0.850648
0.851154
0.851645
0.85212
0.852578
0.853019
0.85344
0.853842
0.854223
0.854583
0.854922
0.855238
0.855531
0.8558
0.856045
0.856266
0.856462
0.856634
0.85678
0.8569
0.856995
0.857064
0.857108
0.857127
0.85712
0.857088
0.857031
0.85695
0.856845
0.856716
0.856564
0.85639
0.856193
0.855975
0.855736
0.855477
0.855199
0.854903
0.854589
0.854258
0.853912
0.85355
0.853175
0.852786
0.852385
0.851974
0.851552
0.851121
0.850681
0.850235
0.849782
0.849325
0.848863
0.848397
0.847929
0.84746
0.84699
0.846521
0.846052
0.845585
0.845121
0.84466
0.844204
0.843752
0.843306
0.842865
0.842432
0.842005
0.841586
0.841175
0.840773
0.840379
0.839995
0.83962
0.839255
0.8389
0.838555
0.838221
0.837897
0.837584
0.837281
0.836989
0.836708
0.836438
0.836179
0.83593
0.835692
0.835464
0.835247
0.83504
0.834843
0.834656
0.834479
0.834312
0.834154
0.834006
0.833867
0.833736
0.833615
0.833502
0.833397
0.833301
0.833212
0.833132
0.833058
0.832993
0.832934
0.832883
0.832838
0.8328
0.832769
0.832744
0.832725
0.832713
0.832706
0.832705
0.83271
0.83272
0.832736
0.832757
0.832783
0.832814
0.832851
0.832892
0.832937
0.832988
0.833043
0.833102
0.833165
0.833233
0.833304
0.833379
0.833458
0.833541
0.833626
0.833715
0.833807
0.833902
0.833999
0.834099
0.8342
0.834304
0.834409
0.834516
0.834624
0.834733
0.834843
0.834953
0.835063
0.835173
0.835283
0.835393
0.835501
0.835609
0.835715
0.83582
0.835924
0.836025
0.836124
0.836222
0.836317
0.836409
0.8365
0.836587
0.836673
0.836755
0.836835
0.836913
0.836989
0.837063
0.837134
0.837204
0.837273
0.83734
0.837407
0.837474
0.83754
0.837608
0.837676
0.837746
0.837818
0.837893
0.837971
0.838054
0.838142
0.838235
0.838334
0.838441
0.838555
0.838678
0.838811
0.838954
0.839108
0.839274
0.839452
0.839644
0.83985
0.840071
0.840307
0.84056
0.840829
0.841116
0.841421
0.841745
0.842087
0.842448
0.842829
0.84323
0.84365
0.84409
0.844551
0.845031
0.845532
0.846052
0.846591
0.847149
0.847726
0.84832
0.848932
0.849561
0.850206
0.850866
0.85154
0.852228
0.852929
0.85364
0.854362
0.855094
0.855833
0.856579
0.857331
0.858087
0.858847
0.859608
0.86037
0.861132
0.861891
0.862647
0.863399
0.864145
0.864884
0.865615
0.866336
0.867047
0.867746
0.868433
0.869105
0.869763
0.870404
0.871029
0.871636
0.872224
0.872793
0.873341
0.873868
0.874374
0.874856
0.875316
0.875752
0.876163
0.87655
0.876911
0.877247
0.877556
0.877839
0.878095
0.878324
0.878526
0.8787
0.878846
0.878965
0.879055
0.879118
0.879153
0.879159
0.879138
0.879089
0.879013
0.878909
0.878778
0.87862
0.878436
0.878225
0.877988
0.877726
0.877439
0.877127
0.876792
0.876433
0.876051
0.875648
0.875223
0.874777
0.874311
0.873826
0.873323
0.872803
0.872266
0.871713
0.871146
0.870565
0.869971
0.869365
0.868749
0.868123
0.867489
0.866847
0.866198
0.865544
0.864886
0.864225
0.863561
0.862896
0.862231
0.861568
0.860906
0.860247
0.859592
0.858943
0.858299
0.857662
0.857033
0.856413
0.855802
0.855201
0.854611
0.854033
0.853468
0.852915
0.852376
0.851852
0.851342
0.850847
0.850367
0.849903
0.849456
0.849025
0.84861
0.848212
0.847832
0.847468
0.847121
0.846791
0.846478
0.846182
0.845903
0.84564
0.845393
0.845163
0.844948
0.844749
0.844565
0.844396
0.844242
0.844102
0.843975
0.843862
0.843761
0.843674
0.843598
0.843534
0.843481
0.843439
0.843408
0.843386
0.843374
0.843371
0.843377
0.843392
0.843414
0.843445
0.843482
0.843527
0.843579
0.843637
0.843701
0.843772
0.843848
0.843931
0.844018
0.844111
0.844209
0.844312
0.84442
0.844533
0.84465
0.844772
0.844899
0.84503
0.845165
0.845305
0.845449
0.845597
0.84575
0.845907
0.846068
0.846233
0.846402
0.846576
0.846754
0.846936
0.847122
0.847313
0.847507
0.847706
0.847909
0.848117
0.848328
0.848544
0.848765
0.848989
0.849218
0.849452
0.84969
0.849932
0.850179
0.85043
0.850685
0.850945
0.85121
0.851479
0.851753
0.852032
0.852315
0.852603
0.852895
0.853192
0.853494
0.853801
0.854112
0.854427
0.854747
0.855072
0.855401
0.855735
0.856072
0.856414
0.85676
0.85711
0.857464
0.857821
0.858182
0.858546
0.858914
0.859283
0.859656
0.860031
0.860407
0.860786
0.861165
0.861546
0.861927
0.862308
0.862689
0.86307
0.863449
0.863826
0.864201
0.864574
0.864944
0.865309
0.86567
0.866027
0.866377
0.866722
0.867059
0.867389
0.867711
0.868025
0.868328
0.868622
0.868904
0.869175
0.869434
0.86968
0.869911
0.870129
0.870331
0.870518
0.870688
0.87084
0.870975
0.871091
0.871187
0.871263
0.871319
0.871353
0.871365
0.871354
0.87132
0.871262
0.87118
0.871072
0.870938
0.870778
0.870591
0.870377
0.870135
0.869865
0.869566
0.869238
0.86888
0.868492
0.868073
0.867624
0.867144
0.866633
0.86609
0.865515
0.864909
0.86427
0.8636
0.862896
0.862161
0.861393
0.860593
0.859761
0.858897
0.858
0.857072
0.856112
0.855121
0.8541
0.853047
0.851965
0.850852
0.849711
0.848541
0.847344
0.846119
0.844868
0.843591
0.84229
0.840964
0.839616
0.838247
0.836856
0.835447
0.834019
0.832574
0.831114
0.82964
0.828152
0.826654
0.825146
0.823631
0.822108
0.820582
0.819052
0.817521
0.815992
0.814464
0.812941
0.811425
0.809917
0.808419
0.806933
0.805461
0.804005
0.802567
0.801149
0.799753
0.79838
0.797033
0.795713
0.794422
0.793161
0.791933
0.790739
0.789581
0.788459
0.787376
0.786332
0.78533
0.78437
0.783453
0.78258
0.781753
0.780972
0.780238
0.779552
0.778914
0.778325
0.777785
0.777295
0.776855
0.776465
0.776125
0.775836
0.775597
0.775408
0.775269
0.77518
0.77514
0.77515
0.775208
0.775314
0.775467
0.775668
0.775915
0.776207
0.776544
0.776925
0.777349
0.777815
0.778323
0.77887
0.779457
0.780082
0.780744
0.781442
0.782175
0.782941
0.78374
0.78457
0.78543
0.786319
0.787235
0.788178
0.789145
0.790136
0.791148
0.792182
0.793235
0.794307
0.795394
0.796498
0.797615
0.798744
0.799885
0.801036
0.802195
0.803361
0.804532
0.805708
0.806887
0.808068
0.809249
0.810429
0.811607
0.812781
0.813951
0.815115
0.816272
0.81742
0.81856
0.819688
0.820806
0.821911
0.823002
0.824079
0.825141
0.826186
0.827214
0.828224
0.829216
0.830188
0.83114
0.832071
0.83298
0.833868
0.834733
0.835575
0.836393
0.837187
0.837957
0.838702
0.839422
0.840117
0.840786
0.841429
0.842047
0.842638
0.843203
0.843741
0.844254
0.84474
0.8452
0.845633
0.846041
0.846422
0.846778
0.847108
0.847412
0.847692
0.847946
0.848176
0.848381
0.848562
0.84872
0.848854
0.848966
0.849055
0.849121
0.849166
0.84919
0.849193
0.849176
0.849139
0.849082
0.849007
0.848913
0.848802
0.848673
0.848527
0.848365
0.848187
0.847993
0.847785
0.847562
0.847326
0.847076
0.846814
0.846539
0.846252
0.845954
0.845645
0.845326
0.844997
0.844658
0.844311
0.843955
0.843591
0.84322
0.842842
0.842458
0.842067
0.841671
0.841269
0.840864
0.840454
0.84004
0.839623
0.839203
0.838781
0.838357
0.837932
0.837505
0.837079
0.836652
0.836226
0.835801
0.835378
0.834956
0.834537
0.83412
0.833708
0.833298
0.832894
0.832494
0.832099
0.83171
0.831327
0.830951
0.830582
0.830221
0.829868
0.829523
0.829187
0.82886
0.828543
0.828237
0.82794
0.827655
0.827381
0.827119
0.826869
0.826631
0.826406
0.826194
0.825995
0.825809
0.825637
0.825479
0.825335
0.825206
0.82509
0.824989
0.824903
0.824831
0.824773
0.82473
0.824701
0.824686
0.824684
0.824697
0.824723
0.824762
0.824813
0.824877
0.824952
0.825039
0.825137
0.825245
0.825362
0.825488
0.825623
0.825765
0.825913
0.826068
0.826228
0.826392
0.82656
0.82673
0.826902
0.827076
0.827249
0.827421
0.827592
0.827761
0.827926
0.828087
0.828244
0.828395
0.828539
0.828677
0.828807
0.828929
0.829042
0.829146
0.82924
0.829324
0.829397
0.829459
0.82951
0.82955
0.829578
0.829594
0.829599
0.829591
0.829572
0.829541
0.829498
0.829444
0.829379
0.829302
0.829215
0.829117
0.829009
0.828891
0.828764
0.828629
0.828485
0.828333
0.828174
0.828008
0.827836
0.827659
0.827477
0.82729
0.8271
0.826906
0.826711
0.826513
0.826315
0.826116
0.825917
0.825719
0.825523
0.825329
0.825137
0.824949
0.824764
0.824584
0.824409
0.824239
0.824075
0.823918
0.823767
0.823624
0.823489
0.823362
0.823243
0.823133
0.823032
0.822941
0.822859
0.822787
0.822725
0.822674
0.822633
0.822602
0.822582
0.822573
0.822575
0.822587
0.822611
0.822645
0.82269
0.822746
0.822813
0.822891
0.82298
0.823079
0.823189
0.823309
0.82344
0.823581
0.823732
0.823893
0.824065
0.824246
0.824437
0.824637
0.824847
0.825066
0.825295
0.825532
0.825778
0.826033
0.826296
0.826567
0.826847
0.827134
0.827429
0.827731
0.828041
0.828357
0.82868
0.829009
0.829344
0.829685
0.830031
0.830382
0.830738
0.831098
0.831462
0.831829
0.8322
0.832573
0.832948
0.833325
0.833704
0.834083
0.834462
0.834842
0.83522
0.835598
0.835974
0.836349
0.83672
0.837089
0.837455
0.837816
0.838174
0.838527
0.838874
0.839216
0.839553
0.839883
0.840206
0.840523
0.840833
0.841135
0.84143
0.841716
0.841995
0.842265
0.842527
0.84278
0.843024
0.84326
0.843487
0.843704
0.843913
0.844113
0.844304
0.844487
0.84466
0.844824
0.84498
0.845127
0.845266
0.845396
0.845518
0.845632
0.845739
0.845837
0.845928
0.846011
0.846087
0.846155
0.846217
0.846272
0.846321
0.846363
0.846398
0.846428
0.846451
0.846469
0.84648
0.846487
0.846487
0.846483
0.846473
0.846458
0.846438
0.846412
0.846382
0.846347
0.846307
0.846261
0.846211
0.846157
0.846097
0.846032
0.845963
0.845888
0.845809
0.845725
0.845636
0.845541
0.845442
0.845337
0.845228
0.845113
0.844994
0.844869
0.844738
0.844603
0.844462
0.844317
0.844166
0.84401
0.843849
0.843684
0.843513
0.843338
0.843159
0.842975
0.842787
0.842595
0.8424
0.842201
0.841999
0.841794
0.841587
0.841378
0.841168
0.840956
0.840744
0.840531
0.840318
0.840107
0.839896
0.839687
0.839481
0.839278
0.839077
0.838881
0.83869
0.838504
0.838323
0.838149
0.837981
0.837821
0.837668
0.837524
0.837389
0.837262
0.837146
0.837039
0.836943
0.836857
0.836782
0.836718
0.836665
0.836624
0.836594
0.836575
0.836568
0.836572
0.836588
0.836615
0.836653
0.836701
0.83676
0.83683
0.836909
0.836997
0.837095
0.837202
0.837317
0.837439
0.83757
0.837707
0.83785
0.837999
0.838154
0.838314
0.838478
0.838646
0.838818
0.838992
0.83917
0.839349
0.83953
0.839713
0.839896
0.84008
0.840265
0.840449
0.840634
0.840818
0.841001
0.841184
0.841365
0.841546
0.841726
0.841904
0.842082
0.842258
0.842434
0.842608
0.842782
0.842955
0.843128
0.843301
0.843473
0.843646
0.843819
0.843993
0.844168
0.844345
0.844524
0.844705
0.844889
0.845075
0.845265
0.845459
0.845658
0.845861
0.846069
0.846283
0.846503
0.846729
0.846963
0.847203
0.847451
0.847707
0.847972
0.848245
0.848527
0.848818
0.849119
0.849429
0.849749
0.850079
0.850419
0.850769
0.851129
0.851499
0.85188
0.85227
0.85267
0.853079
0.853498
0.853925
0.854362
0.854806
0.855258
0.855717
0.856184
0.856656
0.857133
0.857616
0.858103
0.858593
0.859085
0.85958
0.860076
0.860571
0.861066
0.86156
0.86205
0.862538
0.86302
0.863498
0.863969
0.864433
0.864888
0.865335
0.865771
0.866196
0.86661
0.867011
0.867398
0.867771
0.868128
0.86847
0.868795
0.869103
0.869393
0.869664
0.869917
0.87015
0.870363
0.870555
0.870727
0.870878
0.871008
0.871117
0.871204
0.87127
0.871315
0.871338
0.87134
0.871321
0.871281
0.87122
0.871139
0.871039
0.870918
0.870779
0.870621
0.870445
0.870252
0.870042
0.869815
0.869573
0.869316
0.869044
0.868758
0.86846
0.868149
0.867826
0.867493
0.867149
0.866795
0.866432
0.866061
0.865681
0.865295
0.864902
0.864502
0.864098
0.863687
0.863273
0.862854
0.862431
0.862004
0.861575
0.861143
0.860708
0.860272
0.859833
0.859393
0.858951
0.858508
0.858064
0.857618
0.857172
0.856726
0.856278
0.85583
0.855382
0.854933
0.854484
0.854034
0.853584
0.853133
0.852682
0.852231
0.851779
0.851327
0.850874
0.850421
0.849967
0.849513
0.849058
0.848602
0.848146
0.84769
0.847232
0.846775
0.846316
0.845857
0.845397
0.844937
0.844476
0.844015
0.843554
0.843092
0.84263
0.842167
0.841705
0.841243
0.840781
0.840319
0.839858
0.839398
0.838938
0.83848
0.838023
0.837568
0.837114
0.836663
0.836213
0.835767
0.835323
0.834882
0.834445
0.834011
0.833582
0.833156
0.832735
0.832319
0.831908
0.831502
0.831102
0.830707
0.830318
0.829936
0.82956
0.82919
0.828827
0.828471
0.828121
0.827779
0.827443
0.827115
0.826793
0.826478
0.82617
0.825869
0.825574
0.825286
0.825004
0.824727
0.824457
0.824192
0.823932
0.823677
0.823426
0.823179
0.822935
0.822695
0.822457
0.822222
0.821988
0.821755
0.821523
0.821291
0.821059
0.820826
0.820591
0.820354
0.820114
0.819872
0.819626
0.819376
0.819121
0.818861
0.818596
0.818324
0.818047
0.817763
0.817471
0.817173
0.816867
0.816552
0.81623
0.8159
0.815561
0.815214
0.814858
0.814494
0.814121
0.81374
0.813351
0.812954
0.812549
0.812136
0.811717
0.811291
0.810858
0.81042
0.809976
0.809528
0.809075
0.808619
0.808161
0.807701
0.807239
0.806778
0.806317
0.805857
0.805401
0.804948
0.804499
0.804056
0.80362
0.803192
0.802772
0.802363
0.801965
0.801579
0.801206
0.800848
0.800506
0.800181
0.799874
0.799586
0.799318
0.799071
0.798847
0.798645
0.798468
0.798316
0.79819
0.798091
0.798019
0.797976
0.797961
0.797975
0.79802
0.798095
0.798201
0.798338
0.798506
0.798706
0.798937
0.7992
0.799495
0.799821
0.800178
0.800566
0.800985
0.801434
0.801913
0.802421
0.802957
0.803522
0.804114
0.804732
0.805377
0.806046
0.806738
0.807454
0.808193
0.808952
0.809731
0.810529
0.811345
0.812178
0.813027
0.81389
0.814767
0.815656
0.816557
0.817468
0.818388
0.819316
0.820251
0.821191
0.822137
0.823086
0.824038
0.824992
0.825947
0.826902
0.827855
0.828806
0.829755
0.8307
0.83164
0.832575
0.833504
0.834426
0.835341
0.836247
0.837145
0.838034
0.838912
0.83978
0.840637
0.841482
0.842316
0.843137
0.843946
0.844741
0.845523
0.846292
0.847046
0.847786
0.848512
0.849223
0.849919
0.850601
0.851267
0.851918
0.852553
0.853173
0.853777
0.854366
0.854939
0.855496
0.856038
0.856564
0.857074
0.857568
0.858046
0.858509
0.858956
0.859387
0.859803
0.860203
0.860587
0.860956
0.861309
0.861647
0.861969
0.862276
0.862568
0.862844
0.863105
0.863351
0.863582
0.863798
0.864
0.864186
0.864358
0.864515
0.864658
0.864787
0.864901
0.865002
0.865088
0.865161
0.865221
0.865267
0.8653
0.86532
0.865328
0.865323
0.865306
0.865276
0.865236
0.865183
0.86512
0.865046
0.864961
0.864866
0.864761
0.864646
0.864523
0.86439
0.864249
0.864099
0.863942
0.863777
0.863604
0.863425
0.86324
0.863048
0.86285
0.862646
0.862438
0.862224
0.862006
0.861783
0.861556
0.861324
0.86109
0.860851
0.86061
0.860365
0.860117
0.859867
0.859613
0.859357
0.859098
0.858837
0.858573
0.858307
0.858038
0.857766
0.857492
0.857216
0.856936
0.856654
0.85637
0.856082
0.855791
0.855497
0.855199
0.854898
0.854594
0.854286
0.853974
0.853658
0.853339
0.853015
0.852687
0.852355
0.852018
0.851678
0.851333
0.850984
0.85063
0.850272
0.849911
0.849545
0.849175
0.848802
0.848425
0.848045
0.847662
0.847276
0.846888
0.846498
0.846106
0.845712
0.845318
0.844924
0.844529
0.844136
0.843743
0.843352
0.842963
0.842577
0.842195
0.841816
0.841443
0.841074
0.840712
0.840356
0.840007
0.839667
0.839334
0.839011
0.838698
0.838395
0.838103
0.837823
0.837554
0.837298
0.837056
0.836826
0.836611
0.83641
0.836224
0.836053
0.835897
0.835757
0.835633
0.835525
0.835433
0.835357
0.835298
0.835255
0.835229
0.835218
0.835225
0.835247
0.835286
0.835341
0.835411
0.835497
0.835598
0.835715
0.835846
0.835991
0.836151
0.836325
0.836513
0.836713
0.836926
0.837152
0.83739
0.83764
0.837901
0.838173
0.838455
0.838748
0.83905
0.839362
0.839683
0.840012
0.840349
0.840694
0.841046
0.841406
0.841771
0.842143
0.842521
0.842904
0.843292
0.843684
0.844081
0.844481
0.844885
0.845291
0.8457
0.846111
0.846524
0.846938
0.847353
0.847769
0.848184
0.848599
0.849014
0.849427
0.849839
0.850249
0.850656
0.851061
0.851462
0.85186
0.852254
0.852643
0.853028
0.853407
0.853781
0.854149
0.854511
0.854865
0.855213
0.855553
0.855885
0.856209
0.856524
0.85683
0.857127
0.857415
0.857692
0.85796
0.858216
0.858462
0.858697
0.85892
0.859131
0.859331
0.859518
0.859693
0.859856
0.860006
0.860142
0.860266
0.860376
0.860473
0.860556
0.860626
0.860682
0.860724
0.860752
0.860767
0.860767
0.860753
0.860726
0.860684
0.860628
0.860559
0.860475
0.860378
0.860267
0.860142
0.860004
0.859852
0.859687
0.859509
0.859318
0.859113
0.858896
0.858666
0.858424
0.858169
0.857902
0.857622
0.857331
0.857028
0.856713
0.856387
0.856049
0.855701
0.855341
0.85497
0.854588
0.854196
0.853793
0.85338
0.852957
0.852523
0.85208
0.851626
0.851162
0.850689
0.850206
0.849714
0.849212
0.8487
0.848179
0.847649
0.84711
0.846562
0.846004
0.845438
0.844862
0.844278
0.843685
0.843083
0.842473
0.841854
0.841227
0.840592
0.839949
0.839297
0.838638
0.837971
0.837297
0.836616
0.835928
0.835233
0.834532
0.833824
0.833111
0.832393
0.831669
0.830941
0.830209
0.829473
0.828735
0.827993
0.827249
0.826504
0.825757
0.825011
0.824264
0.823519
0.822774
0.822032
0.821293
0.820557
0.819825
0.819098
0.818377
0.817661
0.816952
0.81625
0.815557
0.814872
0.814196
0.81353
0.812874
0.812229
0.811595
0.810973
0.810363
0.809766
0.809182
0.808611
0.808054
0.807511
0.806982
0.806468
0.80597
0.805486
0.805017
0.804564
0.804127
0.803706
0.8033
0.802911
0.802538
0.802182
0.801842
0.801518
0.801211
0.800921
0.800648
0.800392
0.800153
0.799931
0.799725
0.799538
0.799367
0.799214
0.799078
0.798959
0.798858
0.798775
0.798709
0.79866
0.798629
0.798616
0.798621
0.798643
0.798683
0.79874
0.798815
0.798908
0.799018
0.799146
0.799292
0.799455
0.799635
0.799832
0.800047
0.800279
0.800528
0.800793
0.801076
0.801374
0.801689
0.80202
0.802368
0.80273
0.803109
0.803503
0.803912
0.804336
0.804774
0.805227
0.805694
0.806175
0.80667
0.807178
0.807699
0.808233
0.808779
0.809338
0.809909
0.810492
0.811086
0.811692
0.812308
0.812935
0.813573
0.81422
0.814877
0.815544
0.81622
0.816905
0.817599
0.818301
0.819012
0.81973
0.820455
0.821188
0.821927
0.822673
0.823426
0.824184
0.824948
0.825717
0.826491
0.82727
0.828052
0.828839
0.82963
0.830423
0.83122
0.832019
0.83282
0.833622
0.834426
0.835231
0.836037
0.836843
0.837648
0.838453
0.839257
0.840059
0.84086
0.841658
0.842453
0.843246
0.844035
0.84482
0.845601
0.846378
0.847149
0.847915
0.848676
0.84943
0.850177
0.850918
0.851652
0.852378
0.853097
0.853807
0.85451
0.855203
0.855887
0.856562
0.857228
0.857884
0.85853
0.859166
0.859791
0.860406
0.86101
0.861603
0.862184
0.862755
0.863313
0.86386
0.864395
0.864918
0.865429
0.865927
0.866413
0.866886
0.867346
0.867793
0.868226
0.868646
0.869053
0.869445
0.869824
0.870188
0.870538
0.870873
0.871194
0.871499
0.871789
0.872063
0.872322
0.872564
0.87279
0.873
0.873193
0.873369
0.873528
0.873669
0.873793
0.873899
0.873986
0.874056
0.874107
0.874139
0.874153
0.874148
0.874124
0.874081
0.874018
0.873937
0.873836
0.873716
0.873578
0.87342
0.873243
0.873047
0.872833
0.872601
0.87235
0.872081
0.871795
0.871492
0.871172
0.870835
0.870482
0.870114
0.86973
0.869332
0.868919
0.868493
0.868054
0.867603
0.86714
0.866666
0.866181
0.865686
0.865181
0.864669
0.864148
0.863619
0.863084
0.862543
0.861997
0.861445
0.86089
0.860331
0.859769
0.859205
0.858639
0.858072
0.857505
0.856938
0.856371
0.855806
0.855242
0.854681
0.854122
0.853567
0.853015
0.852468
0.851925
0.851388
0.850857
0.850331
0.849813
0.849301
0.848797
0.848301
0.847814
0.847335
0.846866
0.846406
0.845957
0.845518
0.845091
0.844674
0.84427
0.843877
0.843497
0.84313
0.842776
0.842435
0.842109
0.841796
0.841499
0.841215
0.840947
0.840694
0.840456
0.840234
0.840028
0.839838
0.839663
0.839505
0.839363
0.839237
0.839127
0.839033
0.838956
0.838894
0.838849
0.838819
0.838805
0.838806
0.838822
0.838854
0.8389
0.838961
0.839036
0.839125
0.839227
0.839343
0.839471
0.839613
0.839766
0.839931
0.840107
0.840294
0.840492
0.8407
0.840917
0.841144
0.84138
0.841624
0.841876
0.842135
0.842402
0.842676
0.842956
0.843242
0.843533
0.84383
0.844131
0.844436
0.844746
0.845058
0.845374
0.845693
0.846014
0.846337
0.846661
0.846986
0.847312
0.847639
0.847965
0.848291
0.848617
0.848941
0.849263
0.849584
0.849902
0.850217
0.850529
0.850838
0.851144
0.851445
0.851741
0.852033
0.852319
0.8526
0.852874
0.853143
0.853405
0.85366
0.853908
0.854148
0.854381
0.854605
0.854821
0.855028
0.855226
0.855415
0.855595
0.855764
0.855924
0.856073
0.856212
0.85634
0.856457
0.856563
0.856658
0.856741
0.856813
0.856873
0.856921
0.856957
0.856981
0.856992
0.856992
0.856979
0.856953
0.856915
0.856865
0.856802
0.856727
0.856639
0.856539
0.856426
0.856302
0.856165
0.856017
0.855856
0.855684
0.855501
0.855307
0.855101
0.854885
0.854659
0.854423
0.854177
0.853922
0.853658
0.853386
0.853105
0.852817
0.852522
0.852221
0.851913
0.8516
0.851282
0.85096
0.850633
0.850304
0.849972
0.849638
0.849303
0.848967
0.848632
0.848296
0.847962
0.84763
0.847301
0.846975
0.846652
0.846334
0.846021
0.845713
0.845411
0.845116
0.844828
0.844547
0.844274
0.84401
0.843754
0.843508
0.84327
0.843042
0.842824
0.842615
0.842416
0.842228
0.842048
0.841879
0.84172
0.84157
0.841429
0.841297
0.841174
0.841059
0.840953
0.840853
0.840761
0.840675
0.840595
0.84052
0.840449
0.840383
0.84032
0.840259
0.8402
0.840142
0.840085
0.840027
0.839968
0.839907
0.839843
0.839775
0.839704
0.839627
0.839545
0.839456
0.83936
0.839257
0.839145
0.839025
0.838895
0.838754
0.838604
0.838442
0.838269
0.838084
0.837887
0.837678
0.837456
0.83722
0.836972
0.83671
0.836435
0.836146
0.835844
0.835527
0.835198
0.834854
0.834498
0.834127
0.833744
0.833348
0.83294
0.832519
0.832086
0.831641
0.831186
0.830719
0.830243
0.829757
0.829262
0.828758
0.828247
0.827729
0.827204
0.826674
0.826139
0.8256
0.825058
0.824514
0.823969
0.823423
0.822878
0.822335
0.821795
0.821259
0.820728
0.820203
0.819685
0.819176
0.818676
0.818186
0.817708
0.817243
0.816792
0.816355
0.815935
0.815532
0.815148
0.814782
0.814437
0.814113
0.813811
0.813531
0.813276
0.813046
0.81284
0.812661
0.812509
0.812384
0.812286
0.812217
0.812177
0.812166
0.812185
0.812233
0.812311
0.812419
0.812558
0.812726
0.812924
0.813152
0.81341
0.813697
0.814013
0.814359
0.814732
0.815133
0.815562
0.816018
0.8165
0.817007
0.81754
0.818096
0.818676
0.819279
0.819904
0.820549
0.821215
0.8219
0.822604
0.823325
0.824063
0.824816
0.825584
0.826366
0.827161
0.827968
0.828786
0.829614
0.830451
0.831296
0.832149
0.833007
0.833872
0.834741
0.835613
0.836489
0.837366
0.838244
0.839123
0.840001
0.840877
0.841751
0.842621
0.843488
0.84435
0.845206
0.846055
0.846898
0.847732
0.848558
0.849373
0.850179
0.850973
0.851756
0.852526
0.853282
0.854025
0.854753
0.855465
0.856161
0.856841
0.857503
0.858147
0.858773
0.859379
0.859966
0.860532
0.861078
0.861603
0.862106
0.862587
0.863045
0.863481
0.863894
0.864284
0.864649
0.864992
0.86531
0.865604
0.865874
0.866119
0.866341
0.866538
0.866711
0.86686
0.866985
0.867086
0.867164
0.867218
0.867249
0.867257
0.867243
0.867207
0.867149
0.867069
0.866968
0.866847
0.866706
0.866545
0.866366
0.866167
0.86595
0.865716
0.865465
0.865197
0.864914
0.864614
0.8643
0.863972
0.86363
0.863274
0.862906
0.862525
0.862133
0.86173
0.861315
0.860891
0.860456
0.860013
0.85956
0.859099
0.85863
0.858153
0.857669
0.857178
0.856681
0.856178
0.855669
0.855154
0.854635
0.854111
0.853582
0.853049
0.852512
0.851972
0.851429
0.850882
0.850333
0.849781
0.849227
0.848672
0.848114
0.847555
0.846995
0.846433
0.845871
0.845308
0.844745
0.844182
0.843619
0.843056
0.842494
0.841933
0.841373
0.840814
0.840256
0.8397
0.839147
0.838595
0.838046
0.8375
0.836957
0.836417
0.835881
0.835349
0.834821
0.834298
0.83378
0.833268
0.832761
0.832261
0.831767
0.831281
0.830802
0.830332
0.82987
0.829418
0.828976
0.828545
0.828125
0.827716
0.827321
0.826939
0.826571
0.826218
0.825881
0.82556
0.825257
0.824972
0.824706
0.824461
0.824236
0.824033
0.823853
0.823697
0.823564
0.823458
0.823377
0.823324
0.823298
0.8233
0.823332
0.823394
0.823486
0.823609
0.823764
0.823951
0.82417
0.824421
0.824706
0.825023
0.825373
0.825755
0.826171
0.826619
0.827099
0.827612
0.828155
0.82873
0.829334
0.829968
0.830631
0.831322
0.83204
0.832784
0.833553
0.834346
0.835162
0.836
0.836858
0.837736
0.838632
0.839545
0.840473
0.841416
0.842372
0.84334
0.844318
0.845306
0.846302
0.847304
0.848312
0.849325
0.85034
0.851358
0.852376
0.853395
0.854411
0.855426
0.856437
0.857443
0.858443
0.859438
0.860424
0.861403
0.862372
0.863331
0.864279
0.865215
0.866139
0.86705
0.867946
0.868828
0.869695
0.870546
0.87138
0.872197
0.872996
0.873777
0.874539
0.875282
0.876005
0.876708
0.87739
0.878052
0.878692
0.87931
0.879907
0.880481
0.881033
0.881562
0.882068
0.882551
0.88301
0.883446
0.883858
0.884247
0.884611
0.884952
0.885269
0.885561
0.885829
0.886073
0.886293
0.886489
0.88666
0.886808
0.886931
0.88703
0.887105
0.887156
0.887183
0.887186
0.887165
0.88712
0.887051
0.886959
0.886843
0.886703
0.88654
0.886353
0.886143
0.88591
0.885653
0.885373
0.88507
0.884744
0.884395
0.884023
0.883628
0.88321
0.882769
0.882306
0.88182
0.881312
0.880782
0.880229
0.879654
0.879058
0.878439
0.877799
0.877137
0.876454
0.87575
0.875024
0.874278
0.873511
0.872723
0.871916
0.871088
0.870241
0.869374
0.868488
0.867584
0.86666
0.865719
0.864759
0.863782
0.862788
0.861777
0.86075
0.859707
0.858648
0.857575
0.856487
0.855385
0.85427
0.853142
0.852001
0.85085
0.849687
0.848514
0.847331
0.846139
0.844939
0.843731
0.842517
0.841296
0.84007
0.83884
0.837607
0.836371
0.835132
0.833893
0.832654
0.831416
0.830179
0.828945
0.827715
0.826489
0.825269
0.824055
0.822848
0.82165
0.82046
0.819281
0.818113
0.816957
0.815814
0.814684
0.81357
0.812471
0.811388
0.810322
0.809275
0.808247
0.807239
0.806251
0.805284
0.80434
0.803418
0.80252
0.801646
0.800797
0.799974
0.799177
0.798406
0.797663
0.796948
0.796261
0.795603
0.794974
0.794375
0.793806
0.793267
0.79276
0.792283
0.791838
0.791424
0.791043
0.790693
0.790376
0.79009
0.789838
0.789617
0.789429
0.789273
0.789149
0.789057
0.788998
0.78897
0.788973
0.789008
0.789073
0.789169
0.789296
0.789452
0.789637
0.789851
0.790094
0.790364
0.790662
0.790986
0.791337
0.791713
0.792114
0.792539
0.792988
0.79346
0.793955
0.794471
0.795008
0.795566
0.796143
0.79674
0.797355
0.797988
0.798638
0.799305
0.799988
0.800687
0.8014
0.802128
0.802869
0.803623
0.804389
0.805167
0.805957
0.806757
0.807567
0.808386
0.809215
0.810051
0.810895
0.811745
0.812602
0.813464
0.814332
0.815203
0.816078
0.816955
0.817835
0.818716
0.819598
0.820479
0.821359
0.822238
0.823114
0.823988
0.824857
0.825721
0.826579
0.827432
0.828277
0.829114
0.829943
0.830763
0.831572
0.83237
0.833157
0.833932
0.834694
0.835442
0.836177
0.836896
0.8376
0.838289
0.838961
0.839617
0.840255
0.840876
0.841479
0.842064
0.84263
0.843177
0.843705
0.844215
0.844705
0.845175
0.845627
0.846059
0.846471
0.846864
0.847239
0.847594
0.84793
0.848248
0.848548
0.848829
0.849094
0.849341
0.849571
0.849784
0.849982
0.850165
0.850333
0.850486
0.850626
0.850753
0.850867
0.85097
0.851062
0.851143
0.851214
0.851277
0.851331
0.851378
0.851418
0.851451
0.85148
0.851504
0.851524
0.851541
0.851556
0.851569
0.851582
0.851594
0.851607
0.851621
0.851637
0.851656
0.851678
0.851704
0.851735
0.85177
0.851812
0.851859
0.851913
0.851974
0.852043
0.85212
0.852205
0.852299
0.852402
0.852514
0.852635
0.852765
0.852906
0.853056
0.853215
0.853384
0.853563
0.853751
0.853949
0.854155
0.85437
0.854593
0.854825
0.855063
0.855309
0.855562
0.855821
0.856085
0.856354
0.856627
0.856904
0.857183
0.857465
0.857748
0.858032
0.858315
0.858598
0.858878
0.859156
0.859431
0.859701
0.859966
0.860226
0.860478
0.860724
0.86096
0.861188
0.861406
0.861613
0.861809
0.861992
0.862163
0.86232
0.862463
0.862592
0.862704
0.862801
0.862881
0.862944
0.862989
0.863015
0.863023
0.863012
0.862981
0.86293
0.862859
0.862767
0.862654
0.86252
0.862364
0.862187
0.861988
0.861767
0.861524
0.861258
0.860971
0.860661
0.860329
0.859976
0.8596
0.859203
0.858784
0.858344
0.857883
0.857402
0.8569
0.856379
0.855838
0.855278
0.8547
0.854104
0.853491
0.852862
0.852216
0.851556
0.850881
0.850193
0.849492
0.848779
0.848056
0.847322
0.846579
0.845828
0.84507
0.844306
0.843537
0.842764
0.841988
0.841211
0.840433
0.839655
0.838879
0.838106
0.837337
0.836573
0.835815
0.835065
0.834323
0.833591
0.832869
0.83216
0.831463
0.83078
0.830113
0.829461
0.828826
0.82821
0.827612
0.827034
0.826477
0.825941
0.825428
0.824937
0.824471
0.824028
0.823611
0.823219
0.822854
0.822515
0.822203
0.821918
0.821661
0.821432
0.821232
0.82106
0.820916
0.820802
0.820716
0.820659
0.82063
0.82063
0.820659
0.820716
0.820801
0.820914
0.821054
0.821222
0.821417
0.821637
0.821884
0.822156
0.822453
0.822774
0.823119
0.823486
0.823877
0.824288
0.824721
0.825174
0.825647
0.826138
0.826647
0.827173
0.827715
0.828273
0.828846
0.829432
0.83003
0.830641
0.831263
0.831895
0.832536
0.833186
0.833843
0.834506
0.835176
0.83585
0.836528
0.83721
0.837894
0.838579
0.839266
0.839952
0.840637
0.841321
0.842002
0.842681
0.843355
0.844025
0.84469
0.84535
0.846003
0.846649
0.847287
0.847918
0.848539
0.849152
0.849756
0.850349
0.850932
0.851504
0.852064
0.852614
0.853151
0.853676
0.854188
0.854688
0.855174
0.855648
0.856107
0.856553
0.856985
0.857402
0.857806
0.858195
0.858569
0.858929
0.859273
0.859603
0.859918
0.860218
0.860503
0.860772
0.861026
0.861265
0.861489
0.861697
0.86189
0.862068
0.86223
0.862377
0.862509
0.862626
0.862727
0.862814
0.862885
0.862942
0.862984
0.863011
0.863024
0.863023
0.863007
0.862977
0.862933
0.862876
0.862805
0.86272
0.862623
0.862513
0.86239
0.862254
0.862107
0.861947
0.861776
0.861594
0.861401
0.861197
0.860982
0.860757
0.860522
0.860278
0.860025
0.859763
0.859492
0.859213
0.858926
0.858632
0.858331
0.858022
0.857707
0.857387
0.85706
0.856728
0.856391
0.856049
0.855703
0.855352
0.854999
0.854642
0.854282
0.853919
0.853554
0.853188
0.85282
0.852451
0.85208
0.85171
0.851339
0.850968
0.850598
0.850228
0.849859
0.849492
0.849125
0.848761
0.848398
0.848038
0.84768
0.847324
0.846971
0.846621
0.846274
0.84593
0.845589
0.845251
0.844917
0.844586
0.844259
0.843935
0.843615
0.843298
0.842985
0.842676
0.842369
0.842067
0.841768
0.841472
0.84118
0.84089
0.840605
0.840322
0.840042
0.839765
0.839491
0.83922
0.838952
0.838686
0.838422
0.838161
0.837902
0.837646
0.837391
0.837139
0.836888
0.836639
0.836391
0.836146
0.835901
0.835658
0.835416
0.835175
0.834936
0.834697
0.834459
0.834222
0.833985
0.83375
0.833514
0.83328
0.833046
0.832812
0.832579
0.832347
0.832114
0.831883
0.831652
0.831421
0.831191
0.830962
0.830734
0.830506
0.83028
0.830055
0.829832
0.82961
0.82939
0.829172
0.828956
0.828743
0.828533
0.828326
0.828123
0.827923
0.827728
0.827537
0.82735
0.82717
0.826994
0.826825
0.826662
0.826505
0.826356
0.826214
0.826079
0.825953
0.825835
0.825726
0.825625
0.825534
0.825451
0.825379
0.825316
0.825263
0.82522
0.825187
0.825164
0.82515
0.825147
0.825154
0.825171
0.825197
0.825233
0.825278
0.825332
0.825396
0.825467
0.825547
0.825635
0.82573
0.825833
0.825942
0.826058
0.82618
0.826307
0.82644
0.826577
0.826718
0.826864
0.827013
0.827165
0.82732
0.827478
0.827637
0.827799
0.827961
0.828125
0.82829
0.828455
0.828621
0.828788
0.828954
0.82912
0.829286
0.829451
0.829616
0.829781
0.829944
0.830107
0.83027
0.830431
0.830592
0.830751
0.83091
0.831067
0.831224
0.831379
0.831532
0.831685
0.831835
0.831984
0.832131
0.832276
0.832418
0.832558
0.832695
0.832829
0.832959
0.833086
0.833208
0.833325
0.833438
0.833544
0.833645
0.83374
0.833827
0.833907
0.833978
0.834041
0.834095
0.834139
0.834173
0.834196
0.834208
0.834208
0.834195
0.83417
0.834131
0.834079
0.834012
0.833931
0.833835
0.833724
0.833597
0.833454
0.833296
0.833121
0.83293
0.832723
0.8325
0.83226
0.832004
0.831732
0.831444
0.831141
0.830822
0.830488
0.830139
0.829776
0.829398
0.829008
0.828605
0.828189
0.827762
0.827323
0.826874
0.826416
0.825948
0.825473
0.82499
0.8245
0.824005
0.823505
0.823001
0.822493
0.821984
0.821473
0.820962
0.820451
0.819941
0.819434
0.818929
0.818429
0.817934
0.817444
0.816961
0.816486
0.816018
0.81556
0.815112
0.814675
0.814249
0.813836
0.813435
0.813048
0.812676
0.812318
0.811977
0.811651
0.811343
0.811052
0.810778
0.810524
0.810288
0.810072
0.809876
0.809701
0.809546
0.809412
0.8093
0.809209
0.809141
0.809095
0.809072
0.809071
0.809094
0.80914
0.809209
0.809302
0.809419
0.80956
0.809725
0.809913
0.810126
0.810363
0.810624
0.81091
0.811219
0.811553
0.81191
0.812292
0.812698
0.813127
0.81358
0.814057
0.814557
0.815081
0.815627
0.816197
0.816789
0.817403
0.818039
0.818697
0.819376
0.820076
0.820796
0.821537
0.822296
0.823075
0.823872
0.824687
0.82552
0.826368
0.827233
0.828112
0.829005
0.829912
0.830831
0.831762
0.832704
0.833655
0.834615
0.835582
0.836556
0.837535
0.838519
0.839507
0.840496
0.841486
0.842477
0.843466
0.844453
0.845436
0.846415
0.847388
0.848355
0.849313
0.850263
0.851202
0.852131
0.853048
0.853952
0.854842
0.855718
0.856578
0.857422
0.858249
0.859058
0.859849
0.86062
0.861373
0.862105
0.862817
0.863507
0.864176
0.864823
0.865448
0.866051
0.866631
0.867188
0.867721
0.868232
0.868719
0.869183
0.869623
0.87004
0.870434
0.870804
0.871151
0.871474
0.871775
0.872053
0.872308
0.87254
0.87275
0.872938
0.873104
0.873248
0.873371
0.873473
0.873554
0.873614
0.873653
0.873673
0.873673
0.873653
0.873613
0.873555
0.873478
0.873381
0.873267
0.873134
0.872983
0.872815
0.872629
0.872425
0.872204
0.871966
0.871711
0.871439
0.87115
0.870845
0.870523
0.870185
0.86983
0.869459
0.869072
0.868669
0.868249
0.867814
0.867363
0.866895
0.866412
0.865914
0.865399
0.864869
0.864324
0.863762
0.863186
0.862594
0.861987
0.861366
0.860729
0.860078
0.859412
0.858732
0.858038
0.85733
0.856608
0.855874
0.855126
0.854366
0.853593
0.852809
0.852013
0.851207
0.85039
0.849563
0.848726
0.847881
0.847027
0.846166
0.845297
0.844423
0.843542
0.842657
0.841767
0.840874
0.839978
0.839081
0.838183
0.837284
0.836387
0.835491
0.834598
0.833709
0.832824
0.831945
0.831072
0.830207
0.82935
0.828504
0.827667
0.826842
0.82603
0.825232
0.824448
0.82368
0.822929
0.822195
0.821479
0.820783
0.820107
0.819453
0.81882
0.818211
0.817625
0.817063
0.816527
0.816016
0.815532
0.815074
0.814644
0.814242
0.813868
0.813523
0.813207
0.81292
0.812662
0.812434
0.812236
0.812068
0.811929
0.81182
0.811741
0.81169
0.811669
0.811677
0.811712
0.811776
0.811867
0.811985
0.81213
0.8123
0.812496
0.812716
0.812959
0.813226
0.813514
0.813824
0.814155
0.814504
0.814873
0.815259
0.815661
0.81608
0.816513
0.81696
0.81742
0.817892
0.818375
0.818868
0.81937
0.819879
0.820396
0.820919
0.821448
0.821981
0.822518
0.823057
0.823599
0.824142
0.824686
0.825229
0.825772
0.826314
0.826854
0.827392
0.827927
0.828459
0.828987
0.829511
0.83003
0.830545
0.831055
0.83156
0.83206
0.832553
0.833041
0.833523
0.834
0.83447
0.834933
0.835391
0.835843
0.836288
0.836726
0.837159
0.837585
0.838005
0.838418
0.838825
0.839226
0.83962
0.840008
0.84039
0.840765
0.841133
0.841494
0.841849
0.842197
0.842538
0.842872
0.843199
0.843518
0.843829
0.844132
0.844427
0.844713
0.84499
0.845259
0.845517
0.845766
0.846004
0.846232
0.846448
0.846653
0.846846
0.847026
0.847193
0.847347
0.847486
0.847611
0.847721
0.847816
0.847894
0.847957
0.848002
0.848029
0.848039
0.848031
0.848004
0.847957
0.847892
0.847806
0.8477
0.847574
0.847427
0.847259
0.84707
0.846859
0.846628
0.846374
0.8461
0.845803
0.845486
0.845147
0.844787
0.844407
0.844006
0.843584
0.843143
0.842683
0.842203
0.841705
0.841189
0.840657
0.840107
0.839542
0.838963
0.838369
0.837762
0.837142
0.836512
0.835871
0.835222
0.834564
0.8339
0.83323
0.832555
0.831878
0.831198
0.830518
0.829839
0.829162
0.828488
0.827819
0.827156
0.8265
0.825853
0.825217
0.824592
0.82398
0.823381
0.822799
0.822233
0.821684
0.821155
0.820646
0.820159
0.819694
0.819252
0.818835
0.818444
0.818078
0.81774
0.81743
0.817148
0.816896
0.816674
0.816483
0.816322
0.816194
0.816097
0.816033
0.816001
0.816003
0.816038
0.816106
0.816207
0.816343
0.816512
0.816714
0.81695
0.81722
0.817523
0.817859
0.818228
0.81863
0.819065
0.819532
0.820031
0.820562
0.821124
0.821717
0.822341
0.822995
0.823679
0.824392
0.825135
0.825905
0.826704
0.82753
0.828383
0.829263
0.830168
0.831099
0.832054
0.833034
0.834037
0.835063
0.836111
0.837181
0.838272
0.839383
0.840514
0.841663
0.842831
0.844016
0.845217
0.846434
0.847666
0.848912
0.850171
0.851442
0.852725
0.854018
0.855321
0.856632
0.857951
0.859276
0.860607
0.861943
0.863281
0.864623
0.865965
0.867308
0.86865
0.86999
0.871327
0.872659
0.873987
0.875307
0.87662
0.877924
0.879219
0.880502
0.881773
0.88303
0.884273
0.885501
0.886712
0.887905
0.889079
0.890234
0.891368
0.89248
0.893569
0.894634
0.895676
0.896691
0.897681
0.898643
0.899578
0.900484
0.901361
0.902209
0.903025
0.903811
0.904566
0.905288
0.905979
0.906636
0.907261
0.907852
0.90841
0.908934
0.909425
0.909881
0.910304
0.910692
0.911047
0.911368
0.911655
0.911908
0.912129
0.912316
0.91247
0.912592
0.912682
0.91274
0.912766
0.912762
0.912727
0.912662
0.912567
0.912444
0.912292
0.912112
0.911905
0.911671
0.911411
0.911126
0.910815
0.91048
0.91012
0.909738
0.909333
0.908905
0.908456
0.907986
0.907495
0.906984
0.906454
0.905904
0.905335
0.904748
0.904143
0.903521
0.902881
0.902225
0.901552
0.900863
0.900158
0.899437
0.8987
0.897949
0.897182
0.8964
0.895604
0.894793
0.893968
0.893128
0.892274
0.891407
0.890525
0.889629
0.88872
0.887796
0.88686
0.88591
0.884947
0.88397
0.88298
0.881978
0.880963
0.879935
0.878895
0.877843
0.87678
0.875704
0.874617
0.873519
0.872411
0.871291
0.870162
0.869023
0.867875
0.866718
0.865552
0.864378
0.863196
0.862008
0.860813
0.859611
0.858404
0.857192
0.855976
0.854755
0.853531
0.852304
0.851075
0.849844
0.848612
0.84738
0.846147
0.844916
0.843685
0.842457
0.841231
0.840008
0.838788
0.837573
0.836362
0.835157
0.833958
0.832764
0.831578
0.8304
0.829229
0.828066
0.826913
0.825769
0.824635
0.823511
0.822398
0.821296
0.820205
0.819127
0.818061
0.817008
0.815968
0.814942
0.81393
0.812931
0.811948
0.81098
0.810027
0.809089
0.808168
0.807263
0.806374
0.805503
0.804648
0.803812
0.802993
0.802192
0.80141
0.800647
0.799903
0.799178
0.798473
0.797788
0.797123
0.796478
0.795855
0.795252
0.794671
0.794111
0.793573
0.793058
0.792565
0.792094
0.791647
0.791223
0.790822
0.790444
0.790091
0.789762
0.789457
0.789177
0.788921
0.78869
0.788484
0.788304
0.788149
0.788019
0.787915
0.787837
0.787785
0.787758
0.787757
0.787783
0.787834
0.787911
0.788014
0.788143
0.788298
0.788478
0.788684
0.788916
0.789172
0.789454
0.78976
0.790092
0.790447
0.790826
0.791229
0.791656
0.792105
0.792578
0.793072
0.793588
0.794126
0.794685
0.795264
0.795863
0.796481
0.797119
0.797774
0.798448
0.799139
0.799846
0.80057
0.801309
0.802062
0.80283
0.803612
0.804406
0.805213
0.806032
0.806861
0.807701
0.80855
0.809408
0.810275
0.811149
0.812031
0.812919
0.813812
0.814711
0.815615
0.816522
0.817432
0.818346
0.819261
0.820178
0.821096
0.822014
0.822932
0.823849
0.824766
0.82568
0.826592
0.827502
0.828408
0.82931
0.830208
0.831102
0.83199
0.832872
0.833749
0.834619
0.835481
0.836337
0.837184
0.838022
0.838852
0.839672
0.840481
0.841281
0.842069
0.842845
0.843609
0.844361
0.845099
0.845823
0.846532
0.847227
0.847905
0.848567
0.849212
0.849838
0.850447
0.851036
0.851606
0.852155
0.852683
0.853189
0.853672
0.854133
0.85457
0.854982
0.85537
0.855732
0.856068
0.856378
0.85666
0.856915
0.857142
0.857341
0.857511
0.857652
0.857764
0.857847
0.8579
0.857923
0.857916
0.85788
0.857814
0.857718
0.857594
0.857439
0.857256
0.857045
0.856805
0.856537
0.856242
0.855921
0.855573
0.855201
0.854803
0.854382
0.853938
0.853472
0.852985
0.852478
0.851951
0.851407
0.850845
0.850267
0.849675
0.849069
0.848451
0.847822
0.847182
0.846534
0.845879
0.845217
0.84455
0.84388
0.843206
0.842532
0.841857
0.841183
0.840512
0.839843
0.839179
0.838521
0.837869
0.837225
0.836589
0.835962
0.835346
0.834741
0.834148
0.833568
0.833001
0.832448
0.83191
0.831387
0.83088
0.83039
0.829916
0.829459
0.82902
0.828599
0.828196
0.827811
0.827445
0.827098
0.82677
0.826461
0.82617
0.825899
0.825648
0.825415
0.825201
0.825006
0.82483
0.824673
0.824534
0.824413
0.824311
0.824226
0.824159
0.82411
0.824077
0.824061
0.824062
0.824079
0.824112
0.82416
0.824223
0.8243
0.824392
0.824497
0.824616
0.824747
0.824891
0.825047
0.825214
0.825392
0.82558
0.825779
0.825987
0.826204
0.826429
0.826663
0.826904
0.827152
0.827406
0.827667
0.827934
0.828205
0.828482
0.828763
0.829048
0.829337
0.82963
0.829926
0.830224
0.830525
0.830828
0.831134
0.831441
0.831751
0.832062
0.832374
0.832688
0.833003
0.83332
0.833638
0.833956
0.834276
0.834598
0.83492
0.835243
0.835567
0.835892
0.836218
0.836545
0.836873
0.837201
0.83753
0.837859
0.838188
0.838518
0.838847
0.839177
0.839505
0.839833
0.84016
0.840486
0.840809
0.841131
0.841451
0.841767
0.842081
0.842391
0.842697
0.842999
0.843297
0.843589
0.843876
0.844158
0.844433
0.844702
0.844965
0.845221
0.845469
0.845711
0.845945
0.846171
0.846389
0.8466
0.846802
0.846997
0.847183
0.847362
0.847532
0.847695
0.84785
0.847998
0.848138
0.848271
0.848398
0.848517
0.84863
0.848737
0.848839
0.848934
0.849025
0.849111
0.849192
0.849269
0.849342
0.849412
0.849478
0.849542
0.849603
0.849662
0.849719
0.849775
0.849829
0.849882
0.849934
0.849986
0.850037
0.850088
0.850139
0.85019
0.850241
0.850293
0.850345
0.850398
0.850451
0.850505
0.850559
0.850614
0.850669
0.850726
0.850782
0.850839
0.850896
0.850954
0.851011
0.851069
0.851126
0.851184
0.85124
0.851296
0.851352
0.851407
0.85146
0.851512
0.851563
0.851613
0.85166
0.851706
0.851749
0.85179
0.851829
0.851865
0.851899
0.851929
0.851956
0.851981
0.852001
0.852018
0.852032
0.852041
0.852047
0.852049
0.852046
0.852039
0.852028
0.852012
0.851992
0.851967
0.851937
0.851903
0.851863
0.851819
0.851769
0.851715
0.851655
0.851589
0.851519
0.851443
0.851361
0.851273
0.85118
0.851081
0.850976
0.850865
0.850748
0.850625
0.850495
0.850358
0.850215
0.850064
0.849907
0.849742
0.84957
0.84939
0.849202
0.849006
0.848802
0.84859
0.848368
0.848138
0.847899
0.84765
0.847392
0.847125
0.846847
0.84656
0.846262
0.845954
0.845636
0.845308
0.844969
0.84462
0.844261
0.843891
0.843511
0.843121
0.842722
0.842313
0.841895
0.841468
0.841033
0.84059
0.840139
0.839681
0.839218
0.838748
0.838275
0.837797
0.837316
0.836833
0.836348
0.835864
0.83538
0.834898
0.83442
0.833945
0.833477
0.833014
0.83256
0.832116
0.831682
0.831259
0.83085
0.830456
0.830077
0.829716
0.829373
0.829049
0.828746
0.828465
0.828207
0.827973
0.827764
0.82758
0.827424
0.827295
0.827195
0.827123
0.827081
0.827069
0.827088
0.827137
0.827217
0.827328
0.827471
0.827644
0.827849
0.828085
0.828351
0.828648
0.828974
0.829331
0.829716
0.83013
0.830571
0.83104
0.831535
0.832056
0.832602
0.833172
0.833765
0.834381
0.835018
0.835676
0.836353
0.837049
0.837762
0.838492
0.839238
0.839999
0.840773
0.841561
0.84236
0.84317
0.84399
0.844819
0.845656
0.8465
0.847351
0.848207
0.849067
0.84993
0.850797
0.851665
0.852534
0.853403
0.854271
0.855137
0.856002
0.856863
0.85772
0.858572
0.859419
0.860259
0.861093
0.861919
0.862736
0.863545
0.864344
0.865132
0.865909
0.866675
0.867428
0.868168
0.868895
0.869608
0.870307
0.87099
0.871658
0.87231
0.872945
0.873563
0.874164
0.874747
0.875312
0.875858
0.876385
0.876893
0.877381
0.877849
0.878297
0.878725
0.879132
0.879518
0.879883
0.880226
0.880548
0.880849
0.881127
0.881384
0.881619
0.881831
0.882021
0.88219
0.882335
0.882459
0.88256
0.882639
0.882695
0.882729
0.882741
0.882731
0.882698
0.882643
0.882566
0.882467
0.882346
0.882203
0.882038
0.881851
0.881643
0.881414
0.881163
0.880891
0.880598
0.880284
0.879949
0.879593
0.879217
0.878821
0.878404
0.877968
0.877511
0.877035
0.87654
0.876025
0.875492
0.874939
0.874368
0.873779
0.873172
0.872546
0.871904
0.871244
0.870566
0.869873
0.869163
0.868437
0.867695
0.866938
0.866165
0.865379
0.864578
0.863764
0.862936
0.862095
0.861243
0.860378
0.859502
0.858616
0.857719
0.856813
0.855898
0.854974
0.854043
0.853105
0.852161
0.851211
0.850256
0.849297
0.848335
0.84737
0.846404
0.845436
0.844468
0.8435
0.842533
0.841569
0.840607
0.839649
0.838696
0.837747
0.836805
0.835869
0.83494
0.83402
0.833108
0.832206
0.831314
0.830433
0.829563
0.828706
0.82786
0.827029
0.826211
0.825407
0.824618
0.823844
0.823086
0.822344
0.821619
0.82091
0.820219
0.819546
0.818891
0.818255
0.817638
0.817039
0.816461
0.815902
0.815363
0.814845
0.814348
0.813871
0.813417
0.812983
0.812572
0.812182
0.811815
0.811471
0.811149
0.810851
0.810575
0.810323
0.810095
0.80989
0.809709
0.809552
0.809418
0.809309
0.809224
0.809163
0.809125
0.809112
0.809122
0.809156
0.809214
0.809294
0.809398
0.809525
0.809674
0.809846
0.810039
0.810254
0.81049
0.810747
0.811024
0.81132
0.811636
0.811971
0.812323
0.812693
0.813079
0.813482
0.8139
0.814333
0.81478
0.815239
0.815711
0.816195
0.816689
0.817193
0.817706
0.818226
0.818754
0.819288
0.819827
0.82037
0.820916
0.821464
0.822014
0.822563
0.823111
0.823658
0.824201
0.82474
0.825274
0.825802
0.826323
0.826835
0.827339
0.827832
0.828314
0.828784
0.829242
0.829685
0.830114
0.830528
0.830926
0.831306
0.831669
0.832014
0.832341
0.832648
0.832935
0.833202
0.833449
0.833674
0.833879
0.834062
0.834224
0.834364
0.834483
0.83458
0.834655
0.83471
0.834743
0.834755
0.834747
0.834719
0.834671
0.834603
0.834517
0.834413
0.834292
0.834153
0.833999
0.833829
0.833645
0.833447
0.833236
0.833013
0.832779
0.832535
0.832281
0.832019
0.831749
0.831473
0.831191
0.830904
0.830613
0.830318
0.830022
0.829723
0.829424
0.829124
0.828825
0.828526
0.828229
0.827935
0.827642
0.827352
0.827066
0.826783
0.826503
0.826228
0.825957
0.82569
0.825428
0.82517
0.824916
0.824668
0.824424
0.824184
0.82395
0.82372
0.823496
0.823276
0.823061
0.822852
0.822648
0.822449
0.822257
0.82207
0.82189
0.821717
0.82155
0.821391
0.821241
0.821098
0.820965
0.820842
0.820729
0.820627
0.820537
0.82046
0.820395
0.820345
0.820309
0.820289
0.820286
0.8203
0.820331
0.820381
0.820451
0.820541
0.820652
0.820785
0.820939
0.821117
0.821317
0.821542
0.82179
0.822063
0.822361
0.822684
0.823032
0.823405
0.823804
0.824228
0.824677
0.825151
0.825649
0.826172
0.826719
0.82729
0.827883
0.828499
0.829137
0.829795
0.830474
0.831173
0.83189
0.832624
0.833376
0.834144
0.834926
0.835723
0.836532
0.837353
0.838185
0.839027
0.839878
0.840737
0.841602
0.842473
0.843349
0.844228
0.84511
0.845994
0.846879
0.847765
0.848649
0.849532
0.850413
0.85129
0.852164
0.853034
0.853898
0.854757
0.85561
0.856456
0.857295
0.858126
0.858949
0.859764
0.86057
0.861366
0.862153
0.862931
0.863698
0.864454
0.8652
0.865935
0.866658
0.86737
0.86807
0.868758
0.869434
0.870097
0.870748
0.871385
0.872009
0.872619
0.873215
0.873797
0.874364
0.874916
0.875453
0.875974
0.876479
0.876968
0.87744
0.877895
0.878333
0.878752
0.879153
0.879536
0.879899
0.880243
0.880566
0.88087
0.881153
0.881415
0.881655
0.881874
0.882071
0.882246
0.882398
0.882527
0.882633
0.882716
0.882776
0.882812
0.882825
0.882815
0.88278
0.882723
0.882642
0.882538
0.882411
0.882261
0.882089
0.881895
0.881679
0.881441
0.881183
0.880905
0.880607
0.88029
0.879955
0.879601
0.879231
0.878845
0.878443
0.878027
0.877597
0.877154
0.876699
0.876233
0.875756
0.87527
0.874776
0.874274
0.873765
0.87325
0.872731
0.872207
0.871679
0.871149
0.870617
0.870084
0.86955
0.869016
0.868483
0.867951
0.867421
0.866894
0.866369
0.865847
0.865329
0.864814
0.864304
0.863799
0.863298
0.862801
0.86231
0.861824
0.861343
0.860867
0.860396
0.859931
0.859471
0.859016
0.858566
0.858121
0.85768
0.857244
0.856813
0.856386
0.855963
0.855544
0.855128
0.854716
0.854307
0.853901
0.853498
0.853097
0.852698
0.852302
0.851907
0.851513
0.851121
0.850729
0.850338
0.849948
0.849558
0.849168
0.848778
0.848388
0.847997
0.847605
0.847212
0.846819
0.846424
0.846028
0.84563
0.845231
0.844831
0.844428
0.844024
0.843618
0.84321
0.8428
0.842389
0.841975
0.841559
0.841142
0.840722
0.840301
0.839878
0.839453
0.839027
0.838599
0.838169
0.837738
0.837305
0.836872
0.836437
0.836
0.835563
0.835125
0.834686
0.834246
0.833806
0.833365
0.832923
0.832482
0.83204
0.831597
0.831155
0.830712
0.83027
0.829827
0.829385
0.828942
0.8285
0.828058
0.827616
0.827175
0.826734
0.826293
0.825853
0.825413
0.824974
0.824535
0.824097
0.823659
0.823222
0.822786
0.822351
0.821916
0.821483
0.82105
0.820619
0.820189
0.81976
0.819333
0.818908
0.818485
0.818064
0.817646
0.81723
0.816817
0.816408
0.816002
0.815599
0.815201
0.814807
0.814418
0.814034
0.813656
0.813283
0.812917
0.812558
0.812205
0.81186
0.811523
0.811194
0.810874
0.810563
0.810261
0.80997
0.809689
0.809419
0.80916
0.808913
0.808677
0.808454
0.808245
0.808048
0.807865
0.807695
0.807541
0.8074
0.807275
0.807165
0.807071
0.806993
0.80693
0.806885
0.806856
0.806844
0.80685
0.806873
0.806913
0.806972
0.807049
0.807144
0.807258
0.80739
0.807541
0.807711
0.8079
0.808108
0.808336
0.808583
0.808849
0.809135
0.80944
0.809765
0.81011
0.810474
0.810857
0.81126
0.811682
0.812124
0.812585
0.813065
0.813564
0.814082
0.814618
0.815173
0.815746
0.816337
0.816946
0.817571
0.818214
0.818874
0.819549
0.820241
0.820948
0.82167
0.822406
0.823157
0.823921
0.824697
0.825487
0.826288
0.8271
0.827922
0.828755
0.829597
0.830447
0.831305
0.832171
0.833042
0.83392
0.834802
0.835689
0.836579
0.837471
0.838366
0.839262
0.840157
0.841053
0.841947
0.842839
0.843729
0.844614
0.845496
0.846372
0.847242
0.848105
0.848961
0.849809
0.850648
0.851477
0.852296
0.853103
0.853899
0.854682
0.855452
0.856208
0.856949
0.857676
0.858387
0.859081
0.859759
0.860419
0.861062
0.861686
0.862291
0.862877
0.863443
0.863989
0.864514
0.865018
0.865501
0.865963
0.866402
0.866819
0.867214
0.867586
0.867934
0.86826
0.868562
0.86884
0.869095
0.869326
0.869533
0.869716
0.869874
0.870009
0.870119
0.870205
0.870267
0.870304
0.870318
0.870307
0.870272
0.870213
0.87013
0.870023
0.869893
0.869739
0.869563
0.869362
0.86914
0.868894
0.868626
0.868336
0.868024
0.86769
0.867335
0.86696
0.866563
0.866147
0.865711
0.865255
0.86478
0.864287
0.863776
0.863247
0.862701
0.862139
0.861561
0.860967
0.860359
0.859736
0.8591
0.858451
0.857789
0.857117
0.856433
0.855739
0.855035
0.854323
0.853603
0.852876
0.852142
0.851402
0.850658
0.84991
0.849158
0.848404
0.847648
0.846892
0.846135
0.845379
0.844625
0.843873
0.843124
0.842379
0.841638
0.840903
0.840174
0.839451
0.838736
0.838029
0.83733
0.836641
0.835961
0.835292
0.834634
0.833987
0.833352
0.83273
0.83212
0.831523
0.83094
0.83037
0.829815
0.829274
0.828747
0.828235
0.827738
0.827256
0.826788
0.826337
0.8259
0.825479
0.825073
0.824682
0.824306
0.823945
0.823599
0.823268
0.822952
0.82265
0.822362
0.822088
0.821828
0.821581
0.821348
0.821127
0.820919
0.820723
0.820539
0.820367
0.820205
0.820054
0.819914
0.819784
0.819662
0.819551
0.819447
0.819352
0.819265
0.819185
0.819111
0.819045
0.818984
0.818929
0.818879
0.818834
0.818793
0.818757
0.818724
0.818694
0.818668
0.818644
0.818623
0.818604
0.818586
0.818571
0.818557
0.818545
0.818534
0.818524
0.818515
0.818507
0.818501
0.818495
0.818491
0.818487
0.818485
0.818485
0.818486
0.818489
0.818494
0.818501
0.818511
0.818524
0.818539
0.818558
0.81858
0.818607
0.818638
0.818673
0.818714
0.81876
0.818812
0.81887
0.818934
0.819005
0.819084
0.81917
0.819264
0.819366
0.819477
0.819597
0.819726
0.819864
0.820012
0.82017
0.820337
0.820515
0.820703
0.820902
0.821111
0.821332
0.821562
0.821804
0.822056
0.822319
0.822592
0.822877
0.823171
0.823476
0.823791
0.824116
0.824451
0.824795
0.825148
0.825511
0.825882
0.826262
0.82665
0.827045
0.827448
0.827858
0.828274
0.828697
0.829126
0.82956
0.829999
0.830443
0.830891
0.831343
0.831799
0.832257
0.832718
0.833181
0.833646
0.834112
0.834579
0.835047
0.835514
0.835982
0.836449
0.836915
0.837379
0.837842
0.838302
0.838761
0.839216
0.839669
0.840118
0.840563
0.841005
0.841442
0.841875
0.842304
0.842727
0.843145
0.843558
0.843965
0.844367
0.844762
0.845152
0.845535
0.845912
0.846283
0.846646
0.847003
0.847354
0.847697
0.848033
0.848362
0.848685
0.849
0.849307
0.849608
0.849901
0.850187
0.850466
0.850738
0.851003
0.85126
0.85151
0.851754
0.85199
0.852219
0.852441
0.852657
0.852866
0.853068
0.853263
0.853453
0.853635
0.853812
0.853982
0.854147
0.854305
0.854458
0.854606
0.854748
0.854884
0.855016
0.855142
0.855264
0.855382
0.855495
0.855604
0.85571
0.855811
0.855909
0.856004
0.856096
0.856185
0.856272
0.856357
0.856439
0.85652
0.856599
0.856677
0.856755
0.856831
0.856906
0.856982
0.857057
0.857132
0.857208
0.857284
0.85736
0.857438
0.857516
0.857595
0.857675
0.857757
0.85784
0.857925
0.858011
0.858098
0.858187
0.858278
0.858371
0.858465
0.858561
0.858658
0.858758
0.858859
0.858962
0.859066
0.859173
0.859281
0.859391
0.859503
0.859617
0.859732
0.85985
0.85997
0.860091
0.860215
0.860342
0.860471
0.860603
0.860737
0.860874
0.861015
0.861159
0.861306
0.861457
0.861613
0.861772
0.861937
0.862106
0.86228
0.862459
0.862644
0.862835
0.863031
0.863235
0.863444
0.863661
0.863885
0.864116
0.864354
0.8646
0.864854
0.865116
0.865385
0.865663
0.86595
0.866244
0.866547
0.866858
0.867178
0.867506
0.867842
0.868186
0.868539
0.868899
0.869267
0.869643
0.870026
0.870417
0.870815
0.871219
0.87163
0.872048
0.872472
0.872901
0.873336
0.873776
0.874221
0.87467
0.875124
0.875582
0.876043
0.876507
0.876974
0.877444
0.877915
0.878388
0.878863
0.879338
0.879813
0.880289
0.880764
0.881238
0.881711
0.882183
0.882652
0.883118
0.883582
0.884042
0.884498
0.88495
0.885397
0.885839
0.886276
0.886706
0.887129
0.887546
0.887955
0.888356
0.888749
0.889134
0.889509
0.889875
0.890231
0.890576
0.890912
0.891236
0.891548
0.89185
0.892139
0.892416
0.89268
0.892932
0.893171
0.893397
0.893609
0.893807
0.893992
0.894162
0.894319
0.894461
0.894589
0.894703
0.894803
0.894888
0.894958
0.895014
0.895056
0.895084
0.895097
0.895096
0.895081
0.895053
0.89501
0.894954
0.894885
0.894802
0.894706
0.894598
0.894476
0.894343
0.894197
0.89404
0.89387
0.893689
0.893497
0.893294
0.89308
0.892856
0.892621
0.892376
0.892122
0.891857
0.891583
0.891299
0.891006
0.890704
0.890393
0.890073
0.889744
0.889406
0.88906
0.888704
0.88834
0.887967
0.887585
0.887193
0.886793
0.886384
0.885965
0.885537
0.885099
0.884651
0.884193
0.883725
0.883247
0.882757
0.882256
0.881744
0.881221
0.880685
0.880137
0.879576
0.879003
0.878416
0.877816
0.877203
0.876575
0.875933
0.875276
0.874605
0.873919
0.873217
0.8725
0.871768
0.87102
0.870256
0.869477
0.868682
0.867871
0.867045
0.866203
0.865345
0.864473
0.863585
0.862683
0.861766
0.860835
0.859891
0.858933
0.857963
0.85698
0.855986
0.854982
0.853967
0.852942
0.851909
0.850869
0.849821
0.848767
0.847708
0.846645
0.845579
0.84451
0.843441
0.842371
0.841303
0.840237
0.839174
0.838116
0.837063
0.836017
0.834979
0.83395
0.832932
0.831924
0.83093
0.829949
0.828982
0.828032
0.827098
0.826183
0.825286
0.824409
0.823553
0.822718
0.821906
0.821117
0.820353
0.819613
0.818898
0.818209
0.817547
0.816912
0.816304
0.815724
0.815171
0.814647
0.814152
0.813685
0.813246
0.812837
0.812455
0.812102
0.811777
0.81148
0.811211
0.810968
0.810753
0.810564
0.8104
0.810262
0.810148
0.810059
0.809992
0.809948
0.809925
0.809923
0.809941
0.809978
0.810033
0.810106
0.810194
0.810298
0.810416
0.810548
0.810691
0.810846
0.811012
0.811186
0.811369
0.811559
0.811755
0.811957
0.812163
0.812373
0.812585
0.812799
0.813013
0.813228
0.813441
0.813653
0.813862
0.814068
0.81427
0.814467
0.814659
0.814845
0.815024
0.815196
0.81536
0.815516
0.815663
0.815801
0.815929
0.816047
0.816155
0.816252
0.816337
0.816412
0.816474
0.816525
0.816563
0.81659
0.816604
0.816605
0.816593
0.816569
0.816532
0.816482
0.816419
0.816344
0.816255
0.816154
0.81604
0.815914
0.815775
0.815624
0.815462
0.815287
0.8151
0.814903
0.814694
0.814475
0.814245
0.814005
0.813755
0.813496
0.813228
0.812951
0.812666
0.812374
0.812074
0.811768
0.811456
0.811138
0.810815
0.810487
0.810156
0.809821
0.809483
0.809143
0.808802
0.808459
0.808117
0.807775
0.807433
0.807094
0.806757
0.806423
0.806092
0.805766
0.805445
0.80513
0.804821
0.804519
0.804225
0.803939
0.803663
0.803396
0.80314
0.802894
0.802661
0.80244
0.802231
0.802036
0.801855
0.801689
0.801538
0.801403
0.801284
0.801182
0.801097
0.801029
0.80098
0.800949
0.800936
0.800943
0.800969
0.801014
0.80108
0.801165
0.801271
0.801397
0.801543
0.80171
0.801897
0.802104
0.802332
0.80258
0.802848
0.803136
0.803444
0.803771
0.804118
0.804483
0.804867
0.805269
0.805689
0.806126
0.80658
0.80705
0.807536
0.808038
0.808554
0.809085
0.809629
0.810186
0.810755
0.811336
0.811928
0.812531
0.813144
0.813765
0.814396
0.815034
0.815679
0.816331
0.816989
0.817652
0.81832
0.818993
0.819669
0.820348
0.82103
0.821713
0.822399
0.823085
0.823772
0.82446
0.825147
0.825834
0.82652
0.827205
0.827889
0.82857
0.82925
0.829928
0.830604
0.831276
0.831947
0.832614
0.833278
0.83394
0.834598
0.835253
0.835905
0.836553
0.837198
0.837839
0.838476
0.839111
0.839741
0.840368
0.840991
0.84161
0.842226
0.842837
0.843445
0.844048
0.844648
0.845243
0.845834
0.84642
0.847002
0.847579
0.848152
0.84872
0.849282
0.849839
0.850391
0.850938
0.851478
0.852013
0.852542
0.853065
0.853581
0.854091
0.854594
0.85509
0.855579
0.856061
0.856535
0.857002
0.857461
0.857912
0.858356
0.858791
0.859218
0.859637
0.860048
0.86045
0.860843
0.861228
0.861605
0.861973
0.862332
0.862683
0.863025
0.863358
0.863683
0.864
0.864308
0.864608
0.864899
0.865183
0.865458
0.865725
0.865985
0.866237
0.866481
0.866718
0.866947
0.867169
0.867384
0.867593
0.867794
0.867989
0.868177
0.868359
0.868535
0.868704
0.868868
0.869026
0.869178
0.869324
0.869465
0.8696
0.86973
0.869854
0.869973
0.870087
0.870196
0.8703
0.870398
0.870492
0.87058
0.870663
0.870741
0.870814
0.870882
0.870945
0.871002
0.871054
0.8711
0.871141
0.871176
0.871205
0.871229
0.871247
0.871258
0.871264
0.871263
0.871255
0.871241
0.871221
0.871193
0.871159
0.871117
0.871069
0.871013
0.870949
0.870878
0.8708
0.870714
0.87062
0.870518
0.870408
0.870291
0.870166
0.870032
0.869891
0.869742
0.869585
0.869421
0.869248
0.869068
0.868881
0.868685
0.868483
0.868273
0.868056
0.867832
0.867601
0.867363
0.867119
0.866868
0.866611
0.866348
0.866079
0.865804
0.865523
0.865236
0.864945
0.864648
0.864345
0.864038
0.863726
0.863409
0.863087
0.86276
0.862429
0.862093
0.861753
0.861408
0.861059
0.860705
0.860347
0.859985
0.859618
0.859247
0.858872
0.858492
0.858109
0.857721
0.857329
0.856933
0.856533
0.856129
0.855721
0.855309
0.854894
0.854476
0.854054
0.853629
0.853201
0.852771
0.852338
0.851904
0.851468
0.85103
0.850591
0.850152
0.849713
0.849273
0.848835
0.848398
0.847963
0.847529
0.847099
0.846672
0.846249
0.845831
0.845418
0.845011
0.844609
0.844215
0.843829
0.84345
0.84308
0.84272
0.842369
0.842029
0.841699
0.841381
0.841075
0.840781
0.8405
0.840231
0.839976
0.839735
0.839508
0.839295
0.839096
0.838912
0.838742
0.838586
0.838445
0.838319
0.838206
0.838108
0.838024
0.837953
0.837895
0.83785
0.837818
0.837797
0.837788
0.837789
0.837801
0.837822
0.837852
0.83789
0.837935
0.837987
0.838044
0.838105
0.838171
0.838239
0.838309
0.83838
0.838451
0.838521
0.838589
0.838654
0.838715
0.838771
0.83882
0.838863
0.838898
0.838924
0.838939
0.838944
0.838938
0.838918
0.838886
0.838839
0.838777
0.838699
0.838605
0.838494
0.838365
0.838218
0.838053
0.837868
0.837663
0.837439
0.837194
0.836929
0.836644
0.836337
0.83601
0.835662
0.835293
0.834903
0.834492
0.834061
0.83361
0.833139
0.832648
0.832139
0.831611
0.831065
0.830501
0.829921
0.829324
0.828713
0.828087
0.827447
0.826794
0.826129
0.825454
0.824768
0.824074
0.823372
0.822663
0.821949
0.82123
0.820507
0.819783
0.819058
0.818333
0.81761
0.816889
0.816172
0.815461
0.814756
0.814059
0.813371
0.812694
0.812027
0.811373
0.810733
0.810107
0.809498
0.808906
0.808331
0.807776
0.807241
0.806726
0.806234
0.805764
0.805318
0.804896
0.804499
0.804127
0.803782
0.803463
0.803172
0.802908
0.802671
0.802463
0.802283
0.802132
0.802009
0.801915
0.801849
0.801812
0.801802
0.80182
0.801866
0.801939
0.802038
0.802164
0.802315
0.80249
0.80269
0.802913
0.803158
0.803424
0.803712
0.804018
0.804344
0.804686
0.805046
0.80542
0.805809
0.80621
0.806623
0.807047
0.80748
0.807922
0.80837
0.808824
0.809283
0.809745
0.810209
0.810675
0.811141
0.811605
0.812068
0.812527
0.812983
0.813433
0.813878
0.814316
0.814747
0.81517
0.815584
0.815989
0.816384
0.816768
0.817142
0.817504
0.817855
0.818194
0.818521
0.818835
0.819137
0.819427
0.819704
0.819969
0.820221
0.820461
0.820688
0.820904
0.821108
0.821301
0.821483
0.821654
0.821814
0.821965
0.822106
0.822239
0.822363
0.822478
0.822587
0.822688
0.822783
0.822873
0.822957
0.823036
0.823112
0.823184
0.823253
0.823321
0.823386
0.823451
0.823515
0.823579
0.823644
0.823711
0.823779
0.823849
0.823922
0.823998
0.824078
0.824162
0.824251
0.824345
0.824443
0.824547
0.824658
0.824774
0.824896
0.825025
0.825161
0.825304
0.825454
0.825611
0.825776
0.825947
0.826127
0.826314
0.826509
0.826711
0.826921
0.827139
0.827364
0.827597
0.827837
0.828086
0.828341
0.828605
0.828875
0.829153
0.829439
0.829732
0.830032
0.83034
0.830655
0.830977
0.831306
0.831642
0.831985
0.832336
0.832693
0.833058
0.833429
0.833808
0.834193
0.834585
0.834984
0.83539
0.835803
0.836223
0.836649
0.837083
0.837523
0.837969
0.838422
0.838882
0.839348
0.839821
0.8403
0.840785
0.841277
0.841774
0.842278
0.842787
0.843302
0.843823
0.844349
0.84488
0.845416
0.845958
0.846504
0.847054
0.847608
0.848167
0.848729
0.849294
0.849863
0.850435
0.851009
0.851585
0.852163
0.852743
0.853324
0.853906
0.854489
0.855071
0.855654
0.856236
0.856817
0.857397
0.857976
0.858552
0.859126
0.859698
0.860266
0.860831
0.861392
0.861949
0.862501
0.863049
0.863591
0.864128
0.864659
0.865184
0.865703
0.866214
0.866719
0.867216
0.867705
0.868186
0.868659
0.869123
0.869579
0.870025
0.870461
0.870887
0.871304
0.87171
0.872105
0.872489
0.872861
0.873222
0.873571
0.873907
0.874231
0.874543
0.87484
0.875125
0.875395
0.875652
0.875894
0.876122
0.876334
0.876531
0.876713
0.876879
0.877029
0.877163
0.87728
0.87738
0.877463
0.877529
0.877578
0.877609
0.877622
0.877618
0.877595
0.877553
0.877494
0.877415
0.877318
0.877202
0.877067
0.876913
0.87674
0.876548
0.876336
0.876105
0.875855
0.875585
0.875295
0.874985
0.874656
0.874308
0.873939
0.87355
0.873142
0.872713
0.872265
0.871797
0.871308
0.8708
0.870271
0.869723
0.869154
0.868566
0.867957
0.867329
0.86668
0.866013
0.865325
0.864618
0.863892
0.863147
0.862383
0.861601
0.860801
0.859983
0.859148
0.858296
0.857428
0.856545
0.855646
0.854734
0.853808
0.852869
0.851919
0.850959
0.849989
0.84901
0.848025
0.847033
0.846036
0.845037
0.844035
0.843033
0.842032
0.841034
0.84004
0.839052
0.838072
0.837101
0.836141
0.835194
0.834261
0.833345
0.832446
0.831567
0.830709
0.829875
0.829064
0.82828
0.827523
0.826794
0.826096
0.82543
0.824795
0.824195
0.823629
0.823098
0.822604
0.822147
0.821726
0.821344
0.821
0.820694
0.820427
0.820198
0.820007
0.819854
0.819739
0.819662
0.81962
0.819615
0.819645
0.81971
0.819808
0.819939
0.820102
0.820295
0.820518
0.820768
0.821046
0.82135
0.821678
0.822029
0.822402
0.822795
0.823208
0.823638
0.824085
0.824547
0.825022
0.82551
0.82601
0.826519
0.827037
0.827562
0.828094
0.828631
0.829172
0.829716
0.830262
0.830808
0.831355
0.831901
0.832446
0.832987
0.833526
0.83406
0.83459
0.835114
0.835632
0.836144
0.836649
0.837146
0.837635
0.838116
0.838588
0.839051
0.839505
0.839949
0.840384
0.840808
0.841223
0.841628
0.842022
0.842407
0.842781
0.843145
0.843499
0.843843
0.844178
0.844503
0.844818
0.845125
0.845422
0.845711
0.845991
0.846263
0.846528
0.846785
0.847035
0.847278
0.847515
0.847746
0.847972
0.848192
0.848408
0.848619
0.848826
0.84903
0.849231
0.849429
0.849624
0.849818
0.85001
0.850201
0.85039
0.85058
0.850768
0.850957
0.851145
0.851334
0.851524
0.851714
0.851904
0.852096
0.852288
0.85248
0.852674
0.852868
0.853062
0.853257
0.853451
0.853646
0.85384
0.854033
0.854225
0.854415
0.854604
0.85479
0.854972
0.855152
0.855327
0.855498
0.855663
0.855823
0.855976
0.856122
0.856261
0.856391
0.856513
0.856625
0.856727
0.856819
0.8569
0.856969
0.857026
0.857071
0.857103
0.857121
0.857127
0.857119
0.857097
0.857061
0.857011
0.856947
0.85687
0.856779
0.856674
0.856556
0.856426
0.856283
0.856129
0.855963
0.855787
0.855601
0.855406
0.855203
0.854992
0.854775
0.854552
0.854325
0.854095
0.853862
0.853628
0.853395
0.853162
0.852931
0.852703
0.85248
0.852263
0.852052
0.851848
0.851654
0.851468
0.851293
0.851129
0.850978
0.850838
0.850713
0.850601
0.850503
0.85042
0.850352
0.850299
0.850262
0.85024
0.850234
0.850242
0.850266
0.850304
0.850357
0.850424
0.850504
0.850598
0.850703
0.85082
0.850948
0.851086
0.851233
0.851389
0.851552
0.851721
0.851897
0.852077
0.852261
0.852448
0.852637
0.852826
0.853016
0.853206
0.853393
0.853578
0.85376
0.853937
0.85411
0.854277
0.854437
0.85459
0.854736
0.854873
0.855002
0.855121
0.85523
0.855328
0.855416
0.855492
0.855557
0.85561
0.855651
0.855679
0.855694
0.855697
0.855686
0.855662
0.855624
0.855573
0.855508
0.855429
0.855337
0.85523
0.85511
0.854976
0.854828
0.854666
0.85449
0.854301
0.854098
0.853881
0.853651
0.853407
0.85315
0.85288
0.852597
0.852301
0.851992
0.851671
0.851337
0.850991
0.850633
0.850263
0.849882
0.849489
0.849085
0.84867
0.848244
0.847808
0.847362
0.846907
0.846441
0.845967
0.845484
0.844992
0.844492
0.843985
0.84347
0.842948
0.842419
0.841885
0.841344
0.840799
0.840249
0.839694
0.839136
0.838574
0.83801
0.837443
0.836875
0.836306
0.835737
0.835167
0.834598
0.834031
0.833465
0.832902
0.832343
0.831787
0.831236
0.830689
0.830149
0.829615
0.829089
0.82857
0.828059
0.827558
0.827067
0.826586
0.826116
0.825658
0.825212
0.82478
0.824361
0.823956
0.823565
0.82319
0.822831
0.822488
0.822162
0.821854
0.821563
0.821291
