0.0199553
0.029933
0.0399106
0.0498883
0.0598659
0.0698436
0.0798212
0.0897989
0.0997765
0.109754
0.119732
0.129709
0.139687
0.149665
0.159642
0.16962
0.179598
0.189575
0.199553
0.209531
0.219508
0.229486
0.239464
0.249441
0.259419
0.269397
0.279374
0.289352
0.29933
0.309307
0.319285
0.329263
0.33924
0.349218
0.359196
0.369173
0.379151
0.389128
0.399106
0.409084
0.419061
0.429039
0.439017
0.448994
0.458972
0.46895
0.478927
0.488905
0.498883
0.50886
0.518838
0.528816
0.538793
0.548771
0.558749
0.568726
0.578704
0.588682
0.598659
0.608637
0.618615
0.628592
0.63857
0.648547
0.658525
0.668503
0.67848
0.688458
0.698436
0.708413
0.718391
0.728369
0.738346
0.748324
0.758302
0.768279
0.778257
0.788235
0.798212
0.80819
0.818168
0.828145
0.838123
0.848101
0.858078
0.868056
0.878034
0.888011
0.897989
0.907966
0.917944
0.927922
0.937899
0.947877
0.957855
0.967832
0.97781
0.987788
0.997765
1.00774
1.01772
1.0277
1.03768
1.04765
1.05763
1.06761
1.07759
1.08756
1.09754
1.10752
1.1175
1.12747
1.13745
1.14743
1.15741
1.16739
1.17736
1.18734
1.19732
1.2073
1.21727
1.22725
1.23723
1.24721
1.25718
1.26716
1.27714
1.28712
1.29709
1.30707
1.31705
1.32703
1.33701
1.34698
1.35696
1.36694
1.37692
1.38689
1.39687
1.40685
1.41683
1.4268
1.43678
1.44676
1.45674
1.46672
1.47669
1.48667
1.49665
1.50663
1.5166
1.52658
1.53656
1.54654
1.55651
1.56649
1.57647
1.58645
1.59642
1.6064
1.61638
1.62636
1.63634
1.64631
1.65629
1.66627
1.67625
1.68622
1.6962
1.70618
1.71616
1.72613
1.73611
1.74609
1.75607
1.76604
1.77602
1.786
1.79598
1.80596
1.81593
1.82591
1.83589
1.84587
1.85584
1.86582
1.8758
1.88578
1.89575
1.90573
1.91571
1.92569
1.93566
1.94564
1.95562
1.9656
1.97558
1.98555
1.99553
2.00551
2.01549
2.02546
2.03544
2.04542
2.0554
2.06537
2.07535
2.08533
2.09531
2.10528
2.11526
2.12524
2.13522
2.1452
2.15517
2.16515
2.17513
2.18511
2.19508
2.20506
2.21504
2.22502
2.23499
2.24497
2.25495
2.26493
2.27491
2.28488
2.29486
2.30484
2.31482
2.32479
2.33477
2.34475
2.35473
2.3647
2.37468
2.38466
2.39464
2.40461
2.41459
2.42457
2.43455
2.44453
2.4545
2.46448
2.47446
2.48444
2.49441
2.50439
2.51437
2.52435
2.53432
2.5443
2.55428
2.56426
2.57423
2.58421
2.59419
2.60417
2.61415
2.62412
2.6341
2.64408
2.65406
2.66403
2.67401
2.68399
2.69397
2.70394
2.71392
2.7239
2.73388
2.74385
2.75383
2.76381
2.77379
2.78377
2.79374
2.80372
2.8137
2.82368
2.83365
2.84363
2.85361
2.86359
2.87356
2.88354
2.89352
2.9035
2.91347
2.92345
2.93343
2.94341
2.95339
2.96336
2.97334
2.98332
2.9933
3.00327
3.01325
3.02323
3.03321
3.04318
3.05316
3.06314
3.07312
3.08309
3.09307
3.10305
3.11303
3.12301
3.13298
3.14296
3.15294
3.16292
3.17289
3.18287
3.19285
3.20283
3.2128
3.22278
3.23276
3.24274
3.25272
3.26269
3.27267
3.28265
3.29263
3.3026
3.31258
3.32256
3.33254
3.34251
3.35249
3.36247
3.37245
3.38242
3.3924
3.40238
3.41236
3.42234
3.43231
3.44229
3.45227
3.46225
3.47222
3.4822
3.49218
3.50216
3.51213
3.52211
3.53209
3.54207
3.55204
3.56202
3.572
3.58198
3.59196
3.60193
3.61191
3.62189
3.63187
3.64184
3.65182
3.6618
3.67178
3.68175
3.69173
3.70171
3.71169
3.72166
3.73164
3.74162
3.7516
3.76158
3.77155
3.78153
3.79151
3.80149
3.81146
3.82144
3.83142
3.8414
3.85137
3.86135
3.87133
3.88131
3.89128
3.90126
3.91124
3.92122
3.9312
3.94117
3.95115
3.96113
3.97111
3.98108
3.99106
4.00104
4.01102
4.02099
4.03097
4.04095
4.05093
4.0609
4.07088
4.08086
4.09084
4.10082
4.11079
4.12077
4.13075
4.14073
4.1507
4.16068
4.17066
4.18064
4.19061
4.20059
4.21057
4.22055
4.23053
4.2405
4.25048
4.26046
4.27044
4.28041
4.29039
4.30037
4.31035
4.32032
4.3303
4.34028
4.35026
4.36023
4.37021
4.38019
4.39017
4.40015
4.41012
4.4201
4.43008
4.44006
4.45003
4.46001
4.46999
4.47997
4.48994
4.49992
4.5099
4.51988
4.52985
4.53983
4.54981
4.55979
4.56977
4.57974
4.58972
4.5997
4.60968
4.61965
4.62963
4.63961
4.64959
4.65956
4.66954
4.67952
4.6895
4.69947
4.70945
4.71943
4.72941
4.73939
4.74936
4.75934
4.76932
4.7793
4.78927
4.79925
4.80923
4.81921
4.82918
4.83916
4.84914
4.85912
4.86909
4.87907
4.88905
4.89903
4.90901
4.91898
4.92896
4.93894
4.94892
4.95889
4.96887
4.97885
4.98883
4.9988
5.00878
5.01876
5.02874
5.03872
5.04869
5.05867
5.06865
5.07863
5.0886
5.09858
5.10856
5.11854
5.12851
5.13849
5.14847
5.15845
5.16842
5.1784
5.18838
5.19836
5.20834
5.21831
5.22829
5.23827
5.24825
5.25822
5.2682
5.27818
5.28816
5.29813
5.30811
5.31809
5.32807
5.33804
5.34802
5.358
5.36798
5.37796
5.38793
5.39791
5.40789
5.41787
5.42784
5.43782
5.4478
5.45778
5.46775
5.47773
5.48771
5.49769
5.50766
5.51764
5.52762
5.5376
5.54758
5.55755
5.56753
5.57751
5.58749
5.59746
5.60744
5.61742
5.6274
5.63737
5.64735
5.65733
5.66731
5.67728
5.68726
5.69724
5.70722
5.7172
5.72717
5.73715
5.74713
5.75711
5.76708
5.77706
5.78704
5.79702
5.80699
5.81697
5.82695
5.83693
5.8469
5.85688
5.86686
5.87684
5.88682
5.89679
5.90677
5.91675
5.92673
5.9367
5.94668
5.95666
5.96664
5.97661
5.98659
5.99657
6.00655
6.01653
6.0265
6.03648
6.04646
6.05644
6.06641
6.07639
6.08637
6.09635
6.10632
6.1163
6.12628
6.13626
6.14623
6.15621
6.16619
6.17617
6.18615
6.19612
6.2061
6.21608
6.22606
6.23603
6.24601
6.25599
6.26597
6.27594
6.28592
6.2959
6.30588
6.31585
6.32583
6.33581
6.34579
6.35577
6.36574
6.37572
6.3857
6.39568
6.40565
6.41563
6.42561
6.43559
6.44556
6.45554
6.46552
6.4755
6.48547
6.49545
6.50543
6.51541
6.52539
6.53536
6.54534
6.55532
6.5653
6.57527
6.58525
6.59523
6.60521
6.61518
6.62516
6.63514
6.64512
6.65509
6.66507
6.67505
6.68503
6.69501
6.70498
6.71496
6.72494
6.73492
6.74489
6.75487
6.76485
6.77483
6.7848
6.79478
6.80476
6.81474
6.82472
6.83469
6.84467
6.85465
6.86463
6.8746
6.88458
6.89456
6.90454
6.91451
6.92449
6.93447
6.94445
6.95442
6.9644
6.97438
6.98436
6.99434
7.00431
7.01429
7.02427
7.03425
7.04422
7.0542
7.06418
7.07416
7.08413
7.09411
7.10409
7.11407
7.12404
7.13402
7.144
7.15398
7.16396
7.17393
7.18391
7.19389
7.20387
7.21384
7.22382
7.2338
7.24378
7.25375
7.26373
7.27371
7.28369
7.29366
7.30364
7.31362
7.3236
7.33358
7.34355
7.35353
7.36351
7.37349
7.38346
7.39344
7.40342
7.4134
7.42337
7.43335
7.44333
7.45331
7.46328
7.47326
7.48324
7.49322
7.5032
7.51317
7.52315
7.53313
7.54311
7.55308
7.56306
7.57304
7.58302
7.59299
7.60297
7.61295
7.62293
7.6329
7.64288
7.65286
7.66284
7.67282
7.68279
7.69277
7.70275
7.71273
7.7227
7.73268
7.74266
7.75264
7.76261
7.77259
7.78257
7.79255
7.80253
7.8125
7.82248
7.83246
7.84244
7.85241
7.86239
7.87237
7.88235
7.89232
7.9023
7.91228
7.92226
7.93223
7.94221
7.95219
7.96217
7.97215
7.98212
7.9921
8.00208
8.01206
8.02203
8.03201
8.04199
8.05197
8.06194
8.07192
8.0819
8.09188
8.10185
8.11183
8.12181
8.13179
8.14177
8.15174
8.16172
8.1717
8.18168
8.19165
8.20163
8.21161
8.22159
8.23156
8.24154
8.25152
8.2615
8.27147
8.28145
8.29143
8.30141
8.31139
8.32136
8.33134
8.34132
8.3513
8.36127
8.37125
8.38123
8.39121
8.40118
8.41116
8.42114
8.43112
8.44109
8.45107
8.46105
8.47103
8.48101
8.49098
8.50096
8.51094
8.52092
8.53089
8.54087
8.55085
8.56083
8.5708
8.58078
8.59076
8.60074
8.61072
8.62069
8.63067
8.64065
8.65063
8.6606
8.67058
8.68056
8.69054
8.70051
8.71049
8.72047
8.73045
8.74042
8.7504
8.76038
8.77036
8.78034
8.79031
8.80029
8.81027
8.82025
8.83022
8.8402
8.85018
8.86016
8.87013
8.88011
8.89009
8.90007
8.91004
8.92002
8.93
8.93998
8.94996
8.95993
8.96991
8.97989
8.98987
8.99984
9.00982
9.0198
9.02978
9.03975
9.04973
9.05971
9.06969
9.07966
9.08964
9.09962
9.1096
9.11958
9.12955
9.13953
9.14951
9.15949
9.16946
9.17944
9.18942
9.1994
9.20937
9.21935
9.22933
9.23931
9.24928
9.25926
9.26924
9.27922
9.2892
9.29917
9.30915
9.31913
9.32911
9.33908
9.34906
9.35904
9.36902
9.37899
9.38897
9.39895
9.40893
9.4189
9.42888
9.43886
9.44884
9.45882
9.46879
9.47877
9.48875
9.49873
9.5087
9.51868
9.52866
9.53864
9.54861
9.55859
9.56857
9.57855
9.58853
9.5985
9.60848
9.61846
9.62844
9.63841
9.64839
9.65837
9.66835
9.67832
9.6883
9.69828
9.70826
9.71823
9.72821
9.73819
9.74817
9.75815
9.76812
9.7781
9.78808
9.79806
9.80803
9.81801
9.82799
9.83797
9.84794
9.85792
9.8679
9.87788
9.88785
9.89783
9.90781
9.91779
9.92777
9.93774
9.94772
9.9577
9.96768
9.97765
9.98763
9.99761
10.0076
10.0176
10.0275
10.0375
10.0475
10.0575
10.0675
10.0774
10.0874
10.0974
10.1074
10.1173
10.1273
10.1373
10.1473
10.1573
10.1672
10.1772
10.1872
10.1972
10.2071
10.2171
10.2271
10.2371
10.2471
10.257
10.267
10.277
10.287
10.2969
10.3069
10.3169
10.3269
10.3368
10.3468
10.3568
10.3668
10.3768
10.3867
10.3967
10.4067
10.4167
10.4266
10.4366
10.4466
10.4566
10.4666
10.4765
10.4865
10.4965
10.5065
10.5164
10.5264
10.5364
10.5464
10.5564
10.5663
10.5763
10.5863
10.5963
10.6062
10.6162
10.6262
10.6362
10.6462
10.6561
10.6661
10.6761
10.6861
10.696
10.706
10.716
10.726
10.736
10.7459
10.7559
10.7659
10.7759
10.7858
10.7958
10.8058
10.8158
10.8258
10.8357
10.8457
10.8557
10.8657
10.8756
10.8856
10.8956
10.9056
10.9156
10.9255
10.9355
10.9455
10.9555
10.9654
10.9754
10.9854
10.9954
11.0054
11.0153
11.0253
11.0353
11.0453
11.0552
11.0652
11.0752
11.0852
11.0952
11.1051
11.1151
11.1251
11.1351
11.145
11.155
11.165
11.175
11.1849
11.1949
11.2049
11.2149
11.2249
11.2348
11.2448
11.2548
11.2648
11.2747
11.2847
11.2947
11.3047
11.3147
11.3246
11.3346
11.3446
11.3546
11.3645
11.3745
11.3845
11.3945
11.4045
11.4144
11.4244
11.4344
11.4444
11.4543
11.4643
11.4743
11.4843
11.4943
11.5042
11.5142
11.5242
11.5342
11.5441
11.5541
11.5641
11.5741
11.5841
11.594
11.604
11.614
11.624
11.6339
11.6439
11.6539
11.6639
11.6739
11.6838
11.6938
11.7038
11.7138
11.7237
11.7337
11.7437
11.7537
11.7637
11.7736
11.7836
11.7936
11.8036
11.8135
11.8235
11.8335
11.8435
11.8535
11.8634
11.8734
11.8834
11.8934
11.9033
11.9133
11.9233
11.9333
11.9433
11.9532
11.9632
11.9732
11.9832
11.9931
12.0031
12.0131
12.0231
12.0331
12.043
12.053
12.063
12.073
12.0829
12.0929
12.1029
12.1129
12.1228
12.1328
12.1428
12.1528
12.1628
12.1727
12.1827
12.1927
12.2027
12.2126
12.2226
12.2326
12.2426
12.2526
12.2625
12.2725
12.2825
12.2925
12.3024
12.3124
12.3224
12.3324
12.3424
12.3523
12.3623
12.3723
12.3823
12.3922
12.4022
12.4122
12.4222
12.4322
12.4421
12.4521
12.4621
12.4721
12.482
12.492
12.502
12.512
12.522
12.5319
12.5419
12.5519
12.5619
12.5718
12.5818
12.5918
12.6018
12.6118
12.6217
12.6317
12.6417
12.6517
12.6616
12.6716
12.6816
12.6916
12.7016
12.7115
12.7215
12.7315
12.7415
12.7514
12.7614
12.7714
12.7814
12.7914
12.8013
12.8113
12.8213
12.8313
12.8412
12.8512
12.8612
12.8712
12.8812
12.8911
12.9011
12.9111
12.9211
12.931
12.941
12.951
12.961
12.9709
12.9809
12.9909
13.0009
13.0109
13.0208
13.0308
13.0408
13.0508
13.0607
13.0707
13.0807
13.0907
13.1007
13.1106
13.1206
13.1306
13.1406
13.1505
13.1605
13.1705
13.1805
13.1905
13.2004
13.2104
13.2204
13.2304
13.2403
13.2503
13.2603
13.2703
13.2803
13.2902
13.3002
13.3102
13.3202
13.3301
13.3401
13.3501
13.3601
13.3701
13.38
13.39
13.4
13.41
13.4199
13.4299
13.4399
13.4499
13.4599
13.4698
13.4798
13.4898
13.4998
13.5097
13.5197
13.5297
13.5397
13.5497
13.5596
13.5696
13.5796
13.5896
13.5995
13.6095
13.6195
13.6295
13.6395
13.6494
13.6594
13.6694
13.6794
13.6893
13.6993
13.7093
13.7193
13.7293
13.7392
13.7492
13.7592
13.7692
13.7791
13.7891
13.7991
13.8091
13.8191
13.829
13.839
13.849
13.859
13.8689
13.8789
13.8889
13.8989
13.9088
13.9188
13.9288
13.9388
13.9488
13.9587
13.9687
13.9787
13.9887
13.9986
14.0086
14.0186
14.0286
14.0386
14.0485
14.0585
14.0685
14.0785
14.0884
14.0984
14.1084
14.1184
14.1284
14.1383
14.1483
14.1583
14.1683
14.1782
14.1882
14.1982
14.2082
14.2182
14.2281
14.2381
14.2481
14.2581
14.268
14.278
14.288
14.298
14.308
14.3179
14.3279
14.3379
14.3479
14.3578
14.3678
14.3778
14.3878
14.3978
14.4077
14.4177
14.4277
14.4377
14.4476
14.4576
14.4676
14.4776
14.4876
14.4975
14.5075
14.5175
14.5275
14.5374
14.5474
14.5574
14.5674
14.5774
14.5873
14.5973
14.6073
14.6173
14.6272
14.6372
14.6472
14.6572
14.6672
14.6771
14.6871
14.6971
14.7071
14.717
14.727
14.737
14.747
14.7569
14.7669
14.7769
14.7869
14.7969
14.8068
14.8168
14.8268
14.8368
14.8467
14.8567
14.8667
14.8767
14.8867
14.8966
14.9066
14.9166
14.9266
14.9365
14.9465
14.9565
14.9665
14.9765
14.9864
14.9964
15.0064
15.0164
15.0263
15.0363
15.0463
15.0563
15.0663
15.0762
15.0862
15.0962
15.1062
15.1161
15.1261
15.1361
15.1461
15.1561
15.166
15.176
15.186
15.196
15.2059
15.2159
15.2259
15.2359
15.2459
15.2558
15.2658
15.2758
15.2858
15.2957
15.3057
15.3157
15.3257
15.3357
15.3456
15.3556
15.3656
15.3756
15.3855
15.3955
15.4055
15.4155
15.4255
15.4354
15.4454
15.4554
15.4654
15.4753
15.4853
15.4953
15.5053
15.5153
15.5252
15.5352
15.5452
15.5552
15.5651
15.5751
15.5851
15.5951
15.6051
15.615
15.625
15.635
15.645
15.6549
15.6649
15.6749
15.6849
15.6948
15.7048
15.7148
15.7248
15.7348
15.7447
15.7547
15.7647
15.7747
15.7846
15.7946
15.8046
15.8146
15.8246
15.8345
15.8445
15.8545
15.8645
15.8744
15.8844
15.8944
15.9044
15.9144
15.9243
15.9343
15.9443
15.9543
15.9642
15.9742
15.9842
15.9942
16.0042
16.0141
16.0241
16.0341
16.0441
16.054
16.064
16.074
16.084
16.094
16.1039
16.1139
16.1239
16.1339
16.1438
16.1538
16.1638
16.1738
16.1838
16.1937
16.2037
16.2137
16.2237
16.2336
16.2436
16.2536
16.2636
16.2736
16.2835
16.2935
16.3035
16.3135
16.3234
16.3334
16.3434
16.3534
16.3634
16.3733
16.3833
16.3933
16.4033
16.4132
16.4232
16.4332
16.4432
16.4532
16.4631
16.4731
16.4831
16.4931
16.503
16.513
16.523
16.533
16.5429
16.5529
16.5629
16.5729
16.5829
16.5928
16.6028
16.6128
16.6228
16.6327
16.6427
16.6527
16.6627
16.6727
16.6826
16.6926
16.7026
16.7126
16.7225
16.7325
16.7425
16.7525
16.7625
16.7724
16.7824
16.7924
16.8024
16.8123
16.8223
16.8323
16.8423
16.8523
16.8622
16.8722
16.8822
16.8922
16.9021
16.9121
16.9221
16.9321
16.9421
16.952
16.962
16.972
16.982
16.9919
17.0019
17.0119
17.0219
17.0319
17.0418
17.0518
17.0618
17.0718
17.0817
17.0917
17.1017
17.1117
17.1217
17.1316
17.1416
17.1516
17.1616
17.1715
17.1815
17.1915
17.2015
17.2115
17.2214
17.2314
17.2414
17.2514
17.2613
17.2713
17.2813
17.2913
17.3013
17.3112
17.3212
17.3312
17.3412
17.3511
17.3611
17.3711
17.3811
17.3911
17.401
17.411
17.421
17.431
17.4409
17.4509
17.4609
17.4709
17.4808
17.4908
17.5008
17.5108
17.5208
17.5307
17.5407
17.5507
17.5607
17.5706
17.5806
17.5906
17.6006
17.6106
17.6205
17.6305
17.6405
17.6505
17.6604
17.6704
17.6804
17.6904
17.7004
17.7103
17.7203
17.7303
17.7403
17.7502
17.7602
17.7702
17.7802
17.7902
17.8001
17.8101
17.8201
17.8301
17.84
17.85
17.86
17.87
17.88
17.8899
17.8999
17.9099
17.9199
17.9298
17.9398
17.9498
17.9598
17.9698
17.9797
17.9897
17.9997
18.0097
18.0196
18.0296
18.0396
18.0496
18.0596
18.0695
18.0795
18.0895
18.0995
18.1094
18.1194
18.1294
18.1394
18.1494
18.1593
18.1693
18.1793
18.1893
18.1992
18.2092
18.2192
18.2292
18.2392
18.2491
18.2591
18.2691
18.2791
18.289
18.299
18.309
18.319
18.3289
18.3389
18.3489
18.3589
18.3689
18.3788
18.3888
18.3988
18.4088
18.4187
18.4287
18.4387
18.4487
18.4587
18.4686
18.4786
18.4886
18.4986
18.5085
18.5185
18.5285
18.5385
18.5485
18.5584
18.5684
18.5784
18.5884
18.5983
18.6083
18.6183
18.6283
18.6383
18.6482
18.6582
18.6682
18.6782
18.6881
18.6981
18.7081
18.7181
18.7281
18.738
18.748
18.758
18.768
18.7779
18.7879
18.7979
18.8079
18.8179
18.8278
18.8378
18.8478
18.8578
18.8677
18.8777
18.8877
18.8977
18.9077
18.9176
18.9276
18.9376
18.9476
18.9575
18.9675
18.9775
18.9875
18.9975
19.0074
19.0174
19.0274
19.0374
19.0473
19.0573
19.0673
19.0773
19.0873
19.0972
19.1072
19.1172
19.1272
19.1371
19.1471
19.1571
19.1671
19.1771
19.187
19.197
19.207
19.217
19.2269
19.2369
19.2469
19.2569
19.2668
19.2768
19.2868
19.2968
19.3068
19.3167
19.3267
19.3367
19.3467
19.3566
19.3666
19.3766
19.3866
19.3966
19.4065
19.4165
19.4265
19.4365
19.4464
19.4564
19.4664
19.4764
19.4864
19.4963
19.5063
19.5163
19.5263
19.5362
19.5462
19.5562
19.5662
19.5762
19.5861
19.5961
19.6061
19.6161
19.626
19.636
19.646
19.656
19.666
19.6759
19.6859
19.6959
19.7059
19.7158
19.7258
19.7358
19.7458
19.7558
19.7657
19.7757
19.7857
19.7957
19.8056
19.8156
19.8256
19.8356
19.8456
19.8555
19.8655
19.8755
19.8855
19.8954
19.9054
19.9154
19.9254
19.9354
19.9453
19.9553
19.9653
19.9753
19.9852
19.9952
20.0052
20.0152
20.0252
20.0351
20.0451
20.0551
20.0651
20.075
20.085
20.095
20.105
20.1149
20.1249
20.1349
20.1449
20.1549
20.1648
20.1748
20.1848
20.1948
20.2047
20.2147
20.2247
20.2347
20.2447
20.2546
20.2646
20.2746
20.2846
20.2945
20.3045
20.3145
20.3245
20.3345
20.3444
20.3544
20.3644
20.3744
20.3843
20.3943
20.4043
20.4143
20.4243
20.4342
20.4442
20.4542
20.4642
20.4741
20.4841
20.4941
20.5041
20.5141
20.524
20.534
20.544
20.554
20.5639
20.5739
20.5839
20.5939
20.6039
20.6138
20.6238
20.6338
20.6438
20.6537
20.6637
20.6737
20.6837
20.6937
20.7036
20.7136
20.7236
20.7336
20.7435
20.7535
20.7635
20.7735
20.7835
20.7934
20.8034
20.8134
20.8234
20.8333
20.8433
20.8533
20.8633
20.8733
20.8832
20.8932
20.9032
20.9132
20.9231
20.9331
20.9431
20.9531
20.9631
20.973
20.983
20.993
21.003
21.0129
21.0229
21.0329
21.0429
21.0528
21.0628
21.0728
21.0828
21.0928
21.1027
21.1127
21.1227
21.1327
21.1426
21.1526
21.1626
21.1726
21.1826
21.1925
21.2025
21.2125
21.2225
21.2324
21.2424
21.2524
21.2624
21.2724
21.2823
21.2923
21.3023
21.3123
21.3222
21.3322
21.3422
21.3522
21.3622
21.3721
21.3821
21.3921
21.4021
21.412
21.422
21.432
21.442
21.452
21.4619
21.4719
21.4819
21.4919
21.5018
21.5118
21.5218
21.5318
21.5418
21.5517
21.5617
21.5717
21.5817
21.5916
21.6016
21.6116
21.6216
21.6316
21.6415
21.6515
21.6615
21.6715
21.6814
21.6914
21.7014
21.7114
21.7214
21.7313
21.7413
21.7513
21.7613
21.7712
21.7812
21.7912
21.8012
21.8112
21.8211
21.8311
21.8411
21.8511
21.861
21.871
21.881
21.891
21.9009
21.9109
21.9209
21.9309
21.9409
21.9508
21.9608
21.9708
21.9808
21.9907
22.0007
22.0107
22.0207
22.0307
22.0406
22.0506
22.0606
22.0706
22.0805
22.0905
22.1005
22.1105
22.1205
22.1304
22.1404
22.1504
22.1604
22.1703
22.1803
22.1903
22.2003
22.2103
22.2202
22.2302
22.2402
22.2502
22.2601
22.2701
22.2801
22.2901
22.3001
22.31
22.32
22.33
22.34
22.3499
22.3599
22.3699
22.3799
22.3899
22.3998
22.4098
22.4198
22.4298
22.4397
22.4497
22.4597
22.4697
22.4797
22.4896
22.4996
22.5096
22.5196
22.5295
22.5395
22.5495
22.5595
22.5695
22.5794
22.5894
22.5994
22.6094
22.6193
22.6293
22.6393
22.6493
22.6593
22.6692
22.6792
22.6892
22.6992
22.7091
22.7191
22.7291
22.7391
22.7491
22.759
22.769
22.779
22.789
22.7989
22.8089
22.8189
22.8289
22.8388
22.8488
22.8588
22.8688
22.8788
22.8887
22.8987
22.9087
22.9187
22.9286
22.9386
22.9486
22.9586
22.9686
22.9785
22.9885
22.9985
23.0085
23.0184
23.0284
23.0384
23.0484
23.0584
23.0683
23.0783
23.0883
23.0983
23.1082
23.1182
23.1282
23.1382
23.1482
23.1581
23.1681
23.1781
23.1881
23.198
23.208
23.218
23.228
23.238
23.2479
23.2579
23.2679
23.2779
23.2878
23.2978
23.3078
23.3178
23.3278
23.3377
23.3477
23.3577
23.3677
23.3776
23.3876
23.3976
23.4076
23.4176
23.4275
23.4375
23.4475
23.4575
23.4674
23.4774
23.4874
23.4974
23.5074
23.5173
23.5273
23.5373
23.5473
23.5572
23.5672
23.5772
23.5872
23.5972
23.6071
23.6171
23.6271
23.6371
23.647
23.657
23.667
23.677
23.6869
23.6969
23.7069
23.7169
23.7269
23.7368
23.7468
23.7568
23.7668
23.7767
23.7867
23.7967
23.8067
23.8167
23.8266
23.8366
23.8466
23.8566
23.8665
23.8765
23.8865
23.8965
23.9065
23.9164
23.9264
23.9364
23.9464
23.9563
23.9663
23.9763
23.9863
23.9963
24.0062
24.0162
24.0262
24.0362
24.0461
24.0561
24.0661
24.0761
24.0861
24.096
24.106
24.116
24.126
24.1359
24.1459
24.1559
24.1659
24.1759
24.1858
24.1958
24.2058
24.2158
24.2257
24.2357
24.2457
24.2557
24.2657
24.2756
24.2856
24.2956
24.3056
24.3155
24.3255
24.3355
24.3455
24.3555
24.3654
24.3754
24.3854
24.3954
24.4053
24.4153
24.4253
24.4353
24.4453
24.4552
24.4652
24.4752
24.4852
24.4951
24.5051
24.5151
24.5251
24.5351
24.545
24.555
24.565
24.575
24.5849
24.5949
24.6049
24.6149
24.6248
24.6348
24.6448
24.6548
24.6648
24.6747
24.6847
24.6947
24.7047
24.7146
24.7246
24.7346
24.7446
24.7546
24.7645
24.7745
24.7845
24.7945
24.8044
24.8144
24.8244
24.8344
24.8444
24.8543
24.8643
24.8743
24.8843
24.8942
24.9042
24.9142
24.9242
24.9342
24.9441
24.9541
24.9641
24.9741
24.984
24.994
25.004
25.014
25.024
25.0339
25.0439
25.0539
25.0639
25.0738
25.0838
25.0938
25.1038
25.1138
25.1237
25.1337
25.1437
25.1537
25.1636
25.1736
25.1836
25.1936
25.2036
25.2135
25.2235
25.2335
25.2435
25.2534
25.2634
25.2734
25.2834
25.2934
25.3033
25.3133
25.3233
25.3333
25.3432
25.3532
25.3632
25.3732
25.3832
25.3931
25.4031
25.4131
25.4231
25.433
25.443
25.453
25.463
25.4729
25.4829
25.4929
25.5029
25.5129
25.5228
25.5328
25.5428
25.5528
25.5627
25.5727
25.5827
25.5927
25.6027
25.6126
25.6226
25.6326
25.6426
25.6525
25.6625
25.6725
25.6825
25.6925
25.7024
25.7124
25.7224
25.7324
25.7423
25.7523
25.7623
25.7723
25.7823
25.7922
25.8022
25.8122
25.8222
25.8321
25.8421
25.8521
25.8621
25.8721
25.882
25.892
25.902
25.912
25.9219
25.9319
25.9419
25.9519
25.9619
25.9718
25.9818
25.9918
26.0018
26.0117
26.0217
26.0317
26.0417
26.0517
26.0616
26.0716
26.0816
26.0916
26.1015
26.1115
26.1215
26.1315
26.1415
26.1514
26.1614
26.1714
26.1814
26.1913
26.2013
26.2113
26.2213
26.2313
26.2412
26.2512
26.2612
26.2712
26.2811
26.2911
26.3011
26.3111
26.3211
26.331
26.341
26.351
26.361
26.3709
26.3809
26.3909
26.4009
26.4108
26.4208
26.4308
26.4408
26.4508
26.4607
26.4707
26.4807
26.4907
26.5006
26.5106
26.5206
26.5306
26.5406
26.5505
26.5605
26.5705
26.5805
26.5904
26.6004
26.6104
26.6204
26.6304
26.6403
26.6503
26.6603
26.6703
26.6802
26.6902
26.7002
26.7102
26.7202
26.7301
26.7401
26.7501
26.7601
26.77
26.78
26.79
26.8
26.81
26.8199
26.8299
26.8399
26.8499
26.8598
26.8698
26.8798
26.8898
26.8998
26.9097
26.9197
26.9297
26.9397
26.9496
26.9596
26.9696
26.9796
26.9896
26.9995
27.0095
27.0195
27.0295
27.0394
27.0494
27.0594
27.0694
27.0794
27.0893
27.0993
27.1093
27.1193
27.1292
27.1392
27.1492
27.1592
27.1692
27.1791
27.1891
27.1991
27.2091
27.219
27.229
27.239
27.249
27.2589
27.2689
27.2789
27.2889
27.2989
27.3088
27.3188
27.3288
27.3388
27.3487
27.3587
27.3687
27.3787
27.3887
27.3986
27.4086
27.4186
27.4286
27.4385
27.4485
27.4585
27.4685
27.4785
27.4884
27.4984
27.5084
27.5184
27.5283
27.5383
27.5483
27.5583
27.5683
27.5782
27.5882
27.5982
27.6082
27.6181
27.6281
27.6381
27.6481
27.6581
27.668
27.678
27.688
27.698
27.7079
27.7179
27.7279
27.7379
27.7479
27.7578
27.7678
27.7778
27.7878
27.7977
27.8077
27.8177
27.8277
27.8377
27.8476
27.8576
27.8676
27.8776
27.8875
27.8975
27.9075
27.9175
27.9275
27.9374
27.9474
27.9574
27.9674
27.9773
27.9873
27.9973
28.0073
28.0173
28.0272
28.0372
28.0472
28.0572
28.0671
28.0771
28.0871
28.0971
28.1071
28.117
28.127
28.137
28.147
28.1569
28.1669
28.1769
28.1869
28.1968
28.2068
28.2168
28.2268
28.2368
28.2467
28.2567
28.2667
28.2767
28.2866
28.2966
28.3066
28.3166
28.3266
28.3365
28.3465
28.3565
28.3665
28.3764
28.3864
28.3964
28.4064
28.4164
28.4263
28.4363
28.4463
28.4563
28.4662
28.4762
28.4862
28.4962
28.5062
28.5161
28.5261
28.5361
28.5461
28.556
28.566
28.576
28.586
28.596
28.6059
28.6159
28.6259
28.6359
28.6458
28.6558
28.6658
28.6758
28.6858
28.6957
28.7057
28.7157
28.7257
28.7356
28.7456
28.7556
28.7656
28.7756
28.7855
28.7955
28.8055
28.8155
28.8254
28.8354
28.8454
28.8554
28.8654
28.8753
28.8853
28.8953
28.9053
28.9152
28.9252
28.9352
28.9452
28.9552
28.9651
28.9751
28.9851
28.9951
29.005
29.015
29.025
29.035
29.0449
29.0549
29.0649
29.0749
29.0849
29.0948
29.1048
29.1148
29.1248
29.1347
29.1447
29.1547
29.1647
29.1747
29.1846
29.1946
29.2046
29.2146
29.2245
29.2345
29.2445
29.2545
29.2645
29.2744
29.2844
29.2944
29.3044
29.3143
29.3243
29.3343
29.3443
29.3543
29.3642
29.3742
29.3842
29.3942
29.4041
29.4141
29.4241
29.4341
29.4441
29.454
29.464
29.474
29.484
29.4939
29.5039
29.5139
29.5239
29.5339
29.5438
29.5538
29.5638
29.5738
29.5837
29.5937
29.6037
29.6137
29.6237
29.6336
29.6436
29.6536
29.6636
29.6735
29.6835
29.6935
29.7035
29.7135
29.7234
29.7334
29.7434
29.7534
29.7633
29.7733
29.7833
29.7933
29.8033
29.8132
29.8232
29.8332
29.8432
29.8531
29.8631
29.8731
29.8831
29.8931
29.903
29.913
29.923
29.933
29.9429
29.9529
29.9629
29.9729
29.9828
29.9928
30.0028
30.0128
30.0228
30.0327
30.0427
30.0527
30.0627
30.0726
30.0826
30.0926
30.1026
30.1126
30.1225
30.1325
30.1425
30.1525
30.1624
30.1724
30.1824
30.1924
30.2024
30.2123
30.2223
30.2323
30.2423
30.2522
30.2622
30.2722
30.2822
30.2922
30.3021
30.3121
30.3221
30.3321
30.342
30.352
30.362
30.372
30.382
30.3919
30.4019
30.4119
30.4219
30.4318
30.4418
30.4518
30.4618
30.4718
30.4817
30.4917
30.5017
30.5117
30.5216
30.5316
30.5416
30.5516
30.5616
30.5715
30.5815
30.5915
30.6015
30.6114
30.6214
30.6314
30.6414
30.6514
30.6613
30.6713
30.6813
30.6913
30.7012
30.7112
30.7212
30.7312
30.7412
30.7511
30.7611
30.7711
30.7811
30.791
30.801
30.811
30.821
30.8309
30.8409
30.8509
30.8609
30.8709
30.8808
30.8908
30.9008
30.9108
30.9207
30.9307
30.9407
30.9507
30.9607
30.9706
30.9806
30.9906
31.0006
31.0105
31.0205
31.0305
31.0405
31.0505
31.0604
31.0704
31.0804
31.0904
31.1003
31.1103
31.1203
31.1303
31.1403
31.1502
31.1602
31.1702
31.1802
31.1901
31.2001
31.2101
31.2201
31.2301
31.24
31.25
31.26
31.27
31.2799
31.2899
31.2999
31.3099
31.3199
31.3298
31.3398
31.3498
31.3598
31.3697
31.3797
31.3897
31.3997
31.4097
31.4196
31.4296
31.4396
31.4496
31.4595
31.4695
31.4795
31.4895
31.4995
31.5094
31.5194
31.5294
31.5394
31.5493
31.5593
31.5693
31.5793
31.5893
31.5992
31.6092
31.6192
31.6292
31.6391
31.6491
31.6591
31.6691
31.6791
31.689
31.699
31.709
31.719
31.7289
31.7389
31.7489
31.7589
31.7688
31.7788
31.7888
31.7988
31.8088
31.8187
31.8287
31.8387
31.8487
31.8586
31.8686
31.8786
31.8886
31.8986
31.9085
31.9185
31.9285
31.9385
31.9484
31.9584
31.9684
31.9784
31.9884
31.9983
32.0083
32.0183
32.0283
32.0382
32.0482
32.0582
32.0682
32.0782
32.0881
32.0981
32.1081
32.1181
32.128
32.138
32.148
32.158
32.168
32.1779
32.1879
32.1979
32.2079
32.2178
32.2278
32.2378
32.2478
32.2578
32.2677
32.2777
32.2877
32.2977
32.3076
32.3176
32.3276
32.3376
32.3476
32.3575
32.3675
32.3775
32.3875
32.3974
32.4074
32.4174
32.4274
32.4374
32.4473
32.4573
32.4673
32.4773
32.4872
32.4972
32.5072
32.5172
32.5272
32.5371
32.5471
32.5571
32.5671
32.577
32.587
32.597
32.607
32.6169
32.6269
32.6369
32.6469
32.6569
32.6668
32.6768
32.6868
32.6968
32.7067
32.7167
32.7267
32.7367
32.7467
32.7566
32.7666
32.7766
32.7866
32.7965
32.8065
32.8165
32.8265
32.8365
32.8464
32.8564
32.8664
32.8764
32.8863
32.8963
32.9063
32.9163
32.9263
32.9362
32.9462
32.9562
32.9662
32.9761
32.9861
32.9961
33.0061
33.0161
33.026
33.036
33.046
33.056
33.0659
33.0759
33.0859
33.0959
33.1059
33.1158
33.1258
33.1358
33.1458
33.1557
33.1657
33.1757
33.1857
33.1957
33.2056
33.2156
33.2256
33.2356
33.2455
33.2555
33.2655
33.2755
33.2855
33.2954
33.3054
33.3154
33.3254
33.3353
33.3453
33.3553
33.3653
33.3753
33.3852
33.3952
33.4052
33.4152
33.4251
33.4351
33.4451
33.4551
33.4651
33.475
33.485
33.495
33.505
33.5149
33.5249
33.5349
33.5449
33.5548
33.5648
33.5748
33.5848
33.5948
33.6047
33.6147
33.6247
33.6347
33.6446
33.6546
33.6646
33.6746
33.6846
33.6945
33.7045
33.7145
33.7245
33.7344
33.7444
33.7544
33.7644
33.7744
33.7843
33.7943
33.8043
33.8143
33.8242
33.8342
33.8442
33.8542
33.8642
33.8741
33.8841
33.8941
33.9041
33.914
33.924
33.934
33.944
33.954
33.9639
33.9739
33.9839
33.9939
34.0038
34.0138
34.0238
34.0338
34.0438
34.0537
34.0637
34.0737
34.0837
34.0936
34.1036
34.1136
34.1236
34.1336
34.1435
34.1535
34.1635
34.1735
34.1834
34.1934
34.2034
34.2134
34.2234
34.2333
34.2433
34.2533
34.2633
34.2732
34.2832
34.2932
34.3032
34.3132
34.3231
34.3331
34.3431
34.3531
34.363
34.373
34.383
34.393
34.4029
34.4129
34.4229
34.4329
34.4429
34.4528
34.4628
34.4728
34.4828
34.4927
34.5027
34.5127
34.5227
34.5327
34.5426
34.5526
34.5626
34.5726
34.5825
34.5925
34.6025
34.6125
34.6225
34.6324
34.6424
34.6524
34.6624
34.6723
34.6823
34.6923
34.7023
34.7123
34.7222
34.7322
34.7422
34.7522
34.7621
34.7721
34.7821
34.7921
34.8021
34.812
34.822
34.832
34.842
34.8519
34.8619
34.8719
34.8819
34.8919
34.9018
34.9118
34.9218
34.9318
34.9417
34.9517
34.9617
34.9717
34.9817
34.9916
35.0016
35.0116
35.0216
35.0315
35.0415
35.0515
35.0615
35.0715
35.0814
35.0914
35.1014
35.1114
35.1213
35.1313
35.1413
35.1513
35.1613
35.1712
35.1812
35.1912
35.2012
35.2111
35.2211
35.2311
35.2411
35.2511
35.261
35.271
35.281
35.291
35.3009
35.3109
35.3209
35.3309
35.3408
35.3508
35.3608
35.3708
35.3808
35.3907
35.4007
35.4107
35.4207
35.4306
35.4406
35.4506
35.4606
35.4706
35.4805
35.4905
35.5005
35.5105
35.5204
35.5304
35.5404
35.5504
35.5604
35.5703
35.5803
35.5903
35.6003
35.6102
35.6202
35.6302
35.6402
35.6502
35.6601
35.6701
35.6801
35.6901
35.7
35.71
35.72
35.73
35.74
35.7499
35.7599
35.7699
35.7799
35.7898
35.7998
35.8098
35.8198
35.8298
35.8397
35.8497
35.8597
35.8697
35.8796
35.8896
35.8996
35.9096
35.9196
35.9295
35.9395
35.9495
35.9595
35.9694
35.9794
35.9894
35.9994
36.0094
36.0193
36.0293
36.0393
36.0493
36.0592
36.0692
36.0792
36.0892
36.0992
36.1091
36.1191
36.1291
36.1391
36.149
36.159
36.169
36.179
36.1889
36.1989
36.2089
36.2189
36.2289
36.2388
36.2488
36.2588
36.2688
36.2787
36.2887
36.2987
36.3087
36.3187
36.3286
36.3386
36.3486
36.3586
36.3685
36.3785
36.3885
36.3985
36.4085
36.4184
36.4284
36.4384
36.4484
36.4583
36.4683
36.4783
36.4883
36.4983
36.5082
36.5182
36.5282
36.5382
36.5481
36.5581
36.5681
36.5781
36.5881
36.598
36.608
36.618
36.628
36.6379
36.6479
36.6579
36.6679
36.6779
36.6878
36.6978
36.7078
36.7178
36.7277
36.7377
36.7477
36.7577
36.7677
36.7776
36.7876
36.7976
36.8076
36.8175
36.8275
36.8375
36.8475
36.8575
36.8674
36.8774
36.8874
36.8974
36.9073
36.9173
36.9273
36.9373
36.9473
36.9572
36.9672
36.9772
36.9872
36.9971
37.0071
37.0171
37.0271
37.0371
37.047
37.057
37.067
37.077
37.0869
37.0969
37.1069
37.1169
37.1268
37.1368
37.1468
37.1568
37.1668
37.1767
37.1867
37.1967
37.2067
37.2166
37.2266
37.2366
37.2466
37.2566
37.2665
37.2765
37.2865
37.2965
37.3064
37.3164
37.3264
37.3364
37.3464
37.3563
37.3663
37.3763
37.3863
37.3962
37.4062
37.4162
37.4262
37.4362
37.4461
37.4561
37.4661
37.4761
37.486
37.496
37.506
37.516
37.526
37.5359
37.5459
37.5559
37.5659
37.5758
37.5858
37.5958
37.6058
37.6158
37.6257
37.6357
37.6457
37.6557
37.6656
37.6756
37.6856
37.6956
37.7056
37.7155
37.7255
37.7355
37.7455
37.7554
37.7654
37.7754
37.7854
37.7954
37.8053
37.8153
37.8253
37.8353
37.8452
37.8552
37.8652
37.8752
37.8852
37.8951
37.9051
37.9151
37.9251
37.935
37.945
37.955
37.965
37.9749
37.9849
37.9949
38.0049
38.0149
38.0248
38.0348
38.0448
38.0548
38.0647
38.0747
38.0847
38.0947
38.1047
38.1146
38.1246
38.1346
38.1446
38.1545
38.1645
38.1745
38.1845
38.1945
38.2044
38.2144
38.2244
38.2344
38.2443
38.2543
38.2643
38.2743
38.2843
38.2942
38.3042
38.3142
38.3242
38.3341
38.3441
38.3541
38.3641
38.3741
38.384
38.394
38.404
38.414
38.4239
38.4339
38.4439
38.4539
38.4639
38.4738
38.4838
38.4938
38.5038
38.5137
38.5237
38.5337
38.5437
38.5537
38.5636
38.5736
38.5836
38.5936
38.6035
38.6135
38.6235
38.6335
38.6435
38.6534
38.6634
38.6734
38.6834
38.6933
38.7033
38.7133
38.7233
38.7333
38.7432
38.7532
38.7632
38.7732
38.7831
38.7931
38.8031
38.8131
38.823
38.833
38.843
38.853
38.863
38.8729
38.8829
38.8929
38.9029
38.9128
38.9228
38.9328
38.9428
38.9528
38.9627
38.9727
38.9827
38.9927
39.0026
39.0126
39.0226
39.0326
39.0426
39.0525
39.0625
39.0725
39.0825
39.0924
39.1024
39.1124
39.1224
39.1324
39.1423
39.1523
39.1623
39.1723
39.1822
39.1922
39.2022
39.2122
39.2222
39.2321
39.2421
39.2521
39.2621
39.272
39.282
39.292
39.302
39.312
39.3219
39.3319
39.3419
39.3519
39.3618
39.3718
39.3818
39.3918
39.4018
39.4117
39.4217
39.4317
39.4417
39.4516
39.4616
39.4716
39.4816
39.4916
39.5015
39.5115
39.5215
39.5315
39.5414
39.5514
39.5614
39.5714
39.5814
39.5913
39.6013
39.6113
39.6213
39.6312
39.6412
39.6512
39.6612
39.6712
39.6811
39.6911
39.7011
39.7111
39.721
39.731
39.741
39.751
39.7609
39.7709
39.7809
39.7909
39.8009
39.8108
39.8208
39.8308
39.8408
39.8507
39.8607
39.8707
39.8807
39.8907
39.9006
39.9106
39.9206
39.9306
39.9405
39.9505
39.9605
39.9705
39.9805
39.9904
40.0004
40.0104
40.0204
40.0303
40.0403
40.0503
40.0603
40.0703
40.0802
40.0902
40.1002
40.1102
40.1201
40.1301
40.1401
40.1501
40.1601
40.17
40.18
40.19
40.2
40.2099
40.2199
40.2299
40.2399
40.2499
40.2598
40.2698
40.2798
40.2898
40.2997
40.3097
40.3197
40.3297
40.3397
40.3496
40.3596
40.3696
40.3796
40.3895
40.3995
40.4095
40.4195
40.4295
40.4394
40.4494
40.4594
40.4694
40.4793
40.4893
40.4993
40.5093
40.5193
40.5292
40.5392
40.5492
40.5592
40.5691
40.5791
40.5891
40.5991
40.609
40.619
40.629
40.639
40.649
40.6589
40.6689
40.6789
40.6889
40.6988
40.7088
40.7188
40.7288
40.7388
40.7487
40.7587
40.7687
40.7787
40.7886
40.7986
40.8086
40.8186
40.8286
40.8385
40.8485
40.8585
40.8685
40.8784
40.8884
40.8984
40.9084
40.9184
40.9283
40.9383
40.9483
40.9583
40.9682
40.9782
40.9882
40.9982
41.0082
41.0181
41.0281
41.0381
41.0481
41.058
41.068
41.078
41.088
41.098
41.1079
41.1179
41.1279
41.1379
41.1478
41.1578
41.1678
41.1778
41.1878
41.1977
41.2077
41.2177
41.2277
41.2376
41.2476
41.2576
41.2676
41.2776
41.2875
41.2975
41.3075
41.3175
41.3274
41.3374
41.3474
41.3574
41.3674
41.3773
41.3873
41.3973
41.4073
41.4172
41.4272
41.4372
41.4472
41.4572
41.4671
41.4771
41.4871
41.4971
41.507
41.517
41.527
41.537
41.5469
41.5569
41.5669
41.5769
41.5869
41.5968
41.6068
41.6168
41.6268
41.6367
41.6467
41.6567
41.6667
41.6767
41.6866
41.6966
41.7066
41.7166
41.7265
41.7365
41.7465
41.7565
41.7665
41.7764
41.7864
41.7964
41.8064
41.8163
41.8263
41.8363
41.8463
41.8563
41.8662
41.8762
41.8862
41.8962
41.9061
41.9161
41.9261
41.9361
41.9461
41.956
41.966
41.976
41.986
41.9959
42.0059
42.0159
42.0259
42.0359
42.0458
42.0558
42.0658
42.0758
42.0857
42.0957
42.1057
42.1157
42.1257
42.1356
42.1456
42.1556
42.1656
42.1755
42.1855
42.1955
42.2055
42.2155
42.2254
42.2354
42.2454
42.2554
42.2653
42.2753
42.2853
42.2953
42.3053
42.3152
42.3252
42.3352
42.3452
42.3551
42.3651
42.3751
42.3851
42.395
42.405
42.415
42.425
42.435
42.4449
42.4549
42.4649
42.4749
42.4848
42.4948
42.5048
42.5148
42.5248
42.5347
42.5447
42.5547
42.5647
42.5746
42.5846
42.5946
42.6046
42.6146
42.6245
42.6345
42.6445
42.6545
42.6644
42.6744
42.6844
42.6944
42.7044
42.7143
42.7243
42.7343
42.7443
42.7542
42.7642
42.7742
42.7842
42.7942
42.8041
42.8141
42.8241
42.8341
42.844
42.854
42.864
42.874
42.884
42.8939
42.9039
42.9139
42.9239
42.9338
42.9438
42.9538
42.9638
42.9738
42.9837
42.9937
43.0037
43.0137
43.0236
43.0336
43.0436
43.0536
43.0636
43.0735
43.0835
43.0935
43.1035
43.1134
43.1234
43.1334
43.1434
43.1534
43.1633
43.1733
43.1833
43.1933
43.2032
43.2132
43.2232
43.2332
43.2432
43.2531
43.2631
43.2731
43.2831
43.293
43.303
43.313
43.323
43.3329
43.3429
43.3529
43.3629
43.3729
43.3828
43.3928
43.4028
43.4128
43.4227
43.4327
43.4427
43.4527
43.4627
43.4726
43.4826
43.4926
43.5026
43.5125
43.5225
43.5325
43.5425
43.5525
43.5624
43.5724
43.5824
43.5924
43.6023
43.6123
43.6223
43.6323
43.6423
43.6522
43.6622
43.6722
43.6822
43.6921
43.7021
43.7121
43.7221
43.7321
43.742
43.752
43.762
43.772
43.7819
43.7919
43.8019
43.8119
43.8219
43.8318
43.8418
43.8518
43.8618
43.8717
43.8817
43.8917
43.9017
43.9117
43.9216
43.9316
43.9416
43.9516
43.9615
43.9715
43.9815
43.9915
44.0015
44.0114
44.0214
44.0314
44.0414
44.0513
44.0613
44.0713
44.0813
44.0913
44.1012
44.1112
44.1212
44.1312
44.1411
44.1511
44.1611
44.1711
44.181
44.191
44.201
44.211
44.221
44.2309
44.2409
44.2509
44.2609
44.2708
44.2808
44.2908
44.3008
44.3108
44.3207
44.3307
44.3407
44.3507
44.3606
44.3706
44.3806
44.3906
44.4006
44.4105
44.4205
44.4305
44.4405
44.4504
44.4604
44.4704
44.4804
44.4904
44.5003
44.5103
44.5203
44.5303
44.5402
44.5502
44.5602
44.5702
44.5802
44.5901
44.6001
44.6101
44.6201
44.63
44.64
44.65
44.66
44.67
44.6799
44.6899
44.6999
44.7099
44.7198
44.7298
44.7398
44.7498
44.7598
44.7697
44.7797
44.7897
44.7997
44.8096
44.8196
44.8296
44.8396
44.8496
44.8595
44.8695
44.8795
44.8895
44.8994
44.9094
44.9194
44.9294
44.9394
44.9493
44.9593
44.9693
44.9793
44.9892
44.9992
45.0092
45.0192
45.0292
45.0391
45.0491
45.0591
45.0691
45.079
45.089
45.099
45.109
45.1189
45.1289
45.1389
45.1489
45.1589
45.1688
45.1788
45.1888
45.1988
45.2087
45.2187
45.2287
45.2387
45.2487
45.2586
45.2686
45.2786
45.2886
45.2985
45.3085
45.3185
45.3285
45.3385
45.3484
45.3584
45.3684
45.3784
45.3883
45.3983
45.4083
45.4183
45.4283
45.4382
45.4482
45.4582
45.4682
45.4781
45.4881
45.4981
45.5081
45.5181
45.528
45.538
45.548
45.558
45.5679
45.5779
45.5879
45.5979
45.6079
45.6178
45.6278
45.6378
45.6478
45.6577
45.6677
45.6777
45.6877
45.6977
45.7076
45.7176
45.7276
45.7376
45.7475
45.7575
45.7675
45.7775
45.7875
45.7974
45.8074
45.8174
45.8274
45.8373
45.8473
45.8573
45.8673
45.8773
45.8872
45.8972
45.9072
45.9172
45.9271
45.9371
45.9471
45.9571
45.967
45.977
45.987
45.997
46.007
46.0169
46.0269
46.0369
46.0469
46.0568
46.0668
46.0768
46.0868
46.0968
46.1067
46.1167
46.1267
46.1367
46.1466
46.1566
46.1666
46.1766
46.1866
46.1965
46.2065
46.2165
46.2265
46.2364
46.2464
46.2564
46.2664
46.2764
46.2863
46.2963
46.3063
46.3163
46.3262
46.3362
46.3462
46.3562
46.3662
46.3761
46.3861
46.3961
46.4061
46.416
46.426
46.436
46.446
46.456
46.4659
46.4759
46.4859
46.4959
46.5058
46.5158
46.5258
46.5358
46.5458
46.5557
46.5657
46.5757
46.5857
46.5956
46.6056
46.6156
46.6256
46.6356
46.6455
46.6555
46.6655
46.6755
46.6854
46.6954
46.7054
46.7154
46.7254
46.7353
46.7453
46.7553
46.7653
46.7752
46.7852
46.7952
46.8052
46.8152
46.8251
46.8351
46.8451
46.8551
46.865
46.875
46.885
46.895
46.9049
46.9149
46.9249
46.9349
46.9449
46.9548
46.9648
46.9748
46.9848
46.9947
47.0047
47.0147
47.0247
47.0347
47.0446
47.0546
47.0646
47.0746
47.0845
47.0945
47.1045
47.1145
47.1245
47.1344
47.1444
47.1544
47.1644
47.1743
47.1843
47.1943
47.2043
47.2143
47.2242
47.2342
47.2442
47.2542
47.2641
47.2741
47.2841
47.2941
47.3041
47.314
47.324
47.334
47.344
47.3539
47.3639
47.3739
47.3839
47.3939
47.4038
47.4138
47.4238
47.4338
47.4437
47.4537
47.4637
47.4737
47.4837
47.4936
47.5036
47.5136
47.5236
47.5335
47.5435
47.5535
47.5635
47.5735
47.5834
47.5934
47.6034
47.6134
47.6233
47.6333
47.6433
47.6533
47.6633
47.6732
47.6832
47.6932
47.7032
47.7131
47.7231
47.7331
47.7431
47.753
47.763
47.773
47.783
47.793
47.8029
47.8129
47.8229
47.8329
47.8428
47.8528
47.8628
47.8728
47.8828
47.8927
47.9027
47.9127
47.9227
47.9326
47.9426
47.9526
47.9626
47.9726
47.9825
47.9925
48.0025
48.0125
48.0224
48.0324
48.0424
48.0524
48.0624
48.0723
48.0823
48.0923
48.1023
48.1122
48.1222
48.1322
48.1422
48.1522
48.1621
48.1721
48.1821
48.1921
48.202
48.212
48.222
48.232
48.242
48.2519
48.2619
48.2719
48.2819
48.2918
48.3018
48.3118
48.3218
48.3318
48.3417
48.3517
48.3617
48.3717
48.3816
48.3916
48.4016
48.4116
48.4216
48.4315
48.4415
48.4515
48.4615
48.4714
48.4814
48.4914
48.5014
48.5114
48.5213
48.5313
48.5413
48.5513
48.5612
48.5712
48.5812
48.5912
48.6012
48.6111
48.6211
48.6311
48.6411
48.651
48.661
48.671
48.681
48.6909
48.7009
48.7109
48.7209
48.7309
48.7408
48.7508
48.7608
48.7708
48.7807
48.7907
48.8007
48.8107
48.8207
48.8306
48.8406
48.8506
48.8606
48.8705
48.8805
48.8905
48.9005
48.9105
48.9204
48.9304
48.9404
48.9504
48.9603
48.9703
48.9803
48.9903
49.0003
49.0102
49.0202
49.0302
49.0402
49.0501
49.0601
49.0701
49.0801
49.0901
49.1
49.11
49.12
49.13
49.1399
49.1499
49.1599
49.1699
49.1799
49.1898
49.1998
49.2098
49.2198
49.2297
49.2397
49.2497
49.2597
49.2697
49.2796
49.2896
49.2996
49.3096
49.3195
49.3295
49.3395
49.3495
49.3595
49.3694
49.3794
49.3894
49.3994
49.4093
49.4193
49.4293
49.4393
49.4493
49.4592
49.4692
49.4792
49.4892
49.4991
49.5091
49.5191
49.5291
49.539
49.549
49.559
49.569
49.579
49.5889
49.5989
49.6089
49.6189
49.6288
49.6388
49.6488
49.6588
49.6688
49.6787
49.6887
49.6987
49.7087
49.7186
49.7286
49.7386
49.7486
49.7586
49.7685
49.7785
49.7885
49.7985
49.8084
49.8184
49.8284
49.8384
49.8484
49.8583
49.8683
49.8783
49.8883
49.8982
49.9082
49.9182
49.9282
49.9382
49.9481
49.9581
49.9681
49.9781
49.988
49.998
50.008
50.018
50.028
50.0379
50.0479
50.0579
50.0679
50.0778
50.0878
50.0978
50.1078
50.1178
50.1277
50.1377
50.1477
50.1577
50.1676
50.1776
50.1876
50.1976
50.2076
50.2175
50.2275
50.2375
50.2475
50.2574
50.2674
50.2774
50.2874
50.2974
50.3073
50.3173
50.3273
50.3373
50.3472
50.3572
50.3672
50.3772
50.3872
50.3971
50.4071
50.4171
50.4271
50.437
50.447
50.457
50.467
50.4769
50.4869
50.4969
50.5069
50.5169
50.5268
50.5368
50.5468
50.5568
50.5667
50.5767
50.5867
50.5967
50.6067
50.6166
50.6266
50.6366
50.6466
50.6565
50.6665
50.6765
50.6865
50.6965
50.7064
50.7164
50.7264
50.7364
50.7463
50.7563
50.7663
50.7763
50.7863
50.7962
50.8062
50.8162
50.8262
50.8361
50.8461
50.8561
50.8661
50.8761
50.886
50.896
50.906
50.916
50.9259
50.9359
50.9459
50.9559
50.9659
50.9758
50.9858
50.9958
51.0058
51.0157
51.0257
51.0357
51.0457
51.0557
51.0656
51.0756
51.0856
51.0956
51.1055
51.1155
51.1255
51.1355
51.1455
51.1554
51.1654
51.1754
51.1854
51.1953
51.2053
51.2153
51.2253
51.2353
51.2452
51.2552
51.2652
51.2752
51.2851
51.2951
51.3051
51.3151
51.325
51.335
51.345
51.355
51.365
51.3749
51.3849
51.3949
51.4049
51.4148
51.4248
51.4348
51.4448
51.4548
51.4647
51.4747
51.4847
51.4947
51.5046
51.5146
51.5246
51.5346
51.5446
51.5545
51.5645
51.5745
51.5845
51.5944
51.6044
51.6144
51.6244
51.6344
51.6443
51.6543
51.6643
51.6743
51.6842
51.6942
51.7042
51.7142
51.7242
51.7341
51.7441
51.7541
51.7641
51.774
51.784
51.794
51.804
51.814
51.8239
51.8339
51.8439
51.8539
51.8638
51.8738
51.8838
51.8938
51.9038
51.9137
51.9237
51.9337
51.9437
51.9536
51.9636
51.9736
51.9836
51.9936
52.0035
52.0135
52.0235
52.0335
52.0434
52.0534
52.0634
52.0734
52.0834
52.0933
52.1033
52.1133
52.1233
52.1332
52.1432
52.1532
52.1632
52.1732
52.1831
52.1931
52.2031
52.2131
52.223
52.233
52.243
52.253
52.2629
52.2729
52.2829
52.2929
52.3029
52.3128
52.3228
52.3328
52.3428
52.3527
52.3627
52.3727
52.3827
52.3927
52.4026
52.4126
52.4226
52.4326
52.4425
52.4525
52.4625
52.4725
52.4825
52.4924
52.5024
52.5124
52.5224
52.5323
52.5423
52.5523
52.5623
52.5723
52.5822
52.5922
52.6022
52.6122
52.6221
52.6321
52.6421
52.6521
52.6621
52.672
52.682
52.692
52.702
52.7119
52.7219
52.7319
52.7419
52.7519
52.7618
52.7718
52.7818
52.7918
52.8017
52.8117
52.8217
52.8317
52.8417
52.8516
52.8616
52.8716
52.8816
52.8915
52.9015
52.9115
52.9215
52.9315
52.9414
52.9514
52.9614
52.9714
52.9813
52.9913
53.0013
53.0113
53.0213
53.0312
53.0412
53.0512
53.0612
53.0711
53.0811
53.0911
53.1011
53.111
53.121
53.131
53.141
53.151
53.1609
53.1709
53.1809
53.1909
53.2008
53.2108
53.2208
53.2308
53.2408
53.2507
53.2607
53.2707
53.2807
53.2906
53.3006
53.3106
53.3206
53.3306
53.3405
53.3505
53.3605
53.3705
53.3804
53.3904
53.4004
53.4104
53.4204
53.4303
53.4403
53.4503
53.4603
53.4702
53.4802
53.4902
53.5002
53.5102
53.5201
53.5301
53.5401
53.5501
53.56
53.57
53.58
53.59
53.6
53.6099
53.6199
53.6299
53.6399
53.6498
53.6598
53.6698
53.6798
53.6898
53.6997
53.7097
53.7197
53.7297
53.7396
53.7496
53.7596
53.7696
53.7796
53.7895
53.7995
53.8095
53.8195
53.8294
53.8394
53.8494
53.8594
53.8694
53.8793
53.8893
53.8993
53.9093
53.9192
53.9292
53.9392
53.9492
53.9592
53.9691
53.9791
53.9891
53.9991
54.009
54.019
54.029
54.039
54.0489
54.0589
54.0689
54.0789
54.0889
54.0988
54.1088
54.1188
54.1288
54.1387
54.1487
54.1587
54.1687
54.1787
54.1886
54.1986
54.2086
54.2186
54.2285
54.2385
54.2485
54.2585
54.2685
54.2784
54.2884
54.2984
54.3084
54.3183
54.3283
54.3383
54.3483
54.3583
54.3682
54.3782
54.3882
54.3982
54.4081
54.4181
54.4281
54.4381
54.4481
54.458
54.468
54.478
54.488
54.4979
54.5079
54.5179
54.5279
54.5379
54.5478
54.5578
54.5678
54.5778
54.5877
54.5977
54.6077
54.6177
54.6277
54.6376
54.6476
54.6576
54.6676
54.6775
54.6875
54.6975
54.7075
54.7175
54.7274
54.7374
54.7474
54.7574
54.7673
54.7773
54.7873
54.7973
54.8073
54.8172
54.8272
54.8372
54.8472
54.8571
54.8671
54.8771
54.8871
54.897
54.907
54.917
54.927
54.937
54.9469
54.9569
54.9669
54.9769
54.9868
54.9968
55.0068
55.0168
55.0268
55.0367
55.0467
55.0567
55.0667
55.0766
55.0866
55.0966
55.1066
55.1166
55.1265
55.1365
55.1465
55.1565
55.1664
55.1764
55.1864
55.1964
55.2064
55.2163
55.2263
55.2363
55.2463
55.2562
55.2662
55.2762
55.2862
55.2962
55.3061
55.3161
55.3261
55.3361
55.346
55.356
55.366
55.376
55.386
55.3959
55.4059
55.4159
55.4259
55.4358
55.4458
55.4558
55.4658
55.4758
55.4857
55.4957
55.5057
55.5157
55.5256
55.5356
55.5456
55.5556
55.5656
55.5755
55.5855
55.5955
55.6055
55.6154
55.6254
55.6354
55.6454
55.6554
55.6653
55.6753
55.6853
55.6953
55.7052
55.7152
55.7252
55.7352
55.7452
55.7551
55.7651
55.7751
55.7851
55.795
55.805
55.815
55.825
55.8349
55.8449
55.8549
55.8649
55.8749
55.8848
55.8948
55.9048
55.9148
55.9247
55.9347
55.9447
55.9547
55.9647
55.9746
55.9846
55.9946
56.0046
56.0145
56.0245
56.0345
56.0445
56.0545
56.0644
56.0744
56.0844
56.0944
56.1043
56.1143
56.1243
56.1343
56.1443
56.1542
56.1642
56.1742
56.1842
56.1941
56.2041
56.2141
56.2241
56.2341
56.244
56.254
56.264
56.274
56.2839
56.2939
56.3039
56.3139
56.3239
56.3338
56.3438
56.3538
56.3638
56.3737
56.3837
56.3937
56.4037
56.4137
56.4236
56.4336
56.4436
56.4536
56.4635
56.4735
56.4835
56.4935
56.5035
56.5134
56.5234
56.5334
56.5434
56.5533
56.5633
56.5733
56.5833
56.5933
56.6032
56.6132
56.6232
56.6332
56.6431
56.6531
56.6631
56.6731
56.683
56.693
56.703
56.713
56.723
56.7329
56.7429
56.7529
56.7629
56.7728
56.7828
56.7928
56.8028
56.8128
56.8227
56.8327
56.8427
56.8527
56.8626
56.8726
56.8826
56.8926
56.9026
56.9125
56.9225
56.9325
56.9425
56.9524
56.9624
56.9724
56.9824
56.9924
57.0023
57.0123
57.0223
57.0323
57.0422
57.0522
57.0622
57.0722
57.0822
57.0921
57.1021
57.1121
57.1221
57.132
57.142
57.152
57.162
57.172
57.1819
57.1919
57.2019
57.2119
57.2218
57.2318
57.2418
57.2518
57.2618
57.2717
57.2817
57.2917
57.3017
57.3116
57.3216
57.3316
57.3416
57.3516
57.3615
57.3715
57.3815
57.3915
57.4014
57.4114
57.4214
57.4314
57.4414
57.4513
57.4613
57.4713
57.4813
57.4912
57.5012
57.5112
57.5212
57.5312
57.5411
57.5511
57.5611
57.5711
57.581
57.591
57.601
57.611
57.6209
57.6309
57.6409
57.6509
57.6609
57.6708
57.6808
57.6908
57.7008
57.7107
57.7207
57.7307
57.7407
57.7507
57.7606
57.7706
57.7806
57.7906
57.8005
57.8105
57.8205
57.8305
57.8405
57.8504
57.8604
57.8704
57.8804
57.8903
57.9003
57.9103
57.9203
57.9303
57.9402
57.9502
57.9602
57.9702
57.9801
57.9901
58.0001
58.0101
58.0201
58.03
58.04
58.05
58.06
58.0699
58.0799
58.0899
58.0999
58.1099
58.1198
58.1298
58.1398
58.1498
58.1597
58.1697
58.1797
58.1897
58.1997
58.2096
58.2196
58.2296
58.2396
58.2495
58.2595
58.2695
58.2795
58.2895
58.2994
58.3094
58.3194
58.3294
58.3393
58.3493
58.3593
58.3693
58.3793
58.3892
58.3992
58.4092
58.4192
58.4291
58.4391
58.4491
58.4591
58.469
58.479
58.489
58.499
58.509
58.5189
58.5289
58.5389
58.5489
58.5588
58.5688
58.5788
58.5888
58.5988
58.6087
58.6187
58.6287
58.6387
58.6486
58.6586
58.6686
58.6786
58.6886
58.6985
58.7085
58.7185
58.7285
58.7384
58.7484
58.7584
58.7684
58.7784
58.7883
58.7983
58.8083
58.8183
58.8282
58.8382
58.8482
58.8582
58.8682
58.8781
58.8881
58.8981
58.9081
58.918
58.928
58.938
58.948
58.958
58.9679
58.9779
58.9879
58.9979
59.0078
59.0178
59.0278
59.0378
59.0478
59.0577
59.0677
59.0777
59.0877
59.0976
59.1076
59.1176
59.1276
59.1376
59.1475
59.1575
59.1675
59.1775
59.1874
59.1974
59.2074
59.2174
59.2274
59.2373
59.2473
59.2573
59.2673
59.2772
59.2872
59.2972
59.3072
59.3172
59.3271
59.3371
59.3471
59.3571
59.367
59.377
59.387
59.397
59.4069
59.4169
59.4269
59.4369
59.4469
59.4568
59.4668
59.4768
59.4868
59.4967
59.5067
59.5167
59.5267
59.5367
59.5466
59.5566
59.5666
59.5766
59.5865
59.5965
59.6065
59.6165
59.6265
59.6364
59.6464
59.6564
59.6664
59.6763
59.6863
59.6963
59.7063
59.7163
59.7262
59.7362
59.7462
59.7562
59.7661
59.7761
59.7861
59.7961
59.8061
59.816
59.826
59.836
59.846
59.8559
59.8659
59.8759
59.8859
59.8959
59.9058
59.9158
59.9258
59.9358
59.9457
59.9557
59.9657
59.9757
59.9857
59.9956
60.0056
60.0156
60.0256
60.0355
60.0455
60.0555
60.0655
60.0755
60.0854
60.0954
60.1054
60.1154
60.1253
60.1353
60.1453
60.1553
60.1653
60.1752
60.1852
60.1952
60.2052
60.2151
60.2251
60.2351
60.2451
60.255
60.265
60.275
60.285
60.295
60.3049
60.3149
60.3249
60.3349
60.3448
60.3548
60.3648
60.3748
60.3848
60.3947
60.4047
60.4147
60.4247
60.4346
60.4446
60.4546
60.4646
60.4746
60.4845
60.4945
60.5045
60.5145
60.5244
60.5344
60.5444
60.5544
60.5644
60.5743
60.5843
60.5943
60.6043
60.6142
60.6242
60.6342
60.6442
60.6542
60.6641
60.6741
60.6841
60.6941
60.704
60.714
60.724
60.734
60.744
60.7539
60.7639
60.7739
60.7839
60.7938
60.8038
60.8138
60.8238
60.8338
60.8437
60.8537
60.8637
60.8737
60.8836
60.8936
60.9036
60.9136
60.9236
60.9335
60.9435
60.9535
60.9635
60.9734
60.9834
60.9934
61.0034
61.0134
61.0233
61.0333
61.0433
61.0533
61.0632
61.0732
61.0832
61.0932
61.1032
61.1131
61.1231
61.1331
61.1431
61.153
61.163
61.173
61.183
61.1929
61.2029
61.2129
61.2229
61.2329
61.2428
61.2528
61.2628
61.2728
61.2827
61.2927
61.3027
61.3127
61.3227
61.3326
61.3426
61.3526
61.3626
61.3725
61.3825
61.3925
61.4025
61.4125
61.4224
61.4324
61.4424
61.4524
61.4623
61.4723
61.4823
61.4923
61.5023
61.5122
61.5222
61.5322
61.5422
61.5521
61.5621
61.5721
61.5821
61.5921
61.602
61.612
61.622
61.632
61.6419
61.6519
61.6619
61.6719
61.6819
61.6918
61.7018
61.7118
61.7218
61.7317
61.7417
61.7517
61.7617
61.7717
61.7816
61.7916
61.8016
61.8116
61.8215
61.8315
61.8415
61.8515
61.8615
61.8714
61.8814
61.8914
61.9014
61.9113
61.9213
61.9313
61.9413
61.9513
61.9612
61.9712
61.9812
61.9912
62.0011
62.0111
62.0211
62.0311
62.041
62.051
62.061
62.071
62.081
62.0909
62.1009
62.1109
62.1209
62.1308
62.1408
62.1508
62.1608
62.1708
62.1807
62.1907
62.2007
62.2107
62.2206
62.2306
62.2406
62.2506
62.2606
62.2705
62.2805
62.2905
62.3005
62.3104
62.3204
62.3304
62.3404
62.3504
62.3603
62.3703
62.3803
62.3903
62.4002
62.4102
62.4202
62.4302
62.4402
62.4501
62.4601
62.4701
62.4801
62.49
62.5
62.51
62.52
62.53
62.5399
62.5499
62.5599
62.5699
62.5798
62.5898
62.5998
62.6098
62.6198
62.6297
62.6397
62.6497
62.6597
62.6696
62.6796
62.6896
62.6996
62.7096
62.7195
62.7295
62.7395
62.7495
62.7594
62.7694
62.7794
62.7894
62.7994
62.8093
62.8193
62.8293
62.8393
62.8492
62.8592
62.8692
62.8792
62.8892
62.8991
62.9091
62.9191
62.9291
62.939
62.949
62.959
62.969
62.9789
62.9889
62.9989
63.0089
63.0189
63.0288
63.0388
63.0488
63.0588
63.0687
63.0787
63.0887
63.0987
63.1087
63.1186
63.1286
63.1386
63.1486
63.1585
63.1685
63.1785
63.1885
63.1985
63.2084
63.2184
63.2284
63.2384
63.2483
63.2583
63.2683
63.2783
63.2883
63.2982
63.3082
63.3182
63.3282
63.3381
63.3481
63.3581
63.3681
63.3781
63.388
63.398
63.408
63.418
63.4279
63.4379
63.4479
63.4579
63.4679
63.4778
63.4878
63.4978
63.5078
63.5177
63.5277
63.5377
63.5477
63.5577
63.5676
63.5776
63.5876
63.5976
63.6075
63.6175
63.6275
63.6375
63.6475
63.6574
63.6674
63.6774
63.6874
63.6973
63.7073
63.7173
63.7273
63.7373
63.7472
63.7572
63.7672
63.7772
63.7871
63.7971
63.8071
63.8171
63.827
63.837
63.847
63.857
63.867
63.8769
63.8869
63.8969
63.9069
63.9168
63.9268
63.9368
63.9468
63.9568
63.9667
63.9767
63.9867
63.9967
64.0066
64.0166
64.0266
64.0366
64.0466
64.0565
64.0665
64.0765
64.0865
64.0964
64.1064
64.1164
64.1264
64.1364
64.1463
64.1563
64.1663
64.1763
64.1862
64.1962
64.2062
64.2162
64.2262
64.2361
64.2461
64.2561
64.2661
64.276
64.286
64.296
64.306
64.316
64.3259
64.3359
64.3459
64.3559
64.3658
64.3758
64.3858
64.3958
64.4058
64.4157
64.4257
64.4357
64.4457
64.4556
64.4656
64.4756
64.4856
64.4956
64.5055
64.5155
64.5255
64.5355
64.5454
64.5554
64.5654
64.5754
64.5854
64.5953
64.6053
64.6153
64.6253
64.6352
64.6452
64.6552
64.6652
64.6752
64.6851
64.6951
64.7051
64.7151
64.725
64.735
64.745
64.755
64.7649
64.7749
64.7849
64.7949
64.8049
64.8148
64.8248
64.8348
64.8448
64.8547
64.8647
64.8747
64.8847
64.8947
64.9046
64.9146
64.9246
64.9346
64.9445
64.9545
64.9645
64.9745
64.9845
64.9944
65.0044
65.0144
65.0244
65.0343
65.0443
65.0543
65.0643
65.0743
65.0842
65.0942
65.1042
65.1142
65.1241
65.1341
65.1441
65.1541
65.1641
65.174
65.184
65.194
65.204
65.2139
65.2239
65.2339
65.2439
65.2539
65.2638
65.2738
65.2838
65.2938
65.3037
65.3137
65.3237
65.3337
65.3437
65.3536
65.3636
65.3736
65.3836
65.3935
65.4035
65.4135
65.4235
65.4335
65.4434
65.4534
65.4634
65.4734
65.4833
65.4933
65.5033
65.5133
65.5233
65.5332
65.5432
65.5532
65.5632
65.5731
65.5831
65.5931
65.6031
65.613
65.623
65.633
65.643
65.653
65.6629
65.6729
65.6829
65.6929
65.7028
65.7128
65.7228
65.7328
65.7428
65.7527
65.7627
65.7727
65.7827
65.7926
65.8026
65.8126
65.8226
65.8326
65.8425
65.8525
65.8625
65.8725
65.8824
65.8924
65.9024
65.9124
65.9224
65.9323
65.9423
65.9523
65.9623
65.9722
65.9822
65.9922
66.0022
66.0122
66.0221
66.0321
66.0421
66.0521
66.062
66.072
66.082
66.092
66.102
66.1119
66.1219
66.1319
66.1419
66.1518
66.1618
66.1718
66.1818
66.1918
66.2017
66.2117
66.2217
66.2317
66.2416
66.2516
66.2616
66.2716
66.2816
66.2915
66.3015
66.3115
66.3215
66.3314
66.3414
66.3514
66.3614
66.3714
66.3813
66.3913
66.4013
66.4113
66.4212
66.4312
66.4412
66.4512
66.4612
66.4711
66.4811
66.4911
66.5011
66.511
66.521
66.531
66.541
66.5509
66.5609
66.5709
66.5809
66.5909
66.6008
66.6108
66.6208
66.6308
66.6407
66.6507
66.6607
66.6707
66.6807
66.6906
66.7006
66.7106
66.7206
66.7305
66.7405
66.7505
66.7605
66.7705
66.7804
66.7904
66.8004
66.8104
66.8203
66.8303
66.8403
66.8503
66.8603
66.8702
66.8802
66.8902
66.9002
66.9101
66.9201
66.9301
66.9401
66.9501
66.96
66.97
66.98
66.99
66.9999
67.0099
67.0199
67.0299
67.0399
67.0498
67.0598
67.0698
67.0798
67.0897
67.0997
67.1097
67.1197
67.1297
67.1396
67.1496
67.1596
67.1696
67.1795
67.1895
67.1995
67.2095
67.2195
67.2294
67.2394
67.2494
67.2594
67.2693
67.2793
67.2893
67.2993
67.3093
67.3192
67.3292
67.3392
67.3492
67.3591
67.3691
67.3791
67.3891
67.399
67.409
67.419
67.429
67.439
67.4489
67.4589
67.4689
67.4789
67.4888
67.4988
67.5088
67.5188
67.5288
67.5387
67.5487
67.5587
67.5687
67.5786
67.5886
67.5986
67.6086
67.6186
67.6285
67.6385
67.6485
67.6585
67.6684
67.6784
67.6884
67.6984
67.7084
67.7183
67.7283
67.7383
67.7483
67.7582
67.7682
67.7782
67.7882
67.7982
67.8081
67.8181
67.8281
67.8381
67.848
67.858
67.868
67.878
67.888
67.8979
67.9079
67.9179
67.9279
67.9378
67.9478
67.9578
67.9678
67.9778
67.9877
67.9977
68.0077
68.0177
68.0276
68.0376
68.0476
68.0576
68.0676
68.0775
68.0875
68.0975
68.1075
68.1174
68.1274
68.1374
68.1474
68.1574
68.1673
68.1773
68.1873
68.1973
68.2072
68.2172
68.2272
68.2372
68.2472
68.2571
68.2671
68.2771
68.2871
68.297
68.307
68.317
68.327
68.3369
68.3469
68.3569
68.3669
68.3769
68.3868
68.3968
68.4068
68.4168
68.4267
68.4367
68.4467
68.4567
68.4667
68.4766
68.4866
68.4966
68.5066
68.5165
68.5265
68.5365
68.5465
68.5565
68.5664
68.5764
68.5864
68.5964
68.6063
68.6163
68.6263
68.6363
68.6463
68.6562
68.6662
68.6762
68.6862
68.6961
68.7061
68.7161
68.7261
68.7361
68.746
68.756
68.766
68.776
68.7859
68.7959
68.8059
68.8159
68.8259
68.8358
68.8458
68.8558
68.8658
68.8757
68.8857
68.8957
68.9057
68.9157
68.9256
68.9356
68.9456
68.9556
68.9655
68.9755
68.9855
68.9955
69.0055
69.0154
69.0254
69.0354
69.0454
69.0553
69.0653
69.0753
69.0853
69.0953
69.1052
69.1152
69.1252
69.1352
69.1451
69.1551
69.1651
69.1751
69.185
69.195
69.205
69.215
69.225
69.2349
69.2449
69.2549
69.2649
69.2748
69.2848
69.2948
69.3048
69.3148
69.3247
69.3347
69.3447
69.3547
69.3646
69.3746
69.3846
69.3946
69.4046
69.4145
69.4245
69.4345
69.4445
69.4544
69.4644
69.4744
69.4844
69.4944
69.5043
69.5143
69.5243
69.5343
69.5442
69.5542
69.5642
69.5742
69.5842
69.5941
69.6041
69.6141
69.6241
69.634
69.644
69.654
69.664
69.674
69.6839
69.6939
69.7039
69.7139
69.7238
69.7338
69.7438
69.7538
69.7638
69.7737
69.7837
69.7937
69.8037
69.8136
69.8236
69.8336
69.8436
69.8536
69.8635
69.8735
69.8835
69.8935
69.9034
69.9134
69.9234
69.9334
69.9434
69.9533
69.9633
69.9733
69.9833
69.9932
70.0032
70.0132
70.0232
70.0332
70.0431
70.0531
70.0631
70.0731
70.083
70.093
70.103
70.113
70.1229
70.1329
70.1429
70.1529
70.1629
70.1728
70.1828
70.1928
70.2028
70.2127
70.2227
70.2327
70.2427
70.2527
70.2626
70.2726
70.2826
70.2926
70.3025
70.3125
70.3225
70.3325
70.3425
70.3524
70.3624
70.3724
70.3824
70.3923
70.4023
70.4123
70.4223
70.4323
70.4422
70.4522
70.4622
70.4722
70.4821
70.4921
70.5021
70.5121
70.5221
70.532
70.542
70.552
70.562
70.5719
70.5819
70.5919
70.6019
70.6119
70.6218
70.6318
70.6418
70.6518
70.6617
70.6717
70.6817
70.6917
70.7017
70.7116
70.7216
70.7316
70.7416
70.7515
70.7615
70.7715
70.7815
70.7915
70.8014
70.8114
70.8214
70.8314
70.8413
70.8513
70.8613
70.8713
70.8813
70.8912
70.9012
70.9112
70.9212
70.9311
70.9411
70.9511
70.9611
70.971
70.981
70.991
71.001
71.011
71.0209
71.0309
71.0409
71.0509
71.0608
71.0708
71.0808
71.0908
71.1008
71.1107
71.1207
71.1307
71.1407
71.1506
71.1606
71.1706
71.1806
71.1906
71.2005
71.2105
71.2205
71.2305
71.2404
71.2504
71.2604
71.2704
71.2804
71.2903
71.3003
71.3103
71.3203
71.3302
71.3402
71.3502
71.3602
71.3702
71.3801
71.3901
71.4001
71.4101
71.42
71.43
71.44
71.45
71.46
71.4699
71.4799
71.4899
71.4999
71.5098
71.5198
71.5298
71.5398
71.5498
71.5597
71.5697
71.5797
71.5897
71.5996
71.6096
71.6196
71.6296
71.6396
71.6495
71.6595
71.6695
71.6795
71.6894
71.6994
71.7094
71.7194
71.7294
71.7393
71.7493
71.7593
71.7693
71.7792
71.7892
71.7992
71.8092
71.8192
71.8291
71.8391
71.8491
71.8591
71.869
71.879
71.889
71.899
71.9089
71.9189
71.9289
71.9389
71.9489
71.9588
71.9688
71.9788
71.9888
71.9987
72.0087
72.0187
72.0287
72.0387
72.0486
72.0586
72.0686
72.0786
72.0885
72.0985
72.1085
72.1185
72.1285
72.1384
72.1484
72.1584
72.1684
72.1783
72.1883
72.1983
72.2083
72.2183
72.2282
72.2382
72.2482
72.2582
72.2681
72.2781
72.2881
72.2981
72.3081
72.318
72.328
72.338
72.348
72.3579
72.3679
72.3779
72.3879
72.3979
72.4078
72.4178
72.4278
72.4378
72.4477
72.4577
72.4677
72.4777
72.4877
72.4976
72.5076
72.5176
72.5276
72.5375
72.5475
72.5575
72.5675
72.5775
72.5874
72.5974
72.6074
72.6174
72.6273
72.6373
72.6473
72.6573
72.6673
72.6772
72.6872
72.6972
72.7072
72.7171
72.7271
72.7371
72.7471
72.757
72.767
72.777
72.787
72.797
72.8069
72.8169
72.8269
72.8369
72.8468
72.8568
72.8668
72.8768
72.8868
72.8967
72.9067
72.9167
72.9267
72.9366
72.9466
72.9566
72.9666
72.9766
72.9865
72.9965
73.0065
73.0165
73.0264
73.0364
73.0464
73.0564
73.0664
73.0763
73.0863
73.0963
73.1063
73.1162
73.1262
73.1362
73.1462
73.1562
73.1661
73.1761
73.1861
73.1961
73.206
73.216
73.226
73.236
73.246
73.2559
73.2659
73.2759
73.2859
73.2958
73.3058
73.3158
73.3258
73.3358
73.3457
73.3557
73.3657
73.3757
73.3856
73.3956
73.4056
73.4156
73.4256
73.4355
73.4455
73.4555
73.4655
73.4754
73.4854
73.4954
73.5054
73.5154
73.5253
73.5353
73.5453
73.5553
73.5652
73.5752
73.5852
73.5952
73.6052
73.6151
73.6251
73.6351
73.6451
73.655
73.665
73.675
73.685
73.6949
73.7049
73.7149
73.7249
73.7349
73.7448
73.7548
73.7648
73.7748
73.7847
73.7947
73.8047
73.8147
73.8247
73.8346
73.8446
73.8546
73.8646
73.8745
73.8845
73.8945
73.9045
73.9145
73.9244
73.9344
73.9444
73.9544
73.9643
73.9743
73.9843
73.9943
74.0043
74.0142
74.0242
74.0342
74.0442
74.0541
74.0641
74.0741
74.0841
74.0941
74.104
74.114
74.124
74.134
74.1439
74.1539
74.1639
74.1739
74.1839
74.1938
74.2038
74.2138
74.2238
74.2337
74.2437
74.2537
74.2637
74.2737
74.2836
74.2936
74.3036
74.3136
74.3235
74.3335
74.3435
74.3535
74.3635
74.3734
74.3834
74.3934
74.4034
74.4133
74.4233
74.4333
74.4433
74.4533
74.4632
74.4732
74.4832
74.4932
74.5031
74.5131
74.5231
74.5331
74.543
74.553
74.563
74.573
74.583
74.5929
74.6029
74.6129
74.6229
74.6328
74.6428
74.6528
74.6628
74.6728
74.6827
74.6927
74.7027
74.7127
74.7226
74.7326
74.7426
74.7526
74.7626
74.7725
74.7825
74.7925
74.8025
74.8124
74.8224
74.8324
74.8424
74.8524
74.8623
74.8723
74.8823
74.8923
74.9022
74.9122
74.9222
74.9322
74.9422
74.9521
74.9621
74.9721
74.9821
74.992
75.002
75.012
75.022
75.032
75.0419
75.0519
75.0619
75.0719
75.0818
75.0918
75.1018
75.1118
75.1218
75.1317
75.1417
75.1517
75.1617
75.1716
75.1816
75.1916
75.2016
75.2116
75.2215
75.2315
75.2415
75.2515
75.2614
75.2714
75.2814
75.2914
75.3014
75.3113
75.3213
75.3313
75.3413
75.3512
75.3612
75.3712
75.3812
75.3912
75.4011
75.4111
75.4211
75.4311
75.441
75.451
75.461
75.471
75.4809
75.4909
75.5009
75.5109
75.5209
75.5308
75.5408
75.5508
75.5608
75.5707
75.5807
75.5907
75.6007
75.6107
75.6206
75.6306
75.6406
75.6506
75.6605
75.6705
75.6805
75.6905
75.7005
75.7104
75.7204
75.7304
75.7404
75.7503
75.7603
75.7703
75.7803
75.7903
75.8002
75.8102
75.8202
75.8302
75.8401
75.8501
75.8601
75.8701
75.8801
75.89
75.9
75.91
75.92
75.9299
75.9399
75.9499
75.9599
75.9699
75.9798
75.9898
75.9998
76.0098
76.0197
76.0297
76.0397
76.0497
76.0597
76.0696
76.0796
76.0896
76.0996
76.1095
76.1195
76.1295
76.1395
76.1495
76.1594
76.1694
76.1794
76.1894
76.1993
76.2093
76.2193
76.2293
76.2393
76.2492
76.2592
76.2692
76.2792
76.2891
76.2991
76.3091
76.3191
76.329
76.339
76.349
76.359
76.369
76.3789
76.3889
76.3989
76.4089
76.4188
76.4288
76.4388
76.4488
76.4588
76.4687
76.4787
76.4887
76.4987
76.5086
76.5186
76.5286
76.5386
76.5486
76.5585
76.5685
76.5785
76.5885
76.5984
76.6084
76.6184
76.6284
76.6384
76.6483
76.6583
76.6683
76.6783
76.6882
76.6982
76.7082
76.7182
76.7282
76.7381
76.7481
76.7581
76.7681
76.778
76.788
76.798
76.808
76.818
76.8279
76.8379
76.8479
76.8579
76.8678
76.8778
76.8878
76.8978
76.9078
76.9177
76.9277
76.9377
76.9477
76.9576
76.9676
76.9776
76.9876
76.9976
77.0075
77.0175
77.0275
77.0375
77.0474
77.0574
77.0674
77.0774
77.0874
77.0973
77.1073
77.1173
77.1273
77.1372
77.1472
77.1572
77.1672
77.1772
77.1871
77.1971
77.2071
77.2171
77.227
77.237
77.247
77.257
77.2669
77.2769
77.2869
77.2969
77.3069
77.3168
77.3268
77.3368
77.3468
77.3567
77.3667
77.3767
77.3867
77.3967
77.4066
77.4166
77.4266
77.4366
77.4465
77.4565
77.4665
77.4765
77.4865
77.4964
77.5064
77.5164
77.5264
77.5363
77.5463
77.5563
77.5663
77.5763
77.5862
77.5962
77.6062
77.6162
77.6261
77.6361
77.6461
77.6561
77.6661
77.676
77.686
77.696
77.706
77.7159
77.7259
77.7359
77.7459
77.7559
77.7658
77.7758
77.7858
77.7958
77.8057
77.8157
77.8257
77.8357
77.8457
77.8556
77.8656
77.8756
77.8856
77.8955
77.9055
77.9155
77.9255
77.9355
77.9454
77.9554
77.9654
77.9754
77.9853
77.9953
78.0053
78.0153
78.0253
78.0352
78.0452
78.0552
78.0652
78.0751
78.0851
78.0951
78.1051
78.115
78.125
78.135
78.145
78.155
78.1649
78.1749
78.1849
78.1949
78.2048
78.2148
78.2248
78.2348
78.2448
78.2547
78.2647
78.2747
78.2847
78.2946
78.3046
78.3146
78.3246
78.3346
78.3445
78.3545
78.3645
78.3745
78.3844
78.3944
78.4044
78.4144
78.4244
78.4343
78.4443
78.4543
78.4643
78.4742
78.4842
78.4942
78.5042
78.5142
78.5241
78.5341
78.5441
78.5541
78.564
78.574
78.584
78.594
78.604
78.6139
78.6239
78.6339
78.6439
78.6538
78.6638
78.6738
78.6838
78.6938
78.7037
78.7137
78.7237
78.7337
78.7436
78.7536
78.7636
78.7736
78.7836
78.7935
78.8035
78.8135
78.8235
78.8334
78.8434
78.8534
78.8634
78.8734
78.8833
78.8933
78.9033
78.9133
78.9232
78.9332
78.9432
78.9532
78.9632
78.9731
78.9831
78.9931
79.0031
79.013
79.023
79.033
79.043
79.0529
79.0629
79.0729
79.0829
79.0929
79.1028
79.1128
79.1228
79.1328
79.1427
79.1527
79.1627
79.1727
79.1827
79.1926
79.2026
79.2126
79.2226
79.2325
79.2425
79.2525
79.2625
79.2725
79.2824
79.2924
79.3024
79.3124
79.3223
79.3323
79.3423
79.3523
79.3623
79.3722
79.3822
79.3922
79.4022
79.4121
79.4221
79.4321
79.4421
79.4521
79.462
79.472
79.482
79.492
79.5019
79.5119
79.5219
79.5319
79.5419
79.5518
79.5618
79.5718
79.5818
79.5917
79.6017
79.6117
79.6217
79.6317
79.6416
79.6516
79.6616
79.6716
79.6815
79.6915
79.7015
79.7115
79.7215
79.7314
79.7414
79.7514
79.7614
79.7713
79.7813
79.7913
79.8013
79.8113
79.8212
79.8312
79.8412
79.8512
79.8611
79.8711
79.8811
79.8911
79.901
79.911
79.921
79.931
79.941
79.9509
79.9609
79.9709
79.9809
79.9908
80.0008
80.0108
80.0208
80.0308
80.0407
80.0507
80.0607
80.0707
80.0806
80.0906
80.1006
80.1106
80.1206
80.1305
80.1405
80.1505
80.1605
80.1704
80.1804
80.1904
80.2004
80.2104
80.2203
80.2303
80.2403
80.2503
80.2602
80.2702
80.2802
80.2902
80.3002
80.3101
80.3201
80.3301
80.3401
80.35
80.36
80.37
80.38
80.39
80.3999
80.4099
80.4199
80.4299
80.4398
80.4498
80.4598
80.4698
80.4798
80.4897
80.4997
80.5097
80.5197
80.5296
80.5396
80.5496
80.5596
80.5696
80.5795
80.5895
80.5995
80.6095
80.6194
80.6294
80.6394
80.6494
80.6594
80.6693
80.6793
80.6893
80.6993
80.7092
80.7192
80.7292
80.7392
80.7492
80.7591
80.7691
80.7791
80.7891
80.799
80.809
80.819
80.829
80.8389
80.8489
80.8589
80.8689
80.8789
80.8888
80.8988
80.9088
80.9188
80.9287
80.9387
80.9487
80.9587
80.9687
80.9786
80.9886
80.9986
81.0086
81.0185
81.0285
81.0385
81.0485
81.0585
81.0684
81.0784
81.0884
81.0984
81.1083
81.1183
81.1283
81.1383
81.1483
81.1582
81.1682
81.1782
81.1882
81.1981
81.2081
81.2181
81.2281
81.2381
81.248
81.258
81.268
81.278
81.2879
81.2979
81.3079
81.3179
81.3279
81.3378
81.3478
81.3578
81.3678
81.3777
81.3877
81.3977
81.4077
81.4177
81.4276
81.4376
81.4476
81.4576
81.4675
81.4775
81.4875
81.4975
81.5075
81.5174
81.5274
81.5374
81.5474
81.5573
81.5673
81.5773
81.5873
81.5973
81.6072
81.6172
81.6272
81.6372
81.6471
81.6571
81.6671
81.6771
81.687
81.697
81.707
81.717
81.727
81.7369
81.7469
81.7569
81.7669
81.7768
81.7868
81.7968
81.8068
81.8168
81.8267
81.8367
81.8467
81.8567
81.8666
81.8766
81.8866
81.8966
81.9066
81.9165
81.9265
81.9365
81.9465
81.9564
81.9664
81.9764
81.9864
81.9964
82.0063
82.0163
82.0263
82.0363
82.0462
82.0562
82.0662
82.0762
82.0862
82.0961
82.1061
82.1161
82.1261
82.136
82.146
82.156
82.166
82.176
82.1859
82.1959
82.2059
82.2159
82.2258
82.2358
82.2458
82.2558
82.2658
82.2757
82.2857
82.2957
82.3057
82.3156
82.3256
82.3356
82.3456
82.3556
82.3655
82.3755
82.3855
82.3955
82.4054
82.4154
82.4254
82.4354
82.4454
82.4553
82.4653
82.4753
82.4853
82.4952
82.5052
82.5152
82.5252
82.5352
82.5451
82.5551
82.5651
82.5751
82.585
82.595
82.605
82.615
82.6249
82.6349
82.6449
82.6549
82.6649
82.6748
82.6848
82.6948
82.7048
82.7147
82.7247
82.7347
82.7447
82.7547
82.7646
82.7746
82.7846
82.7946
82.8045
82.8145
82.8245
82.8345
82.8445
82.8544
82.8644
82.8744
82.8844
82.8943
82.9043
82.9143
82.9243
82.9343
82.9442
82.9542
82.9642
82.9742
82.9841
82.9941
83.0041
83.0141
83.0241
83.034
83.044
83.054
83.064
83.0739
83.0839
83.0939
83.1039
83.1139
83.1238
83.1338
83.1438
83.1538
83.1637
83.1737
83.1837
83.1937
83.2037
83.2136
83.2236
83.2336
83.2436
83.2535
83.2635
83.2735
83.2835
83.2935
83.3034
83.3134
83.3234
83.3334
83.3433
83.3533
83.3633
83.3733
83.3833
83.3932
83.4032
83.4132
83.4232
83.4331
83.4431
83.4531
83.4631
83.473
83.483
83.493
83.503
83.513
83.5229
83.5329
83.5429
83.5529
83.5628
83.5728
83.5828
83.5928
83.6028
83.6127
83.6227
83.6327
83.6427
83.6526
83.6626
83.6726
83.6826
83.6926
83.7025
83.7125
83.7225
83.7325
83.7424
83.7524
83.7624
83.7724
83.7824
83.7923
83.8023
83.8123
83.8223
83.8322
83.8422
83.8522
83.8622
83.8722
83.8821
83.8921
83.9021
83.9121
83.922
83.932
83.942
83.952
83.962
83.9719
83.9819
83.9919
84.0019
84.0118
84.0218
84.0318
84.0418
84.0518
84.0617
84.0717
84.0817
84.0917
84.1016
84.1116
84.1216
84.1316
84.1416
84.1515
84.1615
84.1715
84.1815
84.1914
84.2014
84.2114
84.2214
84.2314
84.2413
84.2513
84.2613
84.2713
84.2812
84.2912
84.3012
84.3112
84.3212
84.3311
84.3411
84.3511
84.3611
84.371
84.381
84.391
84.401
84.4109
84.4209
84.4309
84.4409
84.4509
84.4608
84.4708
84.4808
84.4908
84.5007
84.5107
84.5207
84.5307
84.5407
84.5506
84.5606
84.5706
84.5806
84.5905
84.6005
84.6105
84.6205
84.6305
84.6404
84.6504
84.6604
84.6704
84.6803
84.6903
84.7003
84.7103
84.7203
84.7302
84.7402
84.7502
84.7602
84.7701
84.7801
84.7901
84.8001
84.8101
84.82
84.83
84.84
84.85
84.8599
84.8699
84.8799
84.8899
84.8999
84.9098
84.9198
84.9298
84.9398
84.9497
84.9597
84.9697
84.9797
84.9897
84.9996
85.0096
85.0196
85.0296
85.0395
85.0495
85.0595
85.0695
85.0795
85.0894
85.0994
85.1094
85.1194
85.1293
85.1393
85.1493
85.1593
85.1693
85.1792
85.1892
85.1992
85.2092
85.2191
85.2291
85.2391
85.2491
85.259
85.269
85.279
85.289
85.299
85.3089
85.3189
85.3289
85.3389
85.3488
85.3588
85.3688
85.3788
85.3888
85.3987
85.4087
85.4187
85.4287
85.4386
85.4486
85.4586
85.4686
85.4786
85.4885
85.4985
85.5085
85.5185
85.5284
85.5384
85.5484
85.5584
85.5684
85.5783
85.5883
85.5983
85.6083
85.6182
85.6282
85.6382
85.6482
85.6582
85.6681
85.6781
85.6881
85.6981
85.708
85.718
85.728
85.738
85.748
85.7579
85.7679
85.7779
85.7879
85.7978
85.8078
85.8178
85.8278
85.8378
85.8477
85.8577
85.8677
85.8777
85.8876
85.8976
85.9076
85.9176
85.9276
85.9375
85.9475
85.9575
85.9675
85.9774
85.9874
85.9974
86.0074
86.0174
86.0273
86.0373
86.0473
86.0573
86.0672
86.0772
86.0872
86.0972
86.1072
86.1171
86.1271
86.1371
86.1471
86.157
86.167
86.177
86.187
86.1969
86.2069
86.2169
86.2269
86.2369
86.2468
86.2568
86.2668
86.2768
86.2867
86.2967
86.3067
86.3167
86.3267
86.3366
86.3466
86.3566
86.3666
86.3765
86.3865
86.3965
86.4065
86.4165
86.4264
86.4364
86.4464
86.4564
86.4663
86.4763
86.4863
86.4963
86.5063
86.5162
86.5262
86.5362
86.5462
86.5561
86.5661
86.5761
86.5861
86.5961
86.606
86.616
86.626
86.636
86.6459
86.6559
86.6659
86.6759
86.6859
86.6958
86.7058
86.7158
86.7258
86.7357
86.7457
86.7557
86.7657
86.7757
86.7856
86.7956
86.8056
86.8156
86.8255
86.8355
86.8455
86.8555
86.8655
86.8754
86.8854
86.8954
86.9054
86.9153
86.9253
86.9353
86.9453
86.9553
86.9652
86.9752
86.9852
86.9952
87.0051
87.0151
87.0251
87.0351
87.045
87.055
87.065
87.075
87.085
87.0949
87.1049
87.1149
87.1249
87.1348
87.1448
87.1548
87.1648
87.1748
87.1847
87.1947
87.2047
87.2147
87.2246
87.2346
87.2446
87.2546
87.2646
87.2745
87.2845
87.2945
87.3045
87.3144
87.3244
87.3344
87.3444
87.3544
87.3643
87.3743
87.3843
87.3943
87.4042
87.4142
87.4242
87.4342
87.4442
87.4541
87.4641
87.4741
87.4841
87.494
87.504
87.514
87.524
87.534
87.5439
87.5539
87.5639
87.5739
87.5838
87.5938
87.6038
87.6138
87.6238
87.6337
87.6437
87.6537
87.6637
87.6736
87.6836
87.6936
87.7036
87.7136
87.7235
87.7335
87.7435
87.7535
87.7634
87.7734
87.7834
87.7934
87.8034
87.8133
87.8233
87.8333
87.8433
87.8532
87.8632
87.8732
87.8832
87.8932
87.9031
87.9131
87.9231
87.9331
87.943
87.953
87.963
87.973
87.9829
87.9929
88.0029
88.0129
88.0229
88.0328
88.0428
88.0528
88.0628
88.0727
88.0827
88.0927
88.1027
88.1127
88.1226
88.1326
88.1426
88.1526
88.1625
88.1725
88.1825
88.1925
88.2025
88.2124
88.2224
88.2324
88.2424
88.2523
88.2623
88.2723
88.2823
88.2923
88.3022
88.3122
88.3222
88.3322
88.3421
88.3521
88.3621
88.3721
88.3821
88.392
88.402
88.412
88.422
88.4319
88.4419
88.4519
88.4619
88.4719
88.4818
88.4918
88.5018
88.5118
88.5217
88.5317
88.5417
88.5517
88.5617
88.5716
88.5816
88.5916
88.6016
88.6115
88.6215
88.6315
88.6415
88.6515
88.6614
88.6714
88.6814
88.6914
88.7013
88.7113
88.7213
88.7313
88.7413
88.7512
88.7612
88.7712
88.7812
88.7911
88.8011
88.8111
88.8211
88.831
88.841
88.851
88.861
88.871
88.8809
88.8909
88.9009
88.9109
88.9208
88.9308
88.9408
88.9508
88.9608
88.9707
88.9807
88.9907
89.0007
89.0106
89.0206
89.0306
89.0406
89.0506
89.0605
89.0705
89.0805
89.0905
89.1004
89.1104
89.1204
89.1304
89.1404
89.1503
89.1603
89.1703
89.1803
89.1902
89.2002
89.2102
89.2202
89.2302
89.2401
89.2501
89.2601
89.2701
89.28
89.29
89.3
89.31
89.32
89.3299
89.3399
89.3499
89.3599
89.3698
89.3798
89.3898
89.3998
89.4098
89.4197
89.4297
89.4397
89.4497
89.4596
89.4696
89.4796
89.4896
89.4996
89.5095
89.5195
89.5295
89.5395
89.5494
89.5594
89.5694
89.5794
89.5894
89.5993
89.6093
89.6193
89.6293
89.6392
89.6492
89.6592
89.6692
89.6792
89.6891
89.6991
89.7091
89.7191
89.729
89.739
89.749
89.759
89.7689
89.7789
89.7889
89.7989
89.8089
89.8188
89.8288
89.8388
89.8488
89.8587
89.8687
89.8787
89.8887
89.8987
89.9086
89.9186
89.9286
89.9386
89.9485
89.9585
89.9685
89.9785
89.9885
89.9984
90.0084
90.0184
90.0284
90.0383
90.0483
90.0583
90.0683
90.0783
90.0882
90.0982
90.1082
90.1182
90.1281
90.1381
90.1481
90.1581
90.1681
90.178
90.188
90.198
90.208
90.2179
90.2279
90.2379
90.2479
90.2579
90.2678
90.2778
90.2878
90.2978
90.3077
90.3177
90.3277
90.3377
90.3477
90.3576
90.3676
90.3776
90.3876
90.3975
90.4075
90.4175
90.4275
90.4375
90.4474
90.4574
90.4674
90.4774
90.4873
90.4973
90.5073
90.5173
90.5273
90.5372
90.5472
90.5572
90.5672
90.5771
90.5871
90.5971
90.6071
90.617
90.627
90.637
90.647
90.657
90.6669
90.6769
90.6869
90.6969
90.7068
90.7168
90.7268
90.7368
90.7468
90.7567
90.7667
90.7767
90.7867
90.7966
90.8066
90.8166
90.8266
90.8366
90.8465
90.8565
90.8665
90.8765
90.8864
90.8964
90.9064
90.9164
90.9264
90.9363
90.9463
90.9563
90.9663
90.9762
90.9862
90.9962
91.0062
91.0162
91.0261
91.0361
91.0461
91.0561
91.066
91.076
91.086
91.096
91.106
91.1159
91.1259
91.1359
91.1459
91.1558
91.1658
91.1758
91.1858
91.1958
91.2057
91.2157
91.2257
91.2357
91.2456
91.2556
91.2656
91.2756
91.2856
91.2955
91.3055
91.3155
91.3255
91.3354
91.3454
91.3554
91.3654
91.3754
91.3853
91.3953
91.4053
91.4153
91.4252
91.4352
91.4452
91.4552
91.4652
91.4751
91.4851
91.4951
91.5051
91.515
91.525
91.535
91.545
91.5549
91.5649
91.5749
91.5849
91.5949
91.6048
91.6148
91.6248
91.6348
91.6447
91.6547
91.6647
91.6747
91.6847
91.6946
91.7046
91.7146
91.7246
91.7345
91.7445
91.7545
91.7645
91.7745
91.7844
91.7944
91.8044
91.8144
91.8243
91.8343
91.8443
91.8543
91.8643
91.8742
91.8842
91.8942
91.9042
91.9141
91.9241
91.9341
91.9441
91.9541
91.964
91.974
91.984
91.994
92.0039
92.0139
92.0239
92.0339
92.0439
92.0538
92.0638
92.0738
92.0838
92.0937
92.1037
92.1137
92.1237
92.1337
92.1436
92.1536
92.1636
92.1736
92.1835
92.1935
92.2035
92.2135
92.2235
92.2334
92.2434
92.2534
92.2634
92.2733
92.2833
92.2933
92.3033
92.3133
92.3232
92.3332
92.3432
92.3532
92.3631
92.3731
92.3831
92.3931
92.403
92.413
92.423
92.433
92.443
92.4529
92.4629
92.4729
92.4829
92.4928
92.5028
92.5128
92.5228
92.5328
92.5427
92.5527
92.5627
92.5727
92.5826
92.5926
92.6026
92.6126
92.6226
92.6325
92.6425
92.6525
92.6625
92.6724
92.6824
92.6924
92.7024
92.7124
92.7223
92.7323
92.7423
92.7523
92.7622
92.7722
92.7822
92.7922
92.8022
92.8121
92.8221
92.8321
92.8421
92.852
92.862
92.872
92.882
92.892
92.9019
92.9119
92.9219
92.9319
92.9418
92.9518
92.9618
92.9718
92.9818
92.9917
93.0017
93.0117
93.0217
93.0316
93.0416
93.0516
93.0616
93.0716
93.0815
93.0915
93.1015
93.1115
93.1214
93.1314
93.1414
93.1514
93.1614
93.1713
93.1813
93.1913
93.2013
93.2112
93.2212
93.2312
93.2412
93.2512
93.2611
93.2711
93.2811
93.2911
93.301
93.311
93.321
93.331
93.3409
93.3509
93.3609
93.3709
93.3809
93.3908
93.4008
93.4108
93.4208
93.4307
93.4407
93.4507
93.4607
93.4707
93.4806
93.4906
93.5006
93.5106
93.5205
93.5305
93.5405
93.5505
93.5605
93.5704
93.5804
93.5904
93.6004
93.6103
93.6203
93.6303
93.6403
93.6503
93.6602
93.6702
93.6802
93.6902
93.7001
93.7101
93.7201
93.7301
93.7401
93.75
93.76
93.77
93.78
93.7899
93.7999
93.8099
93.8199
93.8299
93.8398
93.8498
93.8598
93.8698
93.8797
93.8897
93.8997
93.9097
93.9197
93.9296
93.9396
93.9496
93.9596
93.9695
93.9795
93.9895
93.9995
94.0095
94.0194
94.0294
94.0394
94.0494
94.0593
94.0693
94.0793
94.0893
94.0993
94.1092
94.1192
94.1292
94.1392
94.1491
94.1591
94.1691
94.1791
94.189
94.199
94.209
94.219
94.229
94.2389
94.2489
94.2589
94.2689
94.2788
94.2888
94.2988
94.3088
94.3188
94.3287
94.3387
94.3487
94.3587
94.3686
94.3786
94.3886
94.3986
94.4086
94.4185
94.4285
94.4385
94.4485
94.4584
94.4684
94.4784
94.4884
94.4984
94.5083
94.5183
94.5283
94.5383
94.5482
94.5582
94.5682
94.5782
94.5882
94.5981
94.6081
94.6181
94.6281
94.638
94.648
94.658
94.668
94.678
94.6879
94.6979
94.7079
94.7179
94.7278
94.7378
94.7478
94.7578
94.7678
94.7777
94.7877
94.7977
94.8077
94.8176
94.8276
94.8376
94.8476
94.8576
94.8675
94.8775
94.8875
94.8975
94.9074
94.9174
94.9274
94.9374
94.9474
94.9573
94.9673
94.9773
94.9873
94.9972
95.0072
95.0172
95.0272
95.0372
95.0471
95.0571
95.0671
95.0771
95.087
95.097
95.107
95.117
95.1269
95.1369
95.1469
95.1569
95.1669
95.1768
95.1868
95.1968
95.2068
95.2167
95.2267
95.2367
95.2467
95.2567
95.2666
95.2766
95.2866
95.2966
95.3065
95.3165
95.3265
95.3365
95.3465
95.3564
95.3664
95.3764
95.3864
95.3963
95.4063
95.4163
95.4263
95.4363
95.4462
95.4562
95.4662
95.4762
95.4861
95.4961
95.5061
95.5161
95.5261
95.536
95.546
95.556
95.566
95.5759
95.5859
95.5959
95.6059
95.6159
95.6258
95.6358
95.6458
95.6558
95.6657
95.6757
95.6857
95.6957
95.7057
95.7156
95.7256
95.7356
95.7456
95.7555
95.7655
95.7755
95.7855
95.7955
95.8054
95.8154
95.8254
95.8354
95.8453
95.8553
95.8653
95.8753
95.8853
95.8952
95.9052
95.9152
95.9252
95.9351
95.9451
95.9551
95.9651
95.975
95.985
95.995
96.005
96.015
96.0249
96.0349
96.0449
96.0549
96.0648
96.0748
96.0848
96.0948
96.1048
96.1147
96.1247
96.1347
96.1447
96.1546
96.1646
96.1746
96.1846
96.1946
96.2045
96.2145
96.2245
96.2345
96.2444
96.2544
96.2644
96.2744
96.2844
96.2943
96.3043
96.3143
96.3243
96.3342
96.3442
96.3542
96.3642
96.3742
96.3841
96.3941
96.4041
96.4141
96.424
96.434
96.444
96.454
96.464
96.4739
96.4839
96.4939
96.5039
96.5138
96.5238
96.5338
96.5438
96.5538
96.5637
96.5737
96.5837
96.5937
96.6036
96.6136
96.6236
96.6336
96.6436
96.6535
96.6635
96.6735
96.6835
96.6934
96.7034
96.7134
96.7234
96.7334
96.7433
96.7533
96.7633
96.7733
96.7832
96.7932
96.8032
96.8132
96.8232
96.8331
96.8431
96.8531
96.8631
96.873
96.883
96.893
96.903
96.9129
96.9229
96.9329
96.9429
96.9529
96.9628
96.9728
96.9828
96.9928
97.0027
97.0127
97.0227
97.0327
97.0427
97.0526
97.0626
97.0726
97.0826
97.0925
97.1025
97.1125
97.1225
97.1325
97.1424
97.1524
97.1624
97.1724
97.1823
97.1923
97.2023
97.2123
97.2223
97.2322
97.2422
97.2522
97.2622
97.2721
97.2821
97.2921
97.3021
97.3121
97.322
97.332
97.342
97.352
97.3619
97.3719
97.3819
97.3919
97.4019
97.4118
97.4218
97.4318
97.4418
97.4517
97.4617
97.4717
97.4817
97.4917
97.5016
97.5116
97.5216
97.5316
97.5415
97.5515
97.5615
97.5715
97.5815
97.5914
97.6014
97.6114
97.6214
97.6313
97.6413
97.6513
97.6613
97.6713
97.6812
97.6912
97.7012
97.7112
97.7211
97.7311
97.7411
97.7511
97.761
97.771
97.781
97.791
97.801
97.8109
97.8209
97.8309
97.8409
97.8508
97.8608
97.8708
97.8808
97.8908
97.9007
97.9107
97.9207
97.9307
97.9406
97.9506
97.9606
97.9706
97.9806
97.9905
98.0005
98.0105
98.0205
98.0304
98.0404
98.0504
98.0604
98.0704
98.0803
98.0903
98.1003
98.1103
98.1202
98.1302
98.1402
98.1502
98.1602
98.1701
98.1801
98.1901
98.2001
98.21
98.22
98.23
98.24
98.25
98.2599
98.2699
98.2799
98.2899
98.2998
98.3098
98.3198
98.3298
98.3398
98.3497
98.3597
98.3697
98.3797
98.3896
98.3996
98.4096
98.4196
98.4296
98.4395
98.4495
98.4595
98.4695
98.4794
98.4894
98.4994
98.5094
98.5194
98.5293
98.5393
98.5493
98.5593
98.5692
98.5792
98.5892
98.5992
98.6092
98.6191
98.6291
98.6391
98.6491
98.659
98.669
98.679
98.689
98.6989
98.7089
98.7189
98.7289
98.7389
98.7488
98.7588
98.7688
98.7788
98.7887
98.7987
98.8087
98.8187
98.8287
98.8386
98.8486
98.8586
98.8686
98.8785
98.8885
98.8985
98.9085
98.9185
98.9284
98.9384
98.9484
98.9584
98.9683
98.9783
98.9883
98.9983
99.0083
99.0182
99.0282
99.0382
99.0482
99.0581
99.0681
99.0781
99.0881
99.0981
99.108
99.118
99.128
99.138
99.1479
99.1579
99.1679
99.1779
99.1879
99.1978
99.2078
99.2178
99.2278
99.2377
99.2477
99.2577
99.2677
99.2777
99.2876
99.2976
99.3076
99.3176
99.3275
99.3375
99.3475
99.3575
99.3675
99.3774
99.3874
99.3974
99.4074
99.4173
99.4273
99.4373
99.4473
99.4573
99.4672
99.4772
99.4872
99.4972
99.5071
99.5171
99.5271
99.5371
99.547
99.557
99.567
99.577
99.587
99.5969
99.6069
99.6169
99.6269
99.6368
99.6468
99.6568
99.6668
99.6768
99.6867
99.6967
99.7067
99.7167
99.7266
99.7366
99.7466
99.7566
99.7666
99.7765
